315
308
351
345
368
350
322
44267184
345
335
369
303
302
370
882
365
365
360
310
366
365
356
469
327
322
327
330
355
335
342
385
357
343
401
1248
385
308
342
376
37733
492
449
319
324
324
349
336
64470
431
432
286
327
353
378
317
372
378
650
440
315
325
310
350
329
350
344
346
338
365
396
323
341
354
327
312
436
493
313
13376
329
393
316
7107
5135
369
364
363
339
368
333
7
333
330
309
338
342
319
312
357
330
366
373
335
339
339
317
343
314
325
309
342
363
339
327
364
386
378
433
367
377
356
327
383
480
354
330
311
314
326
332
376
393
370
350
334
356
396
374
356
318
380
293
362
373
332
389
486
336
358
366
352
491
315
432
284
327
432
469
351
432
301
379
329
432
384
375
329
344
369
335
378
364
816
321
375
355
368
335
373
307
330
325
317
380
333
345
355
554
308
306
337
359
359
358
393
305
323
368
422
356
472
382
369
325
330
350
336
347
378
358
331
334
316
370
362
372
327
325
330
382
354
367
327
330
333
313
342
333
335
350
346
358
361
294
308
333
353
297
327
302
366
376
375
311
370
9229
300
329
450
1321
372
384
471
556
383
369
333
328
334
369
351
343
344
498
316
362
365
339
417
331
3154
8444
4539
144911
122364
146329
5343
144438
354
359
432
432
376
377
376
484
463
19423
18408
474
309
324
348
345
320
333
350
358
335
337
3672
359
333
306
320
300
182431
381
325105
322027
311
10404929
371
432
505
449
344
336
363
311
325
336
377
347
389
485
352
511
386
335
323
330
481
310
368
353
358
321
716
340
326
319
327
332
333
345
52595
343
341
359
347
319
320
25675
25719
24622
23672
360
542
305
335
390
316
325
295
432
335
356
338
354
342
356
375
432
432
330
3318
326
368
361
349
374
364
3147
2815
378
377
312
322
312
395
360
338
323
4652
466
348
353
346
371
319
376
346
347
358
363
330
309
341
366
365
304
379
385
323
349
329
338
311
325
327
313
315
442
313
361
333
377
479
432
319
334
432
314
345
350
336
356
330
344
351
360
368
300
335
363
320
376
323
362
344
330
335
335
337
362
674659
432
1011233
1103368
372
476
432
321
473
432
432
335
374
307
417
346
338
335
452
331
331
330
315
464
313
352
378
345
363
375
359
328
330
331
335
441
334
355
378
327
38953
309
381
356
324
353
324
25620076
414
352
345
351
432
432
338
360
432
368
10549
327
432
432
323
322
466
589
309
318
359
350
328
333
307
357
319
364
458
1184
282
342
435
364
316
374
345
361
333
376
310
432
432
432
300
307
369
432
431
377
366
327
432
432
315
322
369
308
324
333
377
340
353
330
293776
362
327
319
343
292
361
314
323
350
337
318
376
337
330
337
349
315
428
340
353
374
376
332
508
355
478
338
327
304
333
526
319
368
144
351
335
324
360
342
321
298
313
331
518
340
336
344
325
335
468
324
364
355
341
324
352
360
368
339
322
432
341
432
448
307
326
455
307
362
328
295
329
316
307
340
354
253687
219746
218873
198966
198373
386
339
352
452
352
418
479
340
347
362
377
456
675
337
364
333
450
364
6284
362
304
370
325
292
326
355
320
334
426
308
362
322
349
364
368
349
360
364
312
298
353
332
359
377
444
3754
437
421
352
346
432
432
459
373
332
353
463
453
441
496
441
479
432
430
1086
1043
332
116962776
175444960
455
331
468
432
319
888
364
346
315
469
474
370
309
2479
384
413
346
391
323
2822
417
356
309
14682
457
507
13
432
299
903
341
440
460
445
474
476
627
298
299
321
526
487
449
412
296
432
425
469
479
363
489
447
371
345
358
344
321
345
477
1187
498
335
501
6206
472
510
311
324
450
521
1645
432
6760
421
341
319
489
335
432
3722
476
755
432
328
432
432
2723
300
326
334
451
318
515
292
352
626
1294
362
1634
370
346
318
325
153
53
358
323
413
528
2909
52231
472
461
308
6446
53827092
317
312
331
77043
481
522
432
361
478
432
429
447
367
490
365
339
340
432
342
481
357
322
312
304
339
387
307
4293
307
12912
2572
337
331
370
355
324
331
432
2496
454
512
6112
359
381
474
468
357
3367
296
431
307
432
432
325
27450344
27451174
365
432
432
340
321
365
302
345
298
330
299
310
330
310
309
334
300
297
327
291
329
415
334
321
328
319
296
316
323
336
302
309
311
311
312
307
328
342
293
341
317
297
342
362
317
301
325
318
313
329
314
200599
307
332
304
312
293
290
330
332
311
296
307
313
317
326
299
314
305
360
307
315
345
313
319
1360917
308
333
327
316
310
302
357
314
290
301
348
324
316
311
326
316
368
320
321
306
312
297
314
304
345
305
318
328
351
301
313
322
301
345
290
355
374
315
350
338
301
344
313
338
297
309
1321062
316
302
324
312
303
289
318
299
301
321
353
320
341
308
314
349
318
316
308
346
327
307
292
289
327
294
323
346
317
321
289
1247963
334
302
336
309
304
296
298
345
302
305
323
298
307
311
298
314
336
309
309
337
344
295
291
324
322
307
319
316
326
292
322
305
319
313
293
303
316
316
327
285
300
347
323
308
327
316
291
286
300
294
286
305
756312
314
319
315
353
307
326
312
326
293
309
359
342
311
323
361
334
346
348
307
333
328
317
310
308
327
315
314
308
321
305
337
308
293
316
356
295
288
401
302
309
307
301
311
310
321
316
334
300
292
319
368
432
308
330
322
335
329
432
297
310
306
315
352
327
308
323
314
328
305
341
293
313
296
393
327
301
295
292
321
290
330
292
326
311
298
306
311
297
311
324
308
302
303
296
291
311
309
304
292
300
309
295
310
296
324
292
320
287
303
284
326
312
294
309
320
310
313
297
319
300
324
320
374
394
324
320
322
293
323
306
318
302
301
305
324
325
313
311
292
313
312
305
293
299
305
313
346
308
315
311
329
334
316
334
308
321
303
296
294
305
302
309
1113054
308
311
314
325
309
314
283
329
334
308
334
306
302
297
349
376
293
340
323
312
326
308
295
340
301
335
309
311
326
294
322
296
308
321
328
330
373
359
301
297
308
335
377
338
313
319
315
329
328
310
300
297
316
311
302
323
322
330
317
298
354
323
300
338
351
304
299
313
330
313
309
291
316
341
330
325
335
347
312
334
306
306
310
309
306
299
295
321
308
310
308
294
307
314
319
301
308
308
308
316
311
304
320
314
299
328
344
360
322
324
303
306
299
397
336
332
320
342
302
338
313
312
317
300
305
313
319
297
307
314
332
307
318
300
305
297
336
298
308
315
295
339
330
309
309
300
303
310
289
301
285
298
297
293
308
306
336
337
296
309
358
316
298
329
328
323
308
313
318
312
330
320
314
314
315
322
324
290
306
357
327
315
321
332
306
289
315
311
314
308
325
301
307
304
318
311
318
322
294
304
344
315
298
300
294
298
327
304
325
327
312
324
294
310
312
292
346
311
316
341
295
321
316
354
310
304
329
295
306
294
303
319
305
303
338
302
327
315
319
317
297
299
354
320
319
325
308
333
304
301
334
318
358
316
345
319
326
306
308
307
290
299
307
335
299
301
323
292
332
341
316
309
317
320
318
311
308
322
312
330
299
303
412
314
308
303
287
318
292
347
313
299
297
330
306
315
323
305
324
316
330
302
322
293
329
298
287
308
300
308
330
288
318
300
330
318
291
312
343
310
287
323
326
298
298
336
360
329
294
286
336
298
307
325
292
323
316
307
320
331
302
322
288
285
295
320
337
322
304
328
301
297
300
302
305
313
339
320
292
331
319
323
323
359
359
303
304
317
301
326
314
373
326
335
295
314
294
292
316
332
321
294
332
350
325
309
354
349
305
322
308
323
315
332
304
348
304
371
293
342
313
320
383
343
324
377
367
341
4192
5170
340
302
305
521
294
357
378
346
321
340
323
432
370
379
380
363
315
432
432
332
326
214
1319
346
319
1300
348
333
326
370
307
341
311
323
309
299
294
323
344
367
343
328
379
321
353
367
354
344
37209
64707
349
313
348
298
309
344
388
331
341
340
283
339
345
359
331
332
378
316
309
348
367
337
320
300
335
348
327
332
358
331
323
320
311
319
338
358
351
335
294
320
376
68
347
348
346
348
335
333
378
324
432
432
432
355
333
1840488
363
368
382
2254373
322
330
317
336
359
324
345
316
306
22713
378
343
303
307
295
334
309
313
367
353
359
356
355
326
473
343
334
328
357
331
320
345
334
302
340
340
324
335
313
322
338
313
354
3965
312
341
294
353
318
10008
10776
22964
22023
621
297
581
360
346
366
377
382
369
318
329
337
342
340
306
317
302
348
309
376
364
315
341
355
287
388
231
354
342
347
361
350
311
4748
317
288
345
338
351
339
329
353
348
305
335
380
362
362
315
351
303
2259
361
320
373
426
117
118
441
5567
65693
1006
457
64572020
385
374
329
373
451
460
329
316
337
312
326
332
340
81660
80824
80486
132672
131754
364
438
426
432
432
432
333
480
471
438
338
384
386
432
432
330
329
1190
432
14087766
347
546
432
480
326
303
328
360
349
312
432
366
1067
502
431
400
317
571
295
365
542
318
329
350
338
337
824
465
507
551
469
309
533299
345
326
557
359
329
448
296
331
337
479
313
331
391
6097
525
1948
483
431
443
365
474
694
334
347
434
6451
781
434
454
432
42003
835
3169
190
422
450
391
458
287
2781
677
334
353
455
523
514
1712
409
456
3794
1536
368
432
291
366
357
316
308
343
322
323
331
316
317
328
303
305
290
364
336
373
346
414
312
334
362
328
335
2625
454
305
354
325
319
495
462
338
357
316
316
359
369
370
342
344
377
323
358
314
2294
1706
356
303
373
312
382
386
435
539
790
521
385
4991
6012
322
440
338
458
448
111
760
308
373
3784
7061
2735
422
772
333
334
311
7933
480
356
2400
357
432
339
10427
336
305
357
1729
1475
345
321
382
328
320
316
370
452
432
432
432
353
471
345
351
327
476
304
427
6096
849
352
453
471
437
489
469
432
343
351
342
375
413
327
464
437
299
6435
384
378
433
375
432
432
351
432
341
384
510
416
473
331
301
342
322
353
363
356
334
114180
115051
498
476
458
432
323
361
301
336
329
314
367
344
348
337
477
323
412
324
313
551
331
333
324
373
479
459
327
436
335
451
369
375
372
371
381
351
378
364
368
374
475
487
371
367
319
310
299
307
369
366
376
333
327
350
363
341
352
360
332
506
434
3059270
2277
2415004
310
432
373
338
458
360
7442405
476
349
470
2124
449
332
303
467
469
389
1392
519
432
339
379
378
429
323
358
330
333
1338
323
320
384
470
317
2246
327
460
482
432
404
356
312
124
329
381
333
296
335
298
1794
463
559
292
334
468
487
324
304
387
383
329
331
432
432
431
432
432
432
432
349
325
358
371
435
1044
432
388
327
314
341
328
413
345
349
316
315
338
365
432
432
478
427
496
320
322
403
306
357
2052
373
345
335
310
377
481
338
384
473
326
314
427
311
330
323
377
49370
49794
42154
368
300
326
344
414
486
432
319
334
326
6112
6163
484
607
323
419
1487
380
212410
211316
199879
468
327
371
311
338
353
306
388
349
326
379
342
363
419
309
365
2495
344
314
393
450
367
335
294
314
369
342
346
315
431
4175
337
363
283
358
339
425
310
388
381
352
360
363
934
352
317
317
371
350
304
345
357
493
304
374
499
321
367
370
312
378
349
698
5742
366
937
2782
366
784
319
335
372
414
330
305
330
379
312
1321543
1322505
359
316
316
375
348
320
375
303
301
375
316
328
344
347
305
325
317
371
367
325
347
524
305
376
473
362
333
432
325
345
308
381
390
330
310
371
377
349
322
303
348
437
362
350
329
316
672
445
368
379
6082
354
364
451
503
380
385
418
443
1732
371
340
484
323
370
326
445
458
313
354
365
432
329
373
398
449
329
350
580
370
1465
382
375
345
477
330
325
322
313
840
437
351
362
329
468
332
366
422
374
337
311
432
432
432
483
312
477
2366
715
151
491
5452
351
524
460
3021
374
332
334
412
345
335
339
463
422
481
443
353
332
393
341
367
320
298
355
314
352
374
294
478
509
293
411
328
356
327
432
367
324
367
351
317
306
373
353
305
341
381
434
370
443
471
432
432
412
321
300
327
284
472
344
337
348
334
358
369
351
315
420
461
340
324
730
432
506
355
344
371
360
364
365
372
355
351
357
433
482
309
356
323
329
314
358
328
352
3943
2268
344
418
350
309
2866
487
440
432
337
2119
350
469
448
444
21133
458
324
365
355
452
324
342
361
473
329
366
495
361
471
448
355
352
432
337
501
119
426
432
432
5344
2763
432
333
339
348
1070
304
371
374
325
342
361
324
359
326
331
328
334
333
359
320
359
438
413
231
279
460
365
380
362
387
364
350
325
316
353
3043
373
6778
652
412
506
441
380
1661
2289
426
535
330
372
464
303
330
2027
333
358
298
361
465
3605
603
465
432
7784
719
327
359
331
348
316
332
297
320
297
332
345
336
297
321
321
341
353
326
370
347
337
377
306
3355
367
450
327
342
342
379
609
363
325
472
465
377
341
307
436
504
383
313
454
324
312
432
432
433
327
556
321
324
329
307
108154360
324
320
341
326
5353
345
370
370
321
432
432
460
433
353
333
342
432
355
326
384
460
330
379
444
316
319
332
329
2422
514
1923
15601
514
453
131561
130954
295
306
480
450
431
286
441
511
315
325
352
346
314
498
452
311
467
26745
26089
352
361
354
321
448
359
345
372
361
388
330
1039401
332
24275080
24252922
24235758
367
329
317
369
297
305
356
758
306
344
336
3667
327
366
370
369
365
314
371
299
368
366
23667970
310
432
321
374
3077
7164954
7163421
8390321
7153664
7153231
317
383
354
5699
345
365
355
351
4835
361
722
384
339
2500
330
348
3745
335
334
338
345
119
368
338
345
33
350
688
364
338
373
381
316
376
551
346
335
327
304
359
369
374
374
365
1153930
369
1151726
360
338
354
346
328
376
338
352
11655
12726
327
12087
6017
372
311
319
4704
6518
301
351
332
334
339
348
321
349
361
909
4324
373
377
324
334
370
373
344
339
324
288
330
363
342
292
296
328
332
377
344
362
432
432
388
397
362
336
371
329
382
375
306
744644
322
291
337
343
317
319
297
329
330
288
337
291
304
49569
317
301
297
297
322
332
458753
305
330
302
363
313
288
298
291
786166
297
348
311
309475
325
363
300
299
371
330
321
310
300
312
321
286
332
312
288
303
333
312
294
331
323
326
347
327
291
312
331
359
321
322
309
28431
365
315
350
319
346
329
375
341
331
16678
330
432
313
321
338
347
338
334
326
331
314
353
364
134
297
322
315
310
1915
1161898
322
321
297
302
360
367
398
322
367
305
456365
455717
1834
350762
3846
1940
355
367
371
358
332
454
315
466
336
362
384
292
478
474
326
1057
350
317
439
442
338
308
345
331
329
318
306
322
438
879
459
3826478
343
286
310
342
640
12
411
362
380
423
393
388
352
345
410
557
441
358
2289
397
310
432
432
128
432
341
432
474
458
333
494
312
6110
311
553
1276
359
390
345
332
317
312
340
341
337
368
636
381
329
365
360
337
314
461
443
518
474
424
910
204
1015
8632
975
424
432
432
2573
330
368
344
370
349
336
310
328
328
430
333
792
372
290
484
356
457
368
374
359
312
358
342
18049
432
432
303
409
322
378
348
1215035
314
998
325
1303517
1302810
1300591
2501
1269272
1269731
1092937
1092338
336
1681
336
321
10
431
357
432
342
21300
21343
432
327
331
308
339
353
357
304
298
319
432
341
349
353
432
373
432
432
332
372
432
492
484
482
339
371
331
3459
327
352
356
312
335
307
301
348
593
307
432
476
323
367
339
504
436
334
518
363
477
347
453
317
444
297
337
341
391
446
372
475
493
3449
472
322
477
335
289
509
354
461
450
375
437
922
310
327
2556
314
304
447
534
445
373
422
436
529
432
432
492
439
464
310
467
432
369
300
549
301
369
337
356
329
2454
371
308
470
418
347
341
329
323
338
348
378
315
352
369
432
358
309
3252
6073
465
340
329
342
448
350
340
6083
87603
6422
522
432
288
1777
443
9208
3889
5115
6775
8311
6654
477
180
568
725
441
454
460
454
320
356
332
468
424
321
345
367
312
1302
364
473
372
321
329
493
374
338
309
484
464
454
456
334
336
491
418
433
504
421
432
9324
521
432
432
413
1340
708
488
453
516
368
482
512
325
298
500
577
344
329
424
12137589
331
304
2959
432
2811
508
312
449
373
321
17527
313
334
320
338
318
354
363
375
331
353
321
340
333
432
482
354
332
322
326
355
336
8184
314
337
469
354
362
347
493
359
301
522
432
337
336
438
472
446
432
432
316
329
489
418
427
466
366
329
473
474
2099
575
241
2545
3037
483
326
418
327
324
291
365
340
315
387
360
330
480
496
439
365
555
398
368
491
327
526
437
2544
479
380
106
935
527
377
579
375
359
364
386
472
376
417
508
81
462
17645
334
456
748
413
332
381
343
500
367
432
432
351
477
323
362
432
331
333
338
323
348
306
318
341
332
374
338
321
334
364
334
319
351
303
113405
112639
110757
343
360
351
437
313
314
376
335
358
318
330
374
1942
498
328
389
330
358
333
342
353
442
369
432
375
357
365
345
603
432
304
366
337
360
303
521
373
375
317
347
340
323
377
371
344
326
377
398
323
295
443
363
335
630
361
342
350
381
346
368
323
320
336
386
382
504
349
348
379
347
619
376
378
359
467
523
479
343
583
364
345
380
1050
449
489
66
362
286
385
317
314
345
468
367
264
379
368
374
5324
5874
3173
367
369
368
386
380
379
330
358
299
354
363
356
374
348
375
1264
381
327
308
389
349
342
319
339
346
3278
7833
391
319
360
333
309
305
359
366
360
386
347
446
337
329
387
326
329
338
333
316
340
330
349
311
363
346
230408
346
488
331
355
432
432
294
902
298
6933
466
620
454
432
432
529
2674
413
335
469
299
318
334
475
370
322
473
331
3190
8270
4428
457
491
1200
328
192
920
394
383
314
335
375
349
451
317
337
303
52765
53685
352
315
309
346
441
61257404
371
431
343
322
369
338
970
480
957511
956637
372
332
432
339
324
337
321
1114
317
292
326
432
432
373
335
1826
339
359
525
443
459
381
329
585
345
305
6375
432
432
432
368
381
460
437
453
463
323
348
388
301
482
339
1396
432
456
6028
478
523
309
372
432
334
478
321
327
503
5121
324
335
363
5860
532
468
461
306
367
374
1376
310
383
391
487
357
351
479
468
621
424
153641024
364
335
2225822
2225300
366
324
408
356
326
1546
344
364
413
352
323
475
365
1644
344
326
426
331
370
359
315
319
432
432
315
334
2474
486
378
308
354
797
336
313
377
496
439
293
474
299
374
306
336
324
432
432
369
2801
361
322
321
343
317
352
325
315
359
317
338
343
346
336
389
328
350
362
321
356
338
959
365
339
343
371
362
440
340
350
333
323
302
314
345
347
308
352
358
311
471
336
336
337
541
338
312
342
361
313
324
324
340
341
353
341
327
352
332
315
370
337
369
372
331
340
348
362
335
355
353
381
349
297
465
504
306
360
380
333
363
438
371
823456
360
364
361
432
469
318
461
348
342
302
336
337
307
343
352
347
355
380
470
2575
360
326
357
351
373
395
432
464
364
290
482
322
458
358
5654
5025
322
449
374
466
3115
374
489
413
400
327
470
305
459
314
351
342
439
347
342
357
523
432
50451572
650
778
432
432
333
328
336
1237
343
106
347
341
346
298
377
432
432
432
432
432
432
432
432
432
368
348
344
328
364
374
356
310
294
323
374
351
286
307
432
334
335
163
432
309
499
432
603
421
195
496
4050
432
545
2246
432
432
314
302
398
455
335
344
1501
332
355
116
321
342
312
375
361
343
326
337
305
342
1487
321
360
379
334
258
98586
333
336
352
118387
320
325
347
297
327
288
339
347
326
316
333
321
324
327
340
340
2202
1327
295
322
340
318
362
219253
141839
53485
117228
62735
300
333
432
432
432
432
320
3293
315
317
305
301
374
160
298
359
386
382
366
346
329
418
359
454
486
435
2215
4997
2046
411
361
427
515
376
436
447
41806
57140
57062
56768
38491
39328
448
4135
336
3364
316
437
883
2302
472
475
315
298
354
521
432
432
480
430
851
365
312
329
439
345
308
344
330
1668
314
526
314
4861
432
320
480
593
453
489
436
492
436
432
11283
474
489
476
413
351
487
372
334
368
532
311
361
346
347
305
308
408
367
454
348
306
358
310
348
379
494
319
329
1977518
295
349
329
361
795
890
470
351
442
22774
21720
4228941
4107
369
323
379
366
388
452
359
332
376
390
527
306
327
383
325
341
351
313
313
345
324
344
352
324
360
563
420
43448
432
5536
316
413
294
19454
18780
4829
347
525
5987
302
379
305
1339
469
293
679
332
305
300
347
1112
310
320
314
368
2642
991
17554
290
366
447
302
334
795
602
432
299
300
465
9676
3868
353
344
2989
3986
448
459
3259
474
6311
361
467
341
313
1491
317
432
337
339
311
432
432
462
458
454
306
459
294
298
1543
448
497
432
384
435
433
348
329
336
468
424
474
446
114208
4183
432
432
466
469
555
173
190
331
357
9508
525
531
378
427
306
337
366
340
322
364
488
302
376
578
340
199
425
330
487
365
313
432
520
485
319
2987
437
4155
391
436
760
697
375
332
339
1506
375
333
537
383
1435
298
459
647
469
356
342
311
298
432
313
300
624
309
351
349
313
1752
353
87996
293
361
305
331
339
529
380
323
334
315
79568
80478
360
352
296
327
4321
316
491
772
457
505
575
7471
483
480
462
491
311
478
775
471
709
489
459
571
5764
10109
420
435
373
467
363
800
1271
508
1620
305
2927
2273
457
358
370
315
387
367
360
315
335
352
106084
105256
127123
381
295787
283098
348
326
315
316
326
579
347
376
371
310
338
345
328
359
335
360
1233
305
326
951
344
636
531
362
1860
308
305
356
371
730
291
315
315
369
323
25152
59332
310
313
315
346
332
321
333
336
801
331
366
369
357
432
333
948
365
720
309
363
339
315
368
769
331
335
328
1218
4671
363
40
2605
4298
335
149
369
355
298
352
394
359
318
369
311
307
307
456
326
326
376
356
321
432
432
338
377
338
358
6201
298
431
327
294
349
330
383
363
377
343
338
364
320
373
376
387
372
373
378
386
362
362
378
686
366
383
1197
1485
320
316
340
364
341
345
372
381
316
300
303
363
551
1117
327
337
331
780
368
296
377
314
290
374
372
337
335
656
364
301
495
14880937
14881176
14881821
336
367
301
346
355
383
385
383
328
321
302
372
432
336
359
454
422
372
432
432
373
336
382
338
377
271867
272707
5617818
325
641
310
486
331
425
350
299
468
327
432
432
859
352
340
345
458
343
333
1373
364
323
331
351
3116
322
359
327
306
331
377
309
421
440
345
326
374
497
363
356
325
374
337
313
330
432
285
314
312
324
400
334
383
495
339
371
349
344
337
534151
533251
531586
530649
284
24523
366
327
356
489
507
315
464
23356
298
361
432
432
83964824
481
300
419
432
337
312
487
458
448
171
309
328
432
432
360
686
333
459
493
321
456
6130
359
477
487
303
6134
413
927
470
470
439
377
367
330
428
319
336
299
368
370
432
329
367
332
311
413
503
436
3748
525
476
694
469
484
432
432
357
434
570
480
502
6291
6488
6616
6180
432
429
432
447
428
540
440
464
343
519
318
321
421
323
357
357
433
474
353
309
316
350
330
345
350
332
351
338
477
1395
337
377
339
321
319
305
416
318
365
425
444
370
389
288
330
6895
555
475
489
432
432
506
452
346
2258
346
502
344
359
485
303
359
302
336
330
332
346
327
342
330
375
343
339
340
343
2045
330
9132
319
338
552695
388
336
236
250
347
385
542053
412
337
2051
176
372
110
347
6
360
324
353
352
358
334
382
528130
324
328
348
366
340
357
331
344
322
342
369
379
330
335
336
331
331
340
391
333
338
357
323
339
333
344
352
378
345
366
323371
319
327
333
318
335
329
386
321
339
173
341
334
390
328
334
285
377
355
341
339
4279
368
347
299
388
329
331
351
345
329
313
184585
1770541
300
331
324
346
462
373
324
361
373
432
462
432
457
359
328
432
432
481
332
320
303
305
316
337
345
353
335
488
472
461
1072
503
319
379
6066
318
7661
530
468
3058
31559
659
432
432
507
434
534
981
331
766
472
484
452
432
336
1415
432
342
458
428
476
465
162709
47333
35826
139037
139479
65889
64488
26267
18385
19396
19483
432
432
341
345
106
366
470
311
8899
593
127353
126740
489
306
431
6114
432
323
432
333
310
333
292
7388
502
460
857013
551
471
6124
445
111
6073
432
464
338
430
478
2132
472
362
463
307
476
326
304
557
297
429
403
510
471
326
505
444
333
443
346
6110
9132
2377
2451
522
462
11193
502
459
432
348
309
494
529
544
464
413
423
429
323
429
6139
310
517
454
457
432
432
916
432
432
432
461
451
432
316
461
462
415
449
432
432
5563
529
432
467
468
442
4965
454
432
486
474
432
483
479
577
586
2617
2726
47192
47136
661
356
413
482
452
567
1979
2595
3933
9242
499
2834
334
413
432
309
472
384
491
446
462
432
432
556972
373
473
100317
462
610
300
338
307
511
468
8718
473
604
499
8390
13438
13603
533
4825
475
9199
9482
471
464
485
45885628
45883812
45883808
45883712
45882904
3465
3281
432
463
413
366
378
338
349
341
324
354149
353754
445
3013
435
460
469
439
491
311
283
511
322
363
432
322
317
357
334
318
313
433
509
440
431
2532
6600
431
432
502
474
6114
666
444
552
2633
370
430
413
300
568
323
4407
353
311
381
450
341
311
337
454
301
2308
2491
343
306
74347
473
120007
120175
240149
239310
3349
368
334
358
303
370
943
333
522
396
510
563
473
698
459
548
394
432
313
358
318
883
733
344
353
368
346
374
328
317
329
55822
432
451
432
295
465
493
341
374
309
453
343
486
511
467
439
2429
173
538
495
432
432
1885
461
542
3216
2485
432
508
631
445
440
6070
359
5778
6213
72
432
432
466
556
535
342
514
432
466
504
5045
8511
353
432
432
417
1991
432
312
1147
469
475
429
339
329
412
447
327
6833890
6834490
374
356
293
376
359
491
318
1528
473
303
457
342
356
375
334
505
573
457
345
372
467
3168
1487
306
343
493
324
1334569
1334069
304
435
499
437
493
2461
354
317
372
338
304
302
491
826
1180258
3746
2606849
2606274
304
545
450
294
342
328
2111097
2110066
2110403
444386
443802
313
299
491
599
323
932
497
353
17
2283
809
339
474
356
364
325
432
432
471
301
6300
793
300
313
317
8862
334
350
475
480
376
447
306
351
317
368
401
363
432
319
318
338
342
503
323
352
348
330
325
368
338
352
328
331
330
361
342
333
432
4623
340
340
367
327
422
377
359
315
1355367
1353073
340
338
361
1306634
1306959
327
615
328
368
1316313
349
315
349
370
358
350
338
340
315
608
378
381
373
329
375
391
370
312
333
362
444
92013
91307
322
73143
92060
91397
90510
84388
373
91378
91648
91644
358
333
363
335
367
370
377
460
365
367
340
367
332
337
303
314
366
476
373
350
379
326
387
348
436
346
363
365
359
517
342
367
346
369
333
307
372
307
358
334
347
373
318
307
371
332
370
373
334
316
322
295
337
329
315
315
1697
472
324
353
370
365
652
370
462
559
378
334
482
3225
3507
361
345
291
575
514
326
327
344
340
358
333
355
322
290
293
349
355
320
314
376
315
480
489
1221
386
320
384
305
352
455
334
325
380
363
432
432
351
383
393
342
432
432
480
347
925
305
480
304
466
438
24307
432
451
339
339
433
1196
322
472
429
329
329
360
367
443
499
447
9546
432
473
6283
456
494
359
320
409
382
436
305
322
299
335
320
112824
113746
426
362
453
349
1141
366
13591850
13581385
13580381
13538752
13535844
13476629
3627
3132
340
2319
15920161
432
468
369
433
432
432
456
343
43479400
2252
462
2956
466
551
432
432
428
473
335
426
355
349
358
519
17
5183
423
347
453
444
31
432
581
1503
435
474
327
365
340
355
534
338
340
352
350
367
432
352
350
298
522
361
432
432
342
3058
427
344
360
327
456
347
307
338
336
413
342
360
46825
46078
520
329
292
383
716
441
551
432
1873
339
3362
4818
464
432
889
158603
399
316
9736
367
341
333
326
319
322
342
1792
448
341
320
329
373
330
311
316
5675
495
352
306
6962
432
360
26832
405
11881
411
364
310
117887
335
353
124268
49796
40301
355
74223
307
371
311
106748
316
344
432
306
300
118
315
7927
345
332
338
50268
337
336
432
353
340
316
299
332
365
371
156966
432
9327
340
171041
213688
329
296
114897
61832
322
42197
348
361
324
20409
347
330
324
1057
304
1785
323
334
341
354
350
311
425
363
6746
432
443
504
449
332
496
431
459
432
354
432
445
467
336
315
326
351
299
302
10310
6162
367
368
377
380
3687
474
2009
535
436
467
333
337414
412
437
322
461
432
2324
352
479
320
299
316
319
400
363
309
317
332
378
375
316
334
516
2944
316
348
334
350
318
424
363
392
489
322
432
432
378
483
444
295
353
368
326
322
340
371
488
482
445
316
477
395
456
473
485
366
327
474
432
515
504
351
345
316
336
485
355
467
333
460
459
560
511
494
332
414
285
452
331
226
432
502
569
465
283
307
768
826
300
466
7089
644
77712208
420
432
447
2555
942
288
488
464
414
330
741
420
452
326
2352
459
487
343
443
451
512
412
152
104
378
478
458
474
432
432
432
344
190
410
478
1234
509
429
2379
2427
440
347
377
974070
974620
374
465
432
4777038
314131
6574
461
477
430
479
293
432
417
494
3567
552
441
513
485
6046
432
528
1712
567
6056
6230
451
399
15323
309
467
376
435
375
432
444
489
466
317
473
607
467
1400
496
432
432
432
435
500
367
342
433
432
329
508
2536
469
430
830
4693
339
518
682494
464
324
481
464
461
346
1191
2054
341
340
508
415
430
987
336
464
958
3531
432
432
371
322
323
426
328
340
361
358
443
343
350
433
1987
1755
349
397
374
357
474
357
432
326
334
311
333
333
526
477
397
334
367
350
450
322
1742
1340
470
352
336
358
291
353
362
334
342
322
525
371
414
342
331
456
373
1097
346
367
332
347
457
338
352
326
338
327
332
4213
425049
567710
334
358
302
313
308
433
289
1783
430
375
1646
398
174
372
334
329
357
423
338
384
487
6023
440
317
331
358
364
525
528
453
590
376
355
328
336
315
318
6071
3053
7767
4034
432
308
347
328
342
1097
827
329
451
375
305
432
367
424
385
491
440
432
339
432
323
305
480
501
316
7951
456
432
324
491
421
323
485
495
332
435
432
357
393
384
374
1011
765
1621
633
466
7922055
318
378
297
320
323
456
318
332
309
300
314
351
327
410
451
480
432
843
4614
432
493
511
432
432
2034
412
304
304
471
526
446
337
435
2008414
1821855
318
1578137
1578373
306
335
331
344
294
295
305
374
355
316
2634
297
509
366
360
314
306
319
349
307
532
1563638
324
358
359
372
330
359
331
609
389
358
323
342
348
336
4880
373
453
378
365
489
864
362
312
298
432
759
371
337
355
358
287
365
347
332
302
316
331
377
424
381
380
340
367
55526
312
316
774
360
388
326
301
369
329
370
340
304
539
321
1479
439
342
509
289
356
1160
333
423
300
465
470
405
468
300
374
312
367
293
358
318
300
1153
23594
351
383
323
338
445
337
300
351
341
1968
432
432
364
502
493
454
325
341
324
432
508
327
367
354
293
445
3874
472
524
482
483
455
320
477
877
337
431
349
359
304
58594428
359
487
490
492
354
494
320
366
441
432
432
491
336
30209
29971
1353
432
310
602
439
354
295
341
348
287
302
369
325
342
345
344
7929704
1107
426
348
324
310
351
421
379
487
476
337
476
308
339
387
829
8235
436
1093
6124
363
369
326
422
329
342
3429
329
319
350
349
311
342
358
473
472
432
352
489
480
375
715
432
6099
504
466
464
330
432
338
7791
463
363
344
342
344
323
367
330
346
320
270
442
541
311
337
439
499
350
2669
155606
156474
550
432
5627
5816
84491
1805
354
336
337
323
305
315
1116
354
340
360
300
1180
75727
1520
75453
1874
8579
96962
96131
96078
3013
360
356
310
370
357
325
312
32778
340
315
302
493
307
828
55951
98799
116238
55944
115352
56711
116211
56764
116202
55873
86893
43671
87874
43734
47238
106678
50013
50475
20011
20761
86005
432
86063
85223
59727
86031
46482
45268
7519
7462
38181
37428
2250
38448
37338
303
37090
38718
65218
39106
37672
62770
61800
506
62669
61163
61923
62041
35787
36028
60440
34451
35251
62196
62199
35143
36055
62219
36063
35225
35984
35151
43863
60109
59223
60147
43918
59063
43436
43614
42151
59449
58632
59531
59499
59458
1553
493
1409
26341
24079
25518
26045
25261
26819
6125
25299
26109
25311
923
51
2680
467
467
1992
1330
103871
103047
102816
103023
103158
103733
103923
103747
102849
103718
102760
102570
458
4093
103238
98341
1068
912
96200
96368
96532
95643
95547
96883
96803
95891
96892
96000
432
4907
86212
517
478
1082
74576
72654
1939
289
940
316
99590848
350
358
370
290
331
346
379
2665
2808
440
317
417
452
329
114
328
322
355
336
340
330
1197
367
312
312
448
348
349
316
344
331
309
326
351
3356
321
11328
355
291
455
361
358
371
320
311
321
439
307
340
352
337
362
315
289
317
437
315
1400
487
417
347
415
339
491
386
308
447
319
307
487
467
378
360
328
495
362
364
354
312
366
499
492
385
326
358
301
299
304
432
358
325
319
329
371
332
290
305
451
304
338
344
328
356
307
319
109
320
372
315
327
337
86708368
346
432
310
354
330
281
329
426
324
361
454
347
460
432
432
2181
1813
479
452
7640
405
406
321
491
432
432
467
442
724
6044
360
367
39664
1422
38008
347
328
328
3223
10014
6060
417
431
471
465
627
459
313
318
356
370
358
2900987
2892161
2892806
2892062
2861177
2860602
2714595
2715075
360
338
2874326
342
371
308
220202
360
307
300
336
6976
8863
3945
2407
339
321
334
1176391
340
291
4185
376
500
330
303
359
346
349
455
413
353
379
437
409
318
508
372
315
298
432
432
333
523
2036
452
432
863
2378
432
432
482
306
9
342
315
313
858
11441
347
375
368
327
423
413
457
333
467
365
351
323
370
438
457
336
1179
1425
435
534
374
574
499
448
455
5168
21922
371
478
317
1028
1573
9602
452
2071
1085
432
303
439
4709
412
34656
432
432
478
506
350
363
6092
494
467
418
967
351
2024
6198
545
470
473
352
343
432
349
523
335
321
346
355
439
339
303
322
108
331
343
361
432
448
344
361
53
411
413
336
422
966
295
450
544
464
814
359
1382
2072
448
492
25421
478
425
2953
326
480
374
469
458
643
376
313
319
342
326
339
329
348
351
660
1355
1071
454
465
293
322
387
485
301
348
387
323
351
349
342
353
314
447
471
312
365
432
308
432
453
333
488
434
327
432
342
366
243
312
1036
371
418
365
465
441
431
438
342
434
471
481
436
485
315
470
422
2652
449
4295
464
341
432
432
504
6081
368
364
3690
464
527
366
429
411
348
203
21
334
404
204
522
454
344
6091
461
475
313
433
448
313
366
516
335
1991213
1991614
318
520
8073
467
413
379
309
341
6110
6813
292
320
376
459
434
317
300
319
349
379
311
385
466
319
377
456
319
338
316
339
1103
334
305
385
451
328
522
330
328
485
412
3833
432
446
7364410
432
432
432
432
432
1164
7357491
7356964
432
432
432
432
7354148
486
452
410
298
1604
333
365
302
387
318
336
372
392
372
333
59
394
455
432
390
349
360
328
820
363
374
332
333
347
361
361
338
1371
315
413
446
498
328
2716
2457
336
337
333
378
401
418
382
25795
373
335
379
432
432
314
355
309
327
345
338
386
456
301
342
368
373
320
455
433
412
343
494
316
335
355
432
459
357
317
477
7497
345
341
323
367
318
362
432
432
432
432
314
412
355
299
363
259
432
432
432
476
1491
199513
60584
157802
158721
337
363
375
308
355
312
499
357
334
356
432
432
318
336
352
453
433
390
315
304
316
330
318
381
308
354
334
1717
311
359
373
396
366
367
320
314
341
347
316
388
375
366
450
373
379
453
360
353
394
357
873
354
345
319
306
330
343
342
788
357
384
364
355
375
353
354
340
346
317
369
430
388
383
379
294
433
372
312
363
324
336
308
327
409
489
335
375
928
346
382
383
319
331
347
319
353
316
289
332
356
357
592
390
329
333
314
358
675
313
359
311
307
360
302
382
353
579
64729
375
381
317
356
316
944
367
307
361
294
1290
422
375
325
319
362
385
374
288
368
326
342
453
369
382
164
388
352
324
353
372
458
339
323
370
329
444
340
359
521
368
370
362
381
450
305
392
525
361
324
358
393
419
343
450
310
326
321
2635
296
363
395
396
381
322
503
330
430
338
425
363
310
379
326
376
328
484
357
355
319
361
432
366
432
372
345
320
721
398
370
366
360
334
381
468
354
339
363
335
141431
344
376
381
458
360
310
349
375
345
338
338
325
320
309
380
325
371
315
323
360
382
327
376
390
360
371
327
378
348
308
341
323
424
478
319
291
364
309
353
613
326
917235
348
327
341
386
327
340
303
336
370
541
359
326
382
391
357
426
293
413
336
352
432
432
437
432
369
1357
1859
338
354
340
432
432
302
452
452
453
438
432
432
434
534
334
485
298
475
479
357
457
420
1951
329
316
352
357
353
1943
334
504
465
475
2423
362
346
432
335
336
330
575
473
498
357
469
483
363
480
112694
337
373
510
303
450
327
3420
327
2988
339
320
317
413
461
2089776
2088894
22739930
312
452
318
444
326
432
432
20410050
9777112
9777891
358
315
498
378
294
447
418
16998
15198
15218
19629
13466
12489
647
324
336
357
11587595
332
455
338
460
448
398
336
356
309
468
367
315
344
353
186
339
308
305
367
564
388
304
367
345
348
367
510
17189932
55417716
438
373
297
432
442
333
382
363
367
365
322
78
507
327
444
558
6153
470
421
372
459
499
348
4411
536
446
492
456
453
186
72
489
4613
7200
157
359
889
335
2335
10060083
10059636
7294527
328
465
299
368
369
335
365
339
358
2538
2658
302
480
321
340
6083
7159954
7159325
7006690
6967077
385
6170972
326
361
362
288
459
306
395
4908
363
373
351
372
495
349
345
382
327
349
320
332
336
333
303
338
319
331
313
346
353
349
350
342
350
2962966
412
378
339
382
10885
291
2388151
3610192
324
347
314
345
296
307
315
294
321
302
290
307
306
140561
363
346
349
385
373
1274005
432
432
7430
321
299
352
342
312
4316
321
419111
418140
355
368
85416
312
378
393
387
379
371
368
357
325
432
365
302
326
304
341
568
333
366
317
202
336
371
353
3613
16021
351
359
380
317
306
328
38258564
38267296
432
345
519
302
336
360
333
391
351
324
372
360
330
334
370
314
2273
688
360
346
340
835659
288
689542
688749
689604
689420
688639
487
324
504
371
312
345
377
368
305
372
336
362
391
304
332
310
371
306
365
386
2598
9691465
9691235
330
325
341
5066757
7238286
341
343
371
353
346
5870306
5869972
5866060
5831415
432
432
5783299
5731127
5429005
1698
5300520
5293938
35073916
35074444
296
372
368
445
377
376
377
363
411
336
342
385
365
432
432
432
434
432
432
432
432
432
30282262
30282894
428
323
473
349
381
330
360
375
310
316
453
484
432
308
364
326
374
319
1072
342
371
307
319
366
359
332
345
306
453
345
304
341
342
337
353
372
303
319
327
299
301
441
352
346
2856
333
331
341
313
315
432
347
313
364
340
311
304
346
299
347
328
327
368
487
333
308
479
374
369
365
327
370
320
499019
333
322
25680198
25636926
25535306
411
342
341
379
309
336
480
430
486
461
329
367
432
460
355
462
429
461
306
301
430
501
361
509
432
305
366
2798
319
334
328
438
526
1580
443
367
425
465
2230
420
310
27295
25850
1978
357
369
347
359
7029
4901
435
6100
324
368
459
471
323
432
6105
487
335
297
339
1830
435
371
326
309
356
329
373
361
326
349
359
364
344
326
394
368
351
319
354
330
324
367
355
376
451
302
327
1307912
331
366
343
362
364
370
317
335
2036
432
432
432
679
2270
2218
1391
2644
432
432
2193
2276
432
254
432
299
432
292
432
432
432
432
432
460
432
432
432
835
432
432
368
357
318
308
300
372
370
329
363
324
348
2611
311
355
316
337
456
317
306
355
304
311
336
315
471
301
330
725
433
461
301
467
496
333
448
463
385
320
379
350
377
326
369
342
319
1561
463
525
320
332
332
332
364
438
374
468
466
302
6503
441
411
432
360
372
368
337
432
6089
319
362
512
329
1105
376
301
309
368
460
359
513
454
460
3929
3532
425
228
47
301
359
516
336
447
456
372
464
341
467
319
300
365
363
335
337
316
360
367
358
335
339
323
506
368
348
294
474
357
362
434
344
354
353
302
440
361
13340
344
415
432
432
474
347
292
432
592
450
432
329
1097
937
417
340
346
436
367
830
320
438
313
345
349
339
498
469
599
327
338
309
314
350
368
6783
8567
1005
345
464
360
308
349
355
444
432
432
511
35981
36833
36023
56368
18073
18965
18960
36089
56897
56969
36911
416
18663
18737
432
20086
19252
19224
432
432
3354
1450
10743
432
10857
21567
10077
10103
20513
20625
20692
10894
9724
10564
10566
432
9660
432
486
345
386
307
353
310
310
302
309
330
326
3468
323
460
339
341
345
359
322
470
330
333
365
363
4234748
4089792
4050736
4050191
365
353
1471
2701
3985442
355
2513321
290
379
347
8554
7658
526
424
347
378
392
370
1672
369
318
333
378
469
432
326
334
432
432
432
432
432
327
432
319
320
332
343
476
2636
496
330
322
5583
185049
178999
311
347
429
172
350
359
379
336
1285
375
713
605
303
304
1648
354
363
480
461
353
331
363
342
358
1058
404
341
1680
376
321
265
362
370
432
308
479
313
310
299
551
174
376
308
387
317
359
329
314
366
359
296
364
355
346
330
334
311
331
350
311
376
330
304
319
367
360
348
371
337
361
357
320
368
406
326
319
374
314
627
328
348
349
357
284
368
295
298
391
320
406
318
329
380
337
376
321
379
997
764
326
342
317
357
383
327
344
306
331
343
335
384
364
755
349
336
386
318
421
367
434
334
374
358
322
324
341
397
335
370
337
382
344
350
309
306
372
345
313
396
309
374
294
366
394
464
304
326
29631
338
342
765
312
380
335
317
326
5034
307
341
350
346
301
371
334
327
3845
320
310
387
875
342
350
359
346
310
372
470
322
311
308
315
386
370
368
280
346
316
314
368
308
386
375
340
311
365
544
1257
360
344
384
332
335
285
372
520
318
365
299
342
350
553
316
360
359
362
375
383
307
369
467
369
574
362
342
330
311
437
426
3109
432
309
413
504
314
4743
2036
437
339
458
362
359
298
315
548
369
471
314
503
537
38339
313
447
490
3165
295
372
375
295
432
342
334
311
372
476
334
1648
299
365
310
104203
316
242110
4992
316
479
432
432
432
486
436
432
6259
533
452
426
417
336
332
948
1404
1008
349
345
361
1122
365
381
318
252
479
432
393
361
432
432
328
340
324
365
363
323
346
469
503
139
330
343
325
320
453
18534
4004
361
359
325
317
340
310
333
432
78
440
328
432
432
313
292
325
361
775
290
347
362
432
356
459
380
361
350
333
446
323
474
327
11352
1613
324
339
345
366
360
324
343
1907
467
1025
443
311
319
436
432
322
362
380
329
360
314
341
338
364
482
339
332
155199
6585
418
445
346
293
330
517
331
362
481
472
366
367
510
4018
339
317
342
366
349
363
363
330
345
355
9360
10062
380
358
364
304
395
328
343
468
314
332
321
376
339
349
366980
303
322
321
334
341
345
358
951
874
310
366
389
306
344
301
324
353
333
326
371
333
332
354
368
348
333
312
361
372
372
387
363
319
335
355
348
350
374
374
362
363
341
377
354
376
384
323
352
313
359
334
486
2131
343
351
338
371
352
355
347
314
328
355
348
311
432
819
579
369
434
468
325
432
316
7248
331
596
446
458
409
432
432
432
485
356
358
312
366
370
363
374
357
502
429
350
443
441
442
455
432
432
338
322
317
48950
475
296
310
432
5838
5725
10310
1374
8811
4409
353
344
497
382
286
381
562
432
293
460
304
331
545
350
481
415
440
317
528
312
432
293
449
504
355
432
314
455
364
311
295
457
328
529
354
3100088
3099372
494
466
306
505
304
449
446
369
291
324
319
411
346
337
431
470
581
6067
308
303
433
332
332
4097
460
469
518
1080
346
432
324
452
445
322
508
577
599
445
320
8436
472
335
225
315
298
322
5547
297
414
539
421
368
323
412
451
367
363
447
379
448
330
307
342
338
360
330
432
450
464
349
1267
359
470
342
432
475
488
346
356
338
377
315
361
432
340
367
460
475
342
517
463
345
485
453
431
429
470
331
330
1052
359
464
472
3124
341
441
494
437
294
303
327
495
348
432
469
290
1297
1788
145
435
566
478
435
483
333
525
322
487
442
490
605
342
364
484
308
432
358
333
347
335
399
336
317
291
316
341
501
339
329
360
6015
2410
488
405
438
320
6145
432
432
13610
360
432
432
825
54
457
470
370
390
355
467
569
804237
803363
6159
361
312
338
322
342
367
295
513
432
1038
490
445
913
464
336
149
333
419
358
340
360
470
413
432
359
351
360
482
308
361
448
483
447
1347901
1498405
344
357
427
320
520
327
368
316
358
297
361
432
360
432
322
391
368
342
389
326
332
368
432
386
373
341
349
319
391
352
435
370
313
298
326
370
334
309
342
360
309
352
432
325
286
355
318
924
320
301
359
336
347
350
332
358
341
338
378
350
37076
38056
38086
526
319
290
355
373
384
381
320
335
382
376
260
342
367
368
292
336
369
370
381
388
327
14246
355
316
322
446
325
368
302
350
364
319
332
313
377
433
245
1215
1265
1075
491
379
345
369
370
358
320
549
293
464
344
309
298
319
388
335
294
387
327
327
351
350
344
331
317
432
343
366
300
338
353
331
348
853
375
310
358
435
368
315
2244
639
365
355
468
343
353
345
419
446
378
6112
719
483
318
432
725
658
309
468
432
442
329
320
483
5412
4569
442
463
1262
481
197938
344
367
307
365
326
427
35163
370
316
1183
315
462
365
321
311
301
983
317
487
447
460
502
498
957
817
345
432
434
432
440
435
410
1205
566
468
432
452
424
433
413
438
365
446
334
466
329
316
338
19099
514
336
351
305
363
443
372
7871
296
479
481
14897
483
364
17087
432
432
413
333
347
361
380
465
324
338
461
459
498
450
475
1329
509
468
496
325
357
494
894
368
319
346
303
338
308
326
340
458
329
332
359
361
359
362
1902
321
304
335
323
436
313
320
505
376
1241
445
311
336
291
307
330
346
370
431
322
298
479
304
525
366
370
320
352
191
314
2756919
2754545
432
324
432
349
334
2631762
358686
311
432
303
323
310
329
309
311
336
323
432
333
329
19640854
19640524
19640316
19640088
300
306
351
331
2302436
2301523
332
362
356
432
346
354
348
368
364
1506
19605350
432
1189
331
376
331
22988640
311
27378300
343
371
432
371
432
22592210
22593210
22590850
22587544
22586926
21564902
21564822
22530898
344
455
432
345
340
336
300
432
432
357
343
338
306
325
313
366
342
432
432
340
314
2645
432
2474
335
432
1017252
346
375
432
432
311
432
364
373
363
354
432
338
375
945
333
312
305
1241
294
365
379
449611
381
327
68847224
351
335
333
382
339
306
362
360
473
358
5241
497
359
560
1182
377
295
328
193
351
325
389
455
5931821
5930823
430
356
462
310
354
298
382
386
456
432
432
445
358
363
366
467
368
2477
329
331
451
321
486
2408
339
346
316
18705186
338
368
443
504
504
342
488
449
459
2751
2605
328
328
457
423
481
337
377
309
313
437
372
373
302
1953335
1952584
342
344
363
344
453
306
337
336
365
323
318
340
745
432
314
180450
353
434
432
2020
325
310
352
336
519
590
385
370
373
356
373
447
331
363
335
311
306
5185
357
420
336
330
296
351
334
358
341
541
338
446
339
365
333
371
352
350
335
362
303
2563051
465
318
321
329
351
371
473
396
387
755
477
300
370
449
369
290
355
432
432
285
2544
1764
343
484
325
824
466
508
502
2630
432
359
338
313
733
802
349
175
469
432
529
448
1429
381
344
59
432
385
432
432
517
451
2652
2030
342
355
342
3109
325
326
307
384
136
609
435
342
515
350
130
2977
323
303
444
334
365
333
298
359
348
455
306
302
338
383
314
6884
326
20
486
5339
358
471
432
483
409
493
430
311
325
375
349
312
424
332
292
337
348
332
350
308
292
332
330
372
353
309
364
312
320
303
351
309
341
320
316
316
382
361
297
371
344
1331
355
328
339
419
323
357
463
340
331
297
376
300
380
333
386
341
429
361
367
314
364
346
341
327
365
392
1073
371
350
312
328
351
363
326
321
306
1956
353
318
339
363
377
368
337
320
291
365
305
313
304
325
344
1428
302
348
386
371
318
432
461
432
483
432
432
432
482
432
432
432
432
432
432
387
351
398
334
343
311
327
361
365
326
356
4349
361
298
327
378
285
330
342
364
343
315
302
306
320
324
336
380
315
481
336
326
365
324
455
351
544
463
456
307
343
313
332
374
480
504
460
449
370
346
432
432
378
665
375
1209
484
325
337
374
479
353
343
354
432
315
348
286
316
372
370
351
999
885
353
376
313
305
436
345
293
377
331
305
358
361
348
380
369
370
358
351
368
294
380
386
381
371
353
295
311
346
331
326
296
3578
432
339
1184
1288
375
474
372
412
316
366
309
316
370
375
370
374
363
440
351
383
387
383
492
386
479
339
318
316
292
360
370
307
369
352
313
338
331
308
360
48
332
338
377
334
348
352
371
362
346
373
292
320
320
376
2474
372
373
344
373
378
406
307
330
334
303
360
323
326
369
321
313
359
349
397
359
309
349
364
1099
1003
313
298
339
369
352
356
298
344
15667
412
363
384
326
361
315
312
310
329
345
390
366
341
314
336
350
330
319
327
387
1123
376
318
291
362
385
366
335
385
313
475
347
368
312
334
303
391
341
373
528
349
443
306
324
331
357
345
331
344
319
322
336
326
294
307
304
334
347
469
536
223
342
323
344
334
324
336
343
308
357
326
576
326
289
350
362
319
1792
395
2739
322
309
432
320
352
327
343
2128
331
443
325
898
704
312
306
312
363
314
313
378
324
290
344
308
301
316
302
352
303
319
324
318
346
336
343
315
327
384
376
364
293
349
350
357
351
378
492
305
323
334
378
360
349
379
336
337
335
349
336
348
2889
3397
418
481
320
2437
366
284
348
353
312
378
327
373
294
369
354
366
341
356
1964
325
385
321
321
422
374
355
368
336
380
345
647
302
333
353
305
477
345
395
385
537
365
694
299
4326
355
380
311
482
313
362
334
776
287
330
311
365
629
470
324
335
342
337
308
353
308
353
342
307
319
340
306
357
304
432
225014
225652
353
2282
341
318
441
323
365
363
335
310
372
1666
348
370
432
333
329
370
343
306
354
361
432
432
364
445
432
432
2193
465
1192
364
331
325
293
382
317
342
432
369
431
328
393
344
6280
435
165
499
433
577
376
356
347
369
349
458
440
328
298
362
333
374
304
301
465
417
420
463
324
333
332
365
330
334
346
337
304
447
474
350
309
461
459
376
10170
21234
136
460
320
322
795
433
470
381
365
372
354
341
352
365
369
376
381
353
342
373
382
364
378
342
348
484
1275
478
458
413
293
6966
268
1920
519
351
3176
1856
1738
432
368
611
4358016
4359771
356
329
363
362
328
438
316
305
332
337
548
341
494
297
340
327
357
319
325
305
368
320
314
349
328
1002
339
4135
500
366
74980512
325
343
317
322
324
364
325
339
432
432
430
335
331
303
352
351
340
362
346
57516
349
361
313
349
472
360
323
346
301
324
485
287
356
339
81370
342
1268
312
336
366
340
321
323
300
366
368
385
335
353
340
329
240
363
341
373
332
326
307
441
370
685802
684980
306
453044
203
2793908
2202
2789604
300
298
301
333
335
388
351
333
329
320
352
432
364
354
607
348
354
312
342
366
339
330
565
378
344
353
363
326
354
332
371
322
348
352
354
362
379
314
363
325
364
379
393
363
357
368
328
336
354
331
372
330
361
377
382
345
352
323
1043
1088
330
310
324
322
339
335
369
340
295
359
346
344
338
307
352
3216297
379
293
286
448
445
480
334
59064
315
348
344
457
8737597
8738522
321
374
375
602
315
2894
356
332
338
296
312
315
351
308
326
382
354
340
200
456
347
305
432
372
314
440
315
277
344
340
328
302
322
342
324
361
523
502
349
352
432
328
303
307
310
335
300
439
497
317
303
432
8145
609
1204
4087
2550
459
338
336
5772
287
423
11908
11392
328
421
4720
438
336
334
50
1353
224
338
624
432
432
432
432
432
432
432
756
365
336
432
351
461
620
431
365
327
366
314
127300
425
440
382
297
410
358
318
321
311
312
350
310
366
488
340
363
333
443
458
293
335
362
319
410
538
412
335
479
443
2711
481
479
422
388
374
350
471
632
401
362
305
297
424
423
353
364
856
312
109
322
435
301
338
311
349
331
2621
318
361
309
303
442
465
345
325
287
467
305
1606
347
327
366
478
332
314
467
608
286
303
1408
318
432
331
424
326
337
310
303
488
317
338
295
471
162548
161326
160710
367
293
486
384
384
339
316
579
371
370
59116
48800
330
338
338
479
316
352
343
301
460
488
339
475
314
198744
427
62293
507
336
588
6099
2492
2157
344
342
335
412
202428
203277
360
374
2967
360
526
2475
432
460
338
394
302
840
5489
430
360
1565
313
428
463
382
331
575
394
345
472
370
533
312
1796
333
428
301
257552
256971
257462
415
363
370
955
381
429
334
324
359
365
315
327
347
337
343
373
358
315855
316865
3248
182565
180697
336
377
321
295
333
320
335
356
397
359
331
328
341
367
333
336
371
373
339
325
372
387
358
346
327
364
343
364
361
345
346
369
359
368
353
352
346
348
339
371
384
362
370
347
365
344
387
366
342
358
331
373
388
363
363
365
339
379
363
365
354
362
367
325
395
385
374
371
392
45922868
366
378
362
368
344
362
374
368
359
362
363
377
387
399
363
45865704
373
351
372
368
349
320
372
335
318
377
326
376
364
338
368
371
363
366
332
372
303
358
355
346
364
337
412
382
358
350
362
366
357
350
383
384
432
344
340
362
432
362
373
358
360
365
375
344
349
344
7901
14591
25452
317
328
344
364
347
432
17417
338
10735
9896
432
432
343
338
432
330
339
432
432
432
432
432
432
432
370
366
387
327
364
358
340
347
334
361
327
344
321
370
337
363
352
373
372
379
375
369
362
342
360
335
861
532
5007
2088
2617
6620
6804
327
915
432
411
432
432
432
432
1006
310
288
359
317
348
326
387
345
385
356
371
313
333
317
320
325
642
366
338
330
367
339
359
376
392
295
348
907
350
383
340
318
309
365
328
310
297
331
316
359
378
386
351
340
366
361
429
373
313
381
325
352
294
507
326
435
368
322
327
351
313
313
286
351
497
340
374
322
327
315
346
320
334
290
307
339
1664
449
615
2005
337
447
28401
27882
13401
14493
6109
6020
6222
41329
363
379
360
2147
375
315
3321
505
355
482
442
285
6109
364
365
504
306
362
1292
308
354
379
344
1147
323
537
352
428
465
334
414
483
424
368
485
337
320
384
342
350
303
308
525
354
352
322
348
209
88
383
340
356
367
330
324
338
295
328
308
327
323
361
455
432
484
302
371
303
12213
11330
347
464
468
462
368
492
6061
536
333
485
332
526
10745
323
348
365
490
476
419
456
317
413
311
439
379
325
329
312
488
390
386
384
432
340
318
317
490
428
475
485
461
355306
85696
86542
57452
716100
33704
1676
302284
302271
359
408168
9942686
336
3926
432
353
9534146
16432
473
446
318
284
336
335
340
316
336
432
360
372
357
131
440
427
1339646
1193831
1193164
365
323
352
314
368
300
299
396
2780
335
361
481
345
376
328
477
421
359
288
445
347
378
457
308
342
450
319
367
325
354
356
359
327
153271
153539
377
325
447
432
11820
5131
5215
327
345
395
4606453
4472347
4471875
331
389
364
384
352
366
389
388
395
369
368
384
381
377
325
383
165
382
3783909
377
361
368
388
432
363
333
849
88
363
365
432
356
352
347
344
345
365
338
342
432
387
381
364
311
321
312
352
289
461
361
316
366
328
761
3754
588
459
346
305
325
327
321
319
427
490
5098
4160
352
360
348
334
352
337986
294
327
1180379
1330048
339
319
303
336
351
312
315
336
379
316
354
287
432
310
349
302
344
287
333
295
311
302
311
326
314
325
338
293
308
315
292
618
320
303
301
343
343
3409
352
311
305
343
367
351
304
319
382
352
5012
5318
3952
45443
348
297
343
606
349
341
122
1443
16372
371
296
389
159
108
435
141
465
16209
15248
15535
1846
22731
340
13718
4615
11550
3835
345
328
323
314
13121
345
360
398
338
295
338
368
333
320
331
331
615
346
350
384
368
6030
347
4381
347
43461
396
372
316
339
370
342
394
315
382
486
311
467
383
355
340
386
313
313
462
514
353
423
377
285
454
175592
432
1272737
432
432
1273666
564
432
431
335
356
432
432
432
432
432
432
339
317
356
338
442
453
461
413
383
347
362
48257
1402
576153
29164354
413
436
416
521
49729
48799
457
470
310
479
9029
453
333
473
297
509
432
432
432
432
432
432
432
443
466
146
451
303
470
310
326
348
368
329
311
363
7947
426
482
4429
8031
432
956
322
2412
306
317
386
312
347
321
345
649
335
362
351
320
490
330
321
999
344
456
325
304
432
346
362
371
356
329
324
348
332
306
326
354
371
556
348
323
363
348
432
353
369
366
291
459
361
334
354
343
338
338
370
301
326
327
415
364
325
316
413
373
5468
5006
475
513
348
322
333
338
601
374
530
756102
299
704214
56956
57538
117968
2205
5551
12793
15743
14818
343
392
342
305
432
356
363
432
2375
432
335
507
510
432
430
1221
334
323
363
407
660
38
465
432
354
340
380
307
417
308
302
339
902
334
500
456
469
344
323
317
1242
341
364
307
338
340
354
3082
360
343
354
312
340
329
1011
351
469
432
432
1030
342
355
432
298
366
460
377
2581
321
419
338
359
439
317
333
349
330
463
302
436
443
322
300
371
361
339
351
344
308
366
298
432
331
359
312
333
341
296
355
303
339
345
432
360
333
364
367
376
327
332
384
516
346
328
345
294
563
423
389
354
333
2089
351
332
351
341
436
487
928
2239
420
391
347
438
389
477
428
6138
373
378
380
478
338
422
433
413
4550
465
442
305
394
372
301
505
349
338
335
378
344
303
318
450
320
358
462
453
497
369
334
297
312
484
436
471
324
460
380
432
330
336
381
342
378
367
380
332
352
312
314
365
2215
365
304
323
312
327
324
315
650
544
341
333
355
365
419
694
313
359
368
381
432
350
365
362
350
363
289
323
337
371
352
350
393
313
432
432
432
432
432
803
322
381
381
152
381
517
425
363
339
364
368
432
484
353
356
363
347
352
324
376
304
431
324
432
369
366
351
350
501
363
307
345
313
287
359
319
357
710
403
349
453
270
2532
578
334
319
378
336
335
344
301
410
323
357
343
365
275
377
714
321
365
366
316
373
361
369
362
490
326
331
358
334
503
304
504
366
393
359
453
371
323
360
333
332
302
365
118070
365
332
320
385
302
309
316
381
328
296
347
296
379
349
386
378
310
297
380
340
327
469
365
321
367
377
360
357
325
317
352
361
346
381
376
351
1170
384
375
362
344
358
143812
373
331
342
385
376
339
303
360
300
384
316
474
334
432
332
360
386
378
392
314
394
344
379
335
346
392
315
357
325
309
353
315
347
360
544
320
332
384
333
318
289
462
375
27
432
363
339
362
338
370
342
356
302
333
343
320
373
318
358
378
302
497
361
432
432
432
326
344
69926928
69961480
69915312
2416
521
330
325
328
322
21724
45271
353
366
384
374
303
375
300
474
359
385
343
344
361
370
382
344
383
369
317
385
341
8683
7771
7588
453
1573
426
483
333
430
556
465
481
1725
341
298
311
383
380
314
325
342
299
313
326
364
328
311
333
1053
368
509373
509405
510333
432
432
1118
327
341
333
432
432
361
347
535
482
527
376
478
432
440
412
472
354
473
308
332
496
386
311
444
336
355
375
489
515
470
1522
321
365
336
336
333
378
439
20836
542
332
453
318
22432
429
430
492
309
429
319
515
432
432
328
327
293
432
432
552
435
450
304
431
308
478
307
437
5608
345
922
347
432
410
450
477
459
429
447
367
456
317
334
340
440
434
414
308
446
381
460
443
291
428
504
6319
324
421
312
206
176
494
513
484
358
4416
871
450
447
437
433
432
432
432
6358
358
356
381
359
454
490
340
340
330
369
349
338
454
426
327
335
515
413
507
355
318
357
6125
326
352
368
346
349
341
323
336
329
351
315
369
325
472
1670577
1670265
3468
317
2280
6397776
6233481
307
334
335
362
23759
327
310
349
1041
319
305
297
327
324
694
364
546
324
311
344
39986280
39986764
531
39892048
509
39363412
39362828
39153420
39153812
33675
34659
55918
56667
432
363
360
354
336
250431
368
364
351
354
361
1025
334
334
888
341
360
318
346
311
314
311
341
17061
1547737
1604625
2072801
1183161
2573238
1165404
367
317
1079416
791820
312
69070
56288
23864
14640
45987
179539
53419
30764
163990
132555
341
872
4071
21852
359
340
310
337
341
361
326
321
333
329
318
355
316
310
371
312
352
345
321
327
621
342
339
69794
79887
13365
502
432
432
432
432
432
432
432
432
432
432
432
432
432
432
432
432
384
376
368
305
332
371
356
311
319
494
1161
992
1865
305
43896
42715
4483
320
303
368
332
333
246
333
376
370
339
514
390
332
334
340
312
97
325
333
432
327
334
186
315
461
342
348
370
360
370
331
307
346
288
661
432
432
326
358
356
308
383
333
311
359
344
2124
328
324
336
345
349
300
329
430
338
336
345
387
357
324
340
332
353
306
449
304
364
318
360
362
382
361
348
339
315
330
344
345
1414
345
376
340
327
331
306
322
443
314
342
333
337
343
330
333
314
432
351
344
305
336
314
336
365
458
353
360
384
334
364
417
303
462
456
321
127821
128014
128851
387
388
338
379
343
325
345
334
331
386
347
1983
432
364
327
355
314
360
326
322
377
533
381
351
432
432
432
413
382
504
310
318
329
432
351
356
432
384
357
356
332
309
377
371
37310
1126
432
473
318
332
514
329
449
432
363
968
374
337
330
349
2478
494
447
329
326
383
368
323
435
315
362
380
302
347
317
335
504
343
487
541
329
432
500
367
340
432
360
775
347
803
340
349
1212
25464
434
488
1386158
1386728
3013
356
541
356
332
432
432
460
363
6112
1057
455
432
2221
6891
292
582
0
417
432
1480
504
484
451
642
515
618
449
2251
443
361
316
377
330
9489
377
332
331
320
295
293
524
356
365
325
468
483
476
473
461
435
29191
30112
5422
351
414
457
474
432
323
285
146
306
481
2828
356
16865
17592
321
341
351
4524
313
339
454
586
353
538
440
347
338
332
313
358
373
10816
312
295
347
332
360
333
320
335
343
364
452
331
316
366
338
228
365
75107
305
341
309
331
399
358
383
420
319
320
354
357
364
289
309
341
326
346
324
367
361
382
307
378
343
293
359
364
312
862
321
1718
339
487
362
325
320
379
12804
13570
871
453
413
438
446
327
340
316
333
299
367
306
251
411
319
356
2060
257
372
330
413
380
314
367
426
320
349
324
326
329
347
445
1507
477
357
337
313
330
506
556
347
301
387
367
395
335
413
367
578
382
379
285
332
321
323
324
62941
370
455
514
371
289
301
370
354
310
330
1256
327
325
370
380
432
432
432
432
395
309
310
834
323
340
340
340
368
314
840
372
432
432
304
377
334
375
330
459
304
328
412
308
342
367
298
432
432
432
432
348
344
360
1968802
1968258
328
340
322
327
430
375
794
456
330
305
432
300
365
432
292
498
368
344
325
291
328
345
351
432
365
978
369
359
1696
333
106934
105993
311
311
358
352
353
362
346
302
346
478
350
377
293
307
1122
322
302
92360
91599
85431
369
166303
166864
369
377
369
625
21712984
21712070
21720438
372
40341
36371
331
318
326
15513
15473
333
432
492
54320
55186
55198
54788
54733
26562
55737
102904
70970
28914
29218
70654
30066
41573
20442
42436
40630
427
329
306
734
965
1838
305
1279
1284
362
432
363
370
354
336
521
460
287
467
556
505
427
1179
1114
562
418
359
447
332
313
329
432
432
477
413
314
308
366
453
485
333
422
78161944
99512968
78180592
78182504
485
365
340
423
493
302
497
417
310
355
487
503
99080
432
97331
432
432
523
514
363
375
368
321
298
373
323
308
325
330
316
325
296
368
369
335
351
332
457
517
342
10883
466
340
1885
551
357
432
4294225
4293466
4294365
306
4295913
4295171
421
333
387
319
365
331
343
323
311
326
338
347
303
307
327
333
308
300
357
336
381
396
345
382
383
369
355
358
344
363
333
345
378
362
374
348
341
328
372
360
288
348
372
381
383
342
384
382
327
371
287
360
329
367
330
318
366
378
345
343
349
370
366
349
377
339
384
361
336
328
356
341
367
313
321
322
340
352
342
347
378
312
391
329
4112
327
326
12844
26204
432
341
6771
5001
2423219
332
317
354
356
316
308
314
970554
307
321
304
292
316
327
331
321
492542
302
293
319
331
325
300
344
325
219115
323
316
301
334
309
303
331
309
305
326
300
311583
313
331
318
294
321
328
353
299
371
301
166471
344
330
355
327
324
301
343
482
290
347
330
333
288
317
328
321
349
1380
343
332
372
10968
356
319
362
321
3458
344
350
323
391
360
7980
366
306
322
376
365
331
805
571
301
320
37225
319
309
765
307
308
1602
365
355
24
301
355
340
370
326
370
348
327
1363
338
295
353
1681
2067
861
3194
2160
287
765
359
370
5837
432
312
473
472
838
316
432
432
432
432
432
25158
375
353
334
379
349
339
462
432
2133
349
421
494
294
412
360
2171
2950
363
311
343
376
311
389
352
369
348
349
329
342
314
318
357
354
338
368
94
362
1265
390
339
452
347
338
345
359
335
345
335
322
350
294
324
413
337
349
362
356
333
312
298
518
341
367
356
352
482
373
469
455
305
329
308
437
3124
338
313
358
324
317
302
357
351
368
340
329
315
324
323
367
353
328
1966
437
459
362
432
368
469
439
980
426
349
365
316
363
317
336
339
346
331
419
514
363
327
371
354
432
386
343
339
356
316
344
369
336
354
331
351
355
463
330
362
432
351
334
1195
332
303
432
432
432
432
432
432
401
306
1244
3224
447
1035
456
316
334
487
446
432
194102
195107
318
351
381
318
354
319
302
355
234
347
376
2303
371
384
397
333
309
368
370
337
2789
1013
484
305
2128
503
464
1399
413
1567
432
432
584
362
490
327
324
417
397
470
439
6968
432
342
339
320
577
448
518
454
501
2918
317
347
514
432
327
901
150
413
413
321
317
374
323
4563
313
467
464
333
322
359
389
466
828
348
432
458
348
488
356
321
501
343
351
1158
368
302
302
360
339
1971
2783
341
328
366
460
485
313
2179
324
432
3607
419
374
326
357
358
357
383
663
360
344
324
418
1258
427
443
352
306
437
458
21350494
338
302
459
313
314
526
441
385
379
378
316
349
298
390
467
432
430
384
388
344
316
343
367
378
341
381
351
294
364
363
552
330
311
330
322
432
712
432
318
334
295
369
299
373
367
308
335
340
353
450
340
315
330
376
306
336
340
339
373
295
327
328
354
335
364
317
308
351
353
350
349
300
308
376
498
370
333
345
348
331
333
321
359
337
447
379
371
391
313
309
482
384
331
334
335
326
334
341
374
306
323
301
368
325
326
347
343
325
342
386
372
340
365
310
368
340
297
370
314
327
319
371
334
430
330
361
322
373
363
332
432
302
345
319
342
320
321
323
340
336
322
7026
318
319
313
338
296
363
364
342
488
334
363
325
310
382
368
372
360
390
349
361
4511
326
346
339
306
336
323
439
368
289
327
314
12509
326
340
378
318
292
334
323
338
330
330
313
296
350
354
341
361
378
358
338
322
384
374
367
432
329
341
289
341
348
155
380
349
350
503
538
429
361
475
432
432
464
393
453
426
378
367
343
701
171
373
287
324
452
370
369
316
339
367
343
495
454
316
459
350
388
318
333
379
417
357
354
470
482
529
345
413
369
342
377
391
370
327053
327761
327
167602
134125
348
356
357
282864
282162
275539
274825
525
325
316
455
321
340
349
352
364
374
338
335
344
361
502
369
373
294
365
376
357
332
281
367
370
307
333
376
373
344
368
354
335
320
337
669
996
314
1152
339
325
303
445
382
125
347
577
368
370
348
341
316
304
533
307
1147
963
385
347
376
357
331
376
379
308
366
364
364
338
335
369
346
384
313
297
376
316
370
378
361
305
336
319
383
373
15973
432
3096
11373
10347
5769
308
432
5678
325
24820
41295
22736
51464
61810
432
370
6569
394
337
392
47538
401
392
396
405
410
432
432
407
391
392
396
392
394
399
393
432
334
398
404
383
323
359
303
317
334
327
313
335
1917
126
338
1325
419
468
432
1432
333
432
475
432
333
353
5881
2076
662
323
86306
128221
326001
821591
31269
699481
12759
279209
294503
342
308
329
313
514727
251669
397606
319
317
914160
307
526220
379977
619715
333
336
771416
336
494898
313
341
450921
663461
332
315
293
368
12316
117229
104281
36846
554662
23107
347
432
127146
324535
391415
318
300
59897
338
211872
303
411
354
313
323
342
312
432
534237
309
410
307
294
312
333
324
309
303
322
299
303
432
317
432
432
432
370
300
372
380
432
339
19223
18494
19330
370
432
467
321
350
376
362
298
2008343
1506
500423
501398
500518
338
5197946
5190434
5189264
5188595
310
5132349
5130777
5102942
5058805
5058131
5055158
5054802
5053997
5053221
5052530
432
1724513
1723625
1699235
1699867
333
363
311
327
356
363
442
314
348
472
339
2580058
2579348
334
387
379
299
330
367
35
465
382
1421221
377
1422165
1423082
1420791
1421778
239
432
432
432
432
4882
305
418
513
358
437
341
428
389
387751
382906
357368
357027
356401
466
349
432
432
448
470
432
432
301
520
318
450
2215
105
425
893
369
334
368
490
462
432
432
434
417
134355
134363
135191
419
477
6072
309
322
311
381
445
363
448
359
386
390
366
432
315
360
338
323
9136
456
462
326
444
366
337
508
176
438
434
13679
499
335
348
312
436
358
301
464
432
382
471
325
342
479
369
53380
52875
1679
315
341
451
342
304
285
329
362
383
3670
315
361
348
459
356
369
433
443
450
314
2469
303
330
414
5759
503
454
428
325
337
289
360
422
355
426
388
427
36359
349
459
487
312
470
413
347
329
442
440
490
325
435
293
115540
470
432
432
432
432
432
432
432
432
432
432
432
432
432
432
432
432
432
432
432
432
432
432
432
432
432
432
432
432
432
432
432
432
432
431
485
432
366
357
380
860
374
342
366
151
45
487
491
326
465
479
441
517
359
580
304
708
502
3343
452
4059
439
306
297
349
471
300
379
330
433
359
8
444
354
329
473
1100
435
470
341
379
343
359
424
451
117
89
501
553
6261
525
360
547
441
432
67
267
389
354
299
481
1436
412
434
442
432
516
320
497
332
432
456
466
505
362
308
316
330
304
328
470
333
364
434
381
342
492
427
286
296
363
347
303
310
374
388
313
432
432
335
298
355
315
2375
456
455
333
432
432
656
461
509
448
437
332
448
304
329
464
639
607
311
429
296
462
342
432
432
711
335
331
369
292
1131
348
335
348
282
335
304
336
324
326
315
316
364
436
370
1440667
1441303
1136624
350
346
364
321
432
357
344
901
317
367
311
353
755
394
375
328
314
342
314
324
309
334
339
313
338
338
366
323
326
322
344
328
289
348
341
371
365
307
590
355
318
310
320
627
335
348
318
357
311
382
375
345
372
358
331
327
336
308
376
364
341
452
311
373
377
362
360
334
339
340
301
346
383
378
370
331
330
345
337
364
342
298
348
335
352
377
387
294
380
353
373
988
336
319
365
309
380
334
390
435
328
380
349
365
397
330
291
358
377
329
334
353
302
369
3910
373
389
377
310
347
367
327
319
384
325
308
310
336
381
396
357
350
315
677
297
375
288
358
401
432
321
520
339
346
342
342
432
323
296
334
370
1522
1702
432
432
335
297
299
432
334
350
413
350
453
379
471
2102
318
445
3836
2477
335
337
442
346
354
325
337
364
493
586
73875784
73875232
435
325
37159
36232
37084
301
305
327
23812
24748
330
809
432
432
481
458
451
223247
412
513
422
800
319
333
335
432
432
329
1092
328
461
482
432
432
828
311
368
342
373
463
309
500
3603
357
357
323
373
326
292
316
432
316
538
362
326
7848
13636
370
540
456
294
412
352
432
465
325
330
432
504
460
2166
432
432
16110060
472
360
1054
441
2344
330
326
363
297
378
341
366
319
432
330
292
343
342
1025
443
381
357
319
309
315
294
513
313
6218
335
432
152342
432
412
506
1869
354
26621
1461
315
320
6654
354
322
348
313
413
433
511
376
453
327
325
432
332
297
322
341
304
371
505
384
297
342
310
344
502
140
3144
337
334
352
1711
367
607
361
364
344
389
324
301
323
28067
432
288
710
294
432
332
1622
238621
472
306
312
517
360
418
337
300
370
326
298
56228
55488
314
331
30986
31874
31881
357
345
335
342
375
305
337
358
352
345
325
340
432
335
325
367
328
291
367
472
440
651
462
350
336
378
314
308
306
362
321
335
334
465
324
347
463
349
458
447
616
314
840
537
424
442
438
498
2371
2163
432
326
432
432
461
341
427
324
529
480
306
432
371
469
453
344
369
309
527
432
432
498
350
348
322
310
348
332
344
303
313
346
355
387
424
322
490
379
375
432
432
353
345
313
358
309
1299
375
313
357
19
323
368
8502
7589
15633
432
14767
432
432
358
322
325
371
380
333
335
306
426
449
376
354
367
1151
485
335
362
386
302
364
497
349
335
372
384
372
378
347
380
432
432
423
353
479
385
315
364
340
450
340
325
379
337
313
355
354
356
319
347
317
338
346
421
365
363
345
375
390
375
353
310
304
321
334
334
367
327
317
338
328
340
375
354
360
305
329
351
322
315
328
340
329
381
530
663
374
380
380
333
381
764
303
377
354
485
366
373
369
542
346
1018
312
320
752
340
366
355
379
313
372
376
363
362
322
374
353
403
369
384
355
367
112474
119986
120479
118327
363
119012
533
350
79387
119440
120255
380
385
371
115275
144553
143800
369
143257
312
373
322
73136
379
73387
365
7696
375
377
361
363
327
351
376
336
359
356
366
332
378
355
376
372
376
521
9563
9582
8760
365
54602
475587
1569
420392
340
432
258354
432
547431
408
482
24238
25043
25050
24116
24132
25060
24182
24127
25220
23847
288914
354
263622
112861
432
432
81447
432
41075
46558
46430
47445
432
46056
323
697
334
470700
377
336
432
432
432
432
341
339
432
335
332
346
350
353
357
348
364
12007
432
390782
432
432
373
32569
934750
316
322
75615
344
321
345
311
2020
338
324
366
383
366
335
371
624
495
2967
8204
366
387
481
332
398
372
332
362
338
310
333
364
383
354
331
349
370
321
331
372
337
322
147
360
376
441
325387
324615
328839
163084
387290
388209
215509
215713
214803
215696
214712
207596
424
427
301
354
413
1775
11559
2187
741
1460
350
336
1018
371
373
463
370
375
519
445
458
305
380
372
2685953
372
344
351
332
513
295
432
432
432
1931
319
361
1989506
1989070
922283
922815
914355
913690
362
324
365
340
293
316
365
377
317
1072
340
423
490
411
339
361
307
432
526
515
474
477
333
309
372
365
4928
2132
421
462
1168
443
527
388
3089
320
320
377
315
357
359
365
452
336
334
330
326
332
349
342
357
353
324
345
311
302
470
329
325
368
328
347
357
309
364
441
465
354
330
347
299
96611
295
315
381
420
327
352
357
355
336
332
292
90135
310
432
339
354
373
329
499
479
310
452
525
491
311
331
506
283
324
428
422
29418
30184
326
352
315
349
297
332
463
164
325
333
487
444
6192
490
374
330
380
303
340
345
323
455
469
339
340
349
346
473
347
367
328
377
321
375
417
311
483
450
301
414
351
351
317
341
317
373
313
331
354
488
384
296
327
343
366
360
304
327
350
382
337
333
366
340
349
319
432
432
473
349
332
351
304
494
332
955
308
306
351
2930
384
421
491
312
375
311
289
378
5724
357
350
4932
350
439
502
503
493
371
319
344
322
310
5283388
334
422
354
1234818
1235393
1235761
358
369
317
340
373
2615199
343
310
317
343
354
349
306
342
2206837
2207448
2132666
2132236
2131887
309
307
327
371
298
325
1959
476
364
344
372
468
580
341
4145
797451
792518
783247
501
328
370
321
327
1688
6635104
12385262
304
343
310
364
349
471
445
315
357
324
346
343
341
334
343
327
6087
444
372
2471
454
597507
341
333
367
5750003
2213
541
340
329
369
420
436
488
458
443
355
346
414
485
348
373
369
339
322
343
465
322
296
457
492
432
335
307
462
342
358
412
326
342
454
381
298
455
462
318
368
449
343
450
361
456
191
373
498
925740
925222
632
365
1179
827
348
367
2010274
2010756
1933803
347
428
5443
337
504
359
372
479
305
348
380
470
317
379
387
303
334
311
304
364
315
696
370
332
3532
346
357
388
343
375
293
511
387
318
334
349
339
318
383
381
351
375
365
358
302
368
459
502
315
374
389
328
341
440
496
331
356
361
511
450
380
362
302
341
368
370
298
914
891
311
341
345
307
386
340
382
502
300
386
390
13378
387
329
364
299
374
336
1236
485
314
333
371
412
328
362
356
327
342
339
355
370
344
340
340
336
342
432
432
342
303
313
319
321
13017965
375
334
364
348
340
326
350
361
382
363
319
389
367
12919
11950
365
343
299
322
310
335
360
354
328
315
329
342
318
370
383
387
328
362
331
353
307
351
323
365
339
348
339
334
414
328
350
532
375
331
368
389
298
339
318
342
452
361
358
306
320
487
519
432
432
1047
315
309
411
327
339
380
359
356
359
462
312
329
377
299
360
381
490
344
380
325
318
354
401
316
312
314
302
299
319
371
2049
352
335
301
342
331
399
478
322
358
378
317
330
321
54990844
2911616
438
314
297
305
306
368
312
321
367
2083605
345
351
322
338
380
329
5884
334
340
313
304
334
296
509
307
347
464
171881
159496
158912
487
321
312
1115836
334
7171605
67060
5001
304
335
353
298
348
336
304
324
324
303
458
1817
322
300
333
485
417
328
1951
390
358
546
359
432
365
432
337
71180
70220
350
165
299
348
3058
427
384
490
487
17
471
372
664
2618
339
332
355
33
384
367
327
321
374
926293
13009
304
324
349
326
466
340
340
58962176
342
58965152
58965340
58964680
39314852
58973620
368
297
341
336
302
302
369
333
300
312
362
458
295
311
306
359
335
351
339
308
360
345
316
376
339
326
308
337
338
318
361
325
296
359
342
331
369
380
335
353
368
438
434
307
331
60322
324
473
304
344
360
335
320
368
311
336
337
248
64702
345
342
432
396
382
366
394
381
364
343
353
346
347
361
299
334
341
369
357
346
123
322
322
432
332
432
432
320
432
328
314
331
290
319
320
432
432
331
432
347
344
323
333
310
328
3165
332
346
331
99805
322
333
1076
1804170
11816767
11819889
331
256663
343
346
11805525
208
334
11806694
11797490
11806687
328
509836
6463
11803582
58064
336
329
7859368
11800487
11795274
343
327
325
362
348
317
323
411
355
362
359
365
375
384
46879
2825
1266753
358
11465699
317
348
368
368
350
383
364
379
334
330
344
365
337
322
342
328
306
319
361
300
322
379
347
324
373
324
324
324
16089
6460
3225
9829
140
307
339
5458
1566740
241988
418347
17395
194050
758745
167650
306
361
300
352
834301
306
301
293
321
285
324
226919
296
285
315
340
380
388
339
339
1082
412
290
290
440
3223
3068
336
322
345
346
336
342
341
366
354
356
307
433
340
442
337
354
431
432
432
323
373
335
459
369
376
298
342
324
495
314
898
339
417
421
305
349
468
410
43430
42533
468
321
71557
71801
72171
63814
337
382
376
344
501
381
1737
381
335
371
320
333
3113
3529
352
8341
413
473
423
444
414
321
452
454
470
351
385
362
171
301
353
370
311
382
312
372
333
350
327
339
339
346
321
298
356
342
326
322
344
375
312
313
499
447
332
344
341
432
341
362
339
348
364
371
432
317
376
517
4471
3466
375
324
340
4246145
337
414
325
4196181
4196813
323
347
331
302
306
309
477
374
3272
432
325
297
310
362
310
314
322
321
369
7751
8585
320
413
459
305
344
357
326
323
369
316
343
368
356
883
1106
350
342
365
456
432
492
311
361
1958
2685
13306
424
337
363
370
301
453
452
211
365
533
310
418
322
492
562
518
370
330
699
348
310
372
349
322
365
2682
367
356
384
350
607
620
585
1038
353
384
342
353
368
305
336
371
346
479
430
6353
5679
353
336
376
310
300
308
330
300
349
432
339
367
379
376
313
378
334
301
362
354
379
335
360
316
296
375
148
768
591
363
324
312
313
350
324
303
323
385
291
304
337
312
326
340
318
346
347
363
338
379
375
401
333
966
504
342
381
392
380
298
332
350
345
376
358
319
332
366
341
339
328
353
491
359
475
300
389
354
327
311
367
485
345
365
356
382
349
351
347
597
354
363
90
330
332
324
372
326
1103
330
336
353
432
432
341
369
543
323
359
355
339
384
547
367
1780
648
375
346
326
719
345
323
377
504
351
365
373
323
369
368
368
332
317
324
325
471
310
655
335
292
363
300
331
316
317
1201
334
376
635
436
318
306
483
334
363
313
379
344
332
355
524
364
384
336
334
386
369
362
323
353
341
297
331
354
350
749
428
328
322
446
306
357
337
919
464
430
356
356
314
345
82376
321
302
350
304
339
340
340
322
311
329
375
1308
327
353
910
324
302
126950
126007
354
317
315
326
332
12089485
1084
287
330
332
336
365
303
328
307
366
325
458
469
313
298
330
376
377
354
336
324
296
365
304
1801
372
320
588
447
429
344
356
309
331
367
335
332
378
344
296
362
324
360
385
325
321
432
289
362
334
324
321
322
330
295
1384
432
432
432
374
372
370
339
364
442
335
372
431
356
2922
8488
5140
343
639
566
1593
6156
379
479
470
296
346
589
478
1700
324
469
327
307
464
328
3253582
3039549
2899674
2900250
2884433
2883952
4815402
4817162
4817854
476
326
312
334
335
365
295
430
316
360
340
436
358
356
357
937
333
316
383
385
359
313
315
332
437
301
339
358
432
432
40272800
1508
349
350
328
8391
312
1043
432
432
338
339
313
312
367
429
639
410
371
327
346
450
350
3539
547
1703799
308
468899
469628
459882
447552
448261
441491
426173
286511
287574
287445
287301
285011
285961
285855
466
474343
475086
426709
427283
29770
985948
374
372
4931280
337
326
339
363
359
4879725
336
4956942
347
4152136
365
382
279
325
333
371
342
382
366
2881
374
6182
362
5615
347
4408
4456
373
82
1088
2341
4635
3680
327
332
370
339
380
386
399
404
327
352
399
401
289
302
388
383
390
329
406
344
375
382
370
305
54336
1176533
380
395
396
396
573181
401
333
368
294272
445653
294
319
310
317
386
317
44569
1523
325
388
296
100
325
502
333
348
329
357
376
591
377
350
380
348
380
395
328
1065
4351
377
396
404
393
359
370
374
372
3628
376
756
343
354
357
57867
364
261
432
3873
346
324
104446
105198
105379
365
317
326
1124
353
341
315
375
313
301
318
413
335
365
324
320
315
324
312
330
312
432
343
1204498
322
312
350
324
366
441
485
342
950
338
356
453
361
356
310
342
364
456
28438772
28438070
1696
321
328
323
327
360
344
106319
12577
1724468
12689
376
356
345
435
365
332
347
432
296
439
367
296
325
372
335
336
338
346
294
321
337
1490
333
329
345
344
360
318
319
372
621
339
307
299
296
330
503
442
338
367
347
356
518
363
346
332
353
403
304
344
5732
7064
55107
54760
20086
19234
19399
23277
356
349
10612
10360
342
315
340
364
362
376
321
350
355
363
334
293
380
371
305
526
328
351
325
432
363
327
347
337
465
334
311
333
349
342
349
301
380
73829
353
4658
2290
349
1354
361
333
356
327
345
341
320
347
331
338
347
336
307
295
368
333
364
314
319
327
323
357
602
330
314
331
351
322
593584
354
986283
985271
341
360
332
310
360
363
334
315
317
359
297
331
320
331
364
313
541
2377
362
432
438
378
630
1444
364
346
371
2880
365
552
328
339
454
370
369
350
346
367
320
345
369
373
322
358
372
432
300
375
377
547
425
356
312
338
434
311
361
362
327
350
351
430
3108
325
432
432
412
2073
299
2334
1586
302
317
2132
372
339
6107
424
348
294
353
325
461
289
356
347
321
319
348
336
344
363
326
403235
365
937
343
336
332
295
315
326
317
2080
365
1742
1918
320
348
335
296
334
332
392
327
304
364
490
321
350
363
370
476
348
37305
23630
435
364
475
327
326
1009
328
323
331
327
376
365
336
317
3239070
321
375
309
2352
362
432
1108
996
342
366
358
316
351
375
323
842
350
529
336
323
345
478
427
344
359
356920
314
358
319
306
337
323
357
329
363
324
458
455
490
458
497
334
4503
376
477
376
499
6099
355
432
432
455
375
7246065
335
350
373
328
334
432
345
392
311
432
350
346
488
341
376
363
317
408
344
360
370
334
454
361
289
387
366
321
364
327
357
331
389
351
340
412
329
536
323
352
352
321
333
337
325
320
340
315
344
345
333
374
338
296
431
399
357
461
328
333
432
309
375
500
336
317
337
339
343
513
459
336
1197
322
345
366
301
386
335
354
348
335
360
375
376
342
324
375
374
305
8882
493
3152
300
345
432
336
372
342
336
326
319
357
372
343
352
371
340
955
365
373
1091
366
325
688
381
387
355
371
365
307
461
377
341
376
362
381
379
323
344
310
335
1023
321
327
481
580
348
316
334
367
50034
333
327
364
290
378
361
1207
313
370
317
362
762
307
310
351
323
302
394
352
370
349
364
369
370
386
286
370
331
309
1769
308
372
305
361
395
346
321
343
493
331
341
323
525
381
444
586
389
453
1115
329
560
310
349
313
366
380
308
333
363
348
291
350
353
326
411
328
340
349
330
358
366
445
286
421
486
363
313
365
432
449
425
337
307
661
347
1330
688
498
543
1614
318
369
371
337
1347
348
351
350
432
320
370
372
488
439
478
433
319
333
415
1334
320
332
305
1625583
1625026
1624224
1615831
1560906
1550880
360
371
316
288
301
317
339
1792
33298
369
370
350
323
366
351
383
388
432
432
368
328
359
702
325
325
489
342
368
369
226
358
304
360
440
364
372
377
432
345
372
390
364
802
287
2153
322
310
215444
59974
157179
150497
344
4948459
347
24153
4865721
4885354
4885020
4912371
3886284
1933955
359
357
299
325
344
366
319
307
332
333
335
301
2162059
311
2744846
336
321
354
1618875
322
302
375
325
359
311
362
316
325
328
330
291
322
309
310
294
306
56637
213400
340
298
313
19346
4050
851
326
341
339
290
316
305
371
343
338
372
347
349
432
432
432
337
346
319
337
417
1240
329
1382
512
491
475770
476331
327
3558
311
484
364
418
477
363
5477
462
434
261
108
744
455
453
1887
475
508
427
322
770608
344
353
351
298
432
450
454
483
535
519
452
343
342
478
312
358
375
607
478
495
327
910
466
438
7042
6887
3566
1023
432
432
432
440
359
373
453
498
310
330
372
461
312
497
316
314
421
429
359
421
320
327
313
444
385
346
447
437
345
446
432
364
305
361
290
456
3401
413
339
319
432
369
510
610
449
432
371
325
2200
412
4029
367
167
498
451
423
454
432
299
432
432
2003
297
491
322
312
533
567
459
478
377
373
418
346
336
328
365
332
514
990
325
23033
23882
444
444
1466
332
348
481
319
312
340
365
378
317
366
330
329
5423
5683
441
2360
455
452
448
1574
8297
432
432
452
9117
419
432
470
432
432
455
624
497
414
324
395
585
485
339
359
379
466
464
301
1797
369
595
333
358
337
829
344
444
318
403
290
349
348
291
411
329
339
338
1188
1304
338
325
344
331
322
469
1108
351
357
384
670
942
385
337
321
352
371
362
339
366
872
337
368
330
335
342
337
289
332
313
349
400
381
330
265
379
324
367
372
444
375
308
471
347
345
331
385
364
482
355
359
2108
316
328
316
339
326
320
358
360
372
370
314
347
330
474
366
321
348
496
327
365
389
392
314
321
384
357
331
363
381
384
374
354
353
350
300
319
333
171
342
344
289
308
795
362
381
363
354
317
138
294
357
364
380
475
329
374
347
318
3239
337
320
359
374
378
357
438
347
354
525
392
317
358
363
375
380
353
316
502
380
368
376
372
304
298
360
307
288
324
352
367
372
364
395
316
344
333
338
363
298
316
335
335
362
368
324
334
333
360
383
318
386
323
333
303
312
348
361
503
306
299
327
363
306
569
358
334
343
310
303
312
346
373
364
379
328
367
318
326
342
340
351
366
368
376
343
305
985
365
299
349
376
354
300
353
342
384
339
374
2457
1453
378
514
302
368
336
379
212
335
332
339
364
329
359
375
321
378
195
371
338
314
315
384
445
338
303
362
54
317
327
343
305
337
330
319
377
470
355
342
388
377
369
324
340
352
344
340
307
366
311
316
318
315
326
316
352
342
356
378
342
582
347
364
357
331
351
286
153
355
352
321
314
326
321
257
562
356
358
361
371
334
253
326
1005
369
370
357
375
337
356
340
333
327
334
358
357
315
338
370
339
319
351
366
364
317
381
319
303
538
320
319
317
337
475
16380
344
348
363
346
368
307
353
312
441
149
563
17
370
344
316
371
336
376
337
338
372
329
326
363
372
372
316
324
354
432
371
337
351
374
2733
376
365
591
331
362
337
341
296
372
351
349
349
449
432
2165
8129
432
351
323
313
362
337
324
325
367
339
378
335
298
336
318
376
360
319
352
396
321
310
311
314
327
311
355
331
321
342
325
341
333
338
300
380
345
369
314
332
303
313
353
331
341
311
363
335
349
389
314
357
359
368
323
382
351
340
327
360
354
353
365
328
345
102168
335
371
304
6478
315
315
317
333
348
358
448
301
344
303
336
1536
388
372
309
1337
4081
321
357
352
325
358
326
298
342
439
348
356
374
321
354
365
314
339
458
308
347
316
335
338
430
329
310
297
328
371
361
328
311
379
338
359
340
323
346
315
346
372
365
341
325
369894
370496
366955
347
364
371
334
356
319
329
318
344
1812
349
334
341
50386
51158
3082
359
352
330
445
354
314
370
436
326
363
367
349
357
102216
101652
481
78345
78822
198311
192751
192158
326
316
432
322
355
364
335
305
367
373
316
318
317
335
367
356
361
379
287
312
336
382
381
336
331
368
314
340
432
340
314
315
330
348
357
293
333
302
332
337
460
308
333
346
363
338
351
366
334
365
316
326
346
332
346
559
293
327
360
320
378
307
358
342
338
338
316
324
379
348
356
356
379
373
310
337
329
367
455
324
356
356
368
334
357
320
380
355
342
302
333
364
337
375
315
365
371
329
324
351
348
82197
80395
349
335
365
331
341
333
385
342
333
312
309
58730
62017
61171
360
366
300
363
339
318
1609749
1720455
329
1018
1849984
432
432
83014
2535
310
339
291
335
337
388
349
347
544520
543847
325
357
432
207765
358
294
418
2070
338
315
372
450
455
337
342
344
445
370
142905
570
419127
419707
297
314
432
351
356
296
335
384
489
95110
94184
335
355
382
432
333
293
354
336
329
21888
366
340
360
351
337
341
308
323
292
331
686
349
318
318
363
322
343
323
317
315
301
342
816
298
333
298
325
355
318
331
344
7
3987
310
349
326
369
432
319
5116
320
330
353
301
1130
34458
24332
325
334
483
365
563
712
326
318
1946
2109
334
325
368
338
463
342
368
381
356
367
363
330
390
294
364
332
365
334
359
393
371
382
348
337
334
373
376
6020
370
384
368
352
380
379
441
311
481
325
4322
335
369
2309
361
350
354
360
361
324
320
337
324
329
378
374
382
348
314
343
340
359
327
342
413
2353
432
371
364
349
281
91
432
432
432
432
432
432
432
432
1515
432
331
327
366
360
361
317
370
425
374
368
355
360
316
339
323
352
337
444
945742
461
363
317
341
369
356
346
473
429
340
307
312
299
566
356
329
365
229
321
331
326
434
375
345
298
323
311
392
341
315
367
366
311
340
374
325
337
326
347
350
322
332
323
312
365
343
339
328
321
404
336
320
334
364
386
347
314
342
329
303
311
302
437
373
316
310140
31888
333
66776
67658
316
334
345
1510
328
333
305
350
327
335
334
1123
6258
349
2486
2764
351
358
371
375
347
309
332
320
314
495
23701
313
432
341
327
326
309
366
365
353
677
351
363
348
348
359
344
359
348
367
347
339
295
370
339
355
347
344
425
376
360
334
360
327
373
322
356
361
357
360
363
994
334
361
289
1120267
1119797
339
349
468
320
355
318
362
353
348
361
304
313
319
355
362
346
300
314
376
322
317
358
432
339
365
349
352
369
325
756
319
330
336
325
331
332
338
342
347
373
298
342
332
343
354
319
353
447
373
352
305
321
354
322
336
339
372
360
304
369
321
388
379
353
321
330
348
328
312
332
357
376
331
494
339
305
319
351
345
327
382
316
1628
365
326
345
325
377
1606
345
304
355
43193
348
330
1226
1639
269219
268225
295309
296282
300
295298
294348
676699
676154
675643
315
3328
36322
35518
36258
36371
35110
327
347
329
304
29806
28953
330
2818
39925
39385
416
487
72717
73701
36747
35836
36610
37581
36657
446
328
367
346
327
321
1234
1531
354
342
329
343
335
328
358
811
330
315
382
295
523
5356
5154
312
303
296
369
321
371
382
355
19733
18899
20024
580
297239
349441
279651
324
345
323
377
357
357
868
333
56240
57179
56349
358
482
349
310
375
366
336
320
64216
362
326
357
348
358
313
371
343
446
914
312
340
303
330
334
333
318
302
297
361
340
357
315
397
528
320
370
509
383
355
480
303
366
298
373
370
358
10025
317
319
348
529
289
313
307
716
447
583
330
378
331
745
382
360
313
307
190105
190770
355
309
477
316
344
336
300
322
351
362
341
326
360
311
296
367
344
268
1759
343
369
379
318
365
319
367
364
327
328
1682
302912
303410
378
2098
352
31
303
348
296
332
348
339
378
315
325
321
296
358
336
364
4027
327
496
432
335
343
319
296
327
473
284
328
316
341
427
311
487
432
439
480
368
417
431
479
492
367
432
432
376
353
334
432
473
223259
2063
429
352
367
319
480
367
372
318
336
359
342
380
306
315
312
312
297
474
455
364
353
349
343
329
341
370
309
330
849
362
319
369
432
316
354
2677
2951
493
485
427
358
493
323
344
413
81730
384
382
293
376
363
379
380
370
309
349
376
325
358
372
349
316
345
432
326
356
413
326905
327446
379558
378833
378166
3742650
432
337
300
321
325
355
328
354
301
357
5071
341
339
343
315
2365
301
1936383
314
330
88825
113402
324
335
23083
2126
313
291
306
329
358
299
294
337
305
314
326
296
361
308
324
407
313
1867210
567257
358
432
334
1859232
553704
376
341
432
432
2981
300
1208
333
316
313
311
325
432
344
315
432
432
421
336
432
7072
41
8396
11290
421
2284
4622
9264
432
432
432
341
432
432
4485
331
310
25
356
433
1479
385
7266
7408
432
317
432
317
358
472
359
353
432
432
292635
432
312
321
356
432
519
2741
337
330
432
432
432
1295901
329
298
1298996
395
15282
395
412
31864
432
402
329
432
683800
432
321
473
330
332
368
359
312
2843
341
629875
380
2075
621741
342
432
1069826
432
334
362
1183908
432
314
442201
441417
432
432
223376
441830
437196
1532005
432
432
432
432
432
432
432
432
432
1502
432
753064
512240
488863
331
297
321
356
3073
320
487
308
314
432
347
432
312
336
432
432
323
345
2133
337
432
432
340
432
348
432
338
938205
938913
432
432
432
432
432
329
367
432
1055
432
517
432
351
335
432
432
156403
432
4641
329
309
458
334
316
332
335
339
432
432
432
363
337
322
432
330
358
403
353
375
360
337
335
5
319
324
2744
370
311
3530
228
15416
4343
120
14311
18705
11143
5516
1901
1124
5035
365
345
337
118094
110
375
315
347
352
15580
6833
7065
367
375
377
342
327
365
309
343
361
380
396
370
375
350
406
301
362
334
336
356
320
333
416
425
331
371
466
463
366
356
312
382
379
315
1955
323
334
670
313
350
346
305
319
362
347
376
325
341
426
317
321
3318
308
302
316
297
436
295
358
2461
375
328
352
503
459
322
340
304
346
504
338
303
372
348
439
361
385
326
328
334
363
314
594
356
311
331
324
341
349
334
346
345
361
375
343
461
326
348
328
319
344
424
1225
347
2744
362
330
294
297
432
432
501
293
374
357
2865
6023
2536
357
298
321
320
314
332
347
368
473
335
318
331
346
326
369
51516
52169
50720
373
620880
320
423
310
328
383612
382991
354
1385
365
361
341
360
315
374
338
460
428
309
334
326
497
313
302
328
320
311
478
330
372
331
127851
320
363
335
386
475
316
372
311
332
457
334
347
337
332
323
309
315
354
314
362
300
330
473
339
6045
469
412
432
432
301
371
349
357
447
330
464
382
335
343
330
294
357
359
373
355
366
326
333
328
352
20132
490
316
292
326
58
62
362
305
331
362
330
354
323
476
349
417
298
314
346
369
358
365
363
349
516
316
364
469
391
376
364
344
352
327
324
359
369
329
374
333
301
372
384
388
332
2195
309
388
379
321
365
316
344
930
311
598
301
315
382
400
340
326
295
306
355
389
385
432
324
383
324
385
363
395
343
377
326
563
323
432
432
375
319
361
382
362
307
319
332
1226
337
373
858
346
341
484
379
370
319
493
375
394
378
371
359
330
351
321
333
351
374
379
364
37397140
432
323
345
3530752
378
322
361
337
337
321
330
304
375
354
432
341
318
355
432
432
366
432
432
352
353
432
338
336
371
339
332
432
369
371
432
842
371
432
355
365
349
325
346
344
362
330
357
320
342
336
344
311
364
335
411
324
378
331
330
319
343
432
340
115
432
432
336
349
337
432
432
313
497
441
349
357
1526
55702
52236
318
311
302
432
343
432
319
326
294
342
432
312
432
432
318
321
432
340
366
432
432
358
2929
314
338
432
340
432
432
432
432
568
432
373
359
353
385
326
363
292
329
332
331
343
362
345
348
374
1842
335
372
375
353
361
361
389
375
354
355
373
359
346
364
374
336
432
366
370
387
365
6779
370
354
336
388
432
353
345
360
366
301
374
357
336
363
432
432
358
479
348
323
353
310
340
338
988
335
340
326
302
315
337
448
342
432
334
432
321
371
316
432
432
328
382
331
308
305
333
326
318
346
342
353
359
1407
18523
28323
18593
18721
19565
18702
356
354
368
380
369
361
378
359
1353
996
382
432
392
432
1329
346
335
290
432
467
949
432
432
371
447
432
432
345
413
5666893
3224
663
456
432
432
420
497
474
448
101
676
640
504
333
1092
572
474
467
351
413
363
348
411
1937
459
321
376
413
379
432
353
498
354
307
432
310
361
349
331
335
432
331
446
375
421
493
331
322
448
367
334
388
451
339
371
366
357
340
477
504
515
413
366
438
441
451
321
579228
295
474
316
506
337
4408
363
452
805
371
336
295
351
333
444
378
489
384
405
381
551
365
314
384
328
518
447
380
371
380
469
327
360
307
390
366
322
356
356
340
338
388
364
357
321
328
326
323
379
306
347
344
359
464
329
680
369
451
351
374
77054
18311
309
352
430
297
326
349
337
363
362
383
379
335
333
385
303
314
339
358
411
402
349
377
358
338
508
339
83
308
331
322
370
1869
1643
376
374
380
321
368
366
380
307
375
339
325
333
356
287
330
477
375
333
1344
331
308
324
320
354
330
378
373
300
306
331
353
354
378
352
375
371
432
432
348
3584
5353
376
381
348
320
3220
337
1605
482
329
331
340
2205
287273
284438
364
349
317
343
363
361
331
330
302
351
361
261
360
293
323
347
432
325
314
334
313
325
309
2505
332
322
330
354
330
359
334
373
305
432
432
458
362
326
349
302
323
295
329
432
316
311
333
358
321
337
427
302
336
3677
339
298
335
365
383
315
343
432
354
363
352
357
345
376
370
351
366
378
345
363
341
310
330
363
322
336
312
324
390
331
343
330
354
368
318
545
435
364
337
347
317
356
329
453
350
317
320
364
274
315
2821
1607210
1606953
432
432
1302671
1303029
351
368
342
305
326
348
373
382
325
355
317
336
375
327
3133521
370
377
363
345
312
367
302
315
320
308
332
362
318
1016870
1016143
316
29440966
29440430
306
323
361
320
328
335
350
337
312
331
335
315
298
413
337
48492
432
432
21959
22741
22135
25335
432
432
432
432
336
58156
57249
462
314
1330191
381
377
308
361
379
362
398
376
325
37199
319
741
959372
344
320
317
344
374
326
334
2786
2619
321
224759
223825
257067
296507
295556
295665
295611
295644
339
395
336
351
308
336
308
293
334
1772
420
288
351
305
303
308
353
368
502
379
323
303
327
362
396
334
332
353
341
344
333
310
2724658
317
322
300
344
311
350
375
359
342
321
336
360
352
351
325
317
294
330
363
364
339
340
334
294
332
372
332
301
320
374
369
410
519
466
337
2904
451
348
341
525
986
326
364
418
328
335
343
6509
5577
6054
336
354
373
3422
53042
441
326
341
334
328
437
4771
363
432
432
373
356
372
345
381
780851
415
326
314
320
358
336
347
321
338
313
361
348
331
324
363
341
430
311
292
300
315
322
19251
327
440
338
296
1240
309
373
328
373
342
325
1084
331
310
320
296
359
363
472
365
330
299
340
323
313
367
340
330
319
333
311
341
386
292
306
311
318
307
328
368
301
324
357
325
330
334
61036
1163
361
372
331
762
345
336
375
319
361
426
341
335
324
317
371
316
388
941
363
328
553
354
346
340
327
1556
307
359
324
562
331
355
372
363
335
336
348
374
602
333
329
320
374
447
464
1001
45
365
362
1971796
1972448
328
317
336
364
295
508
418
377
378
326
316
388
523
356
348
355
340
374
378
324
375
456
310
532
515
372
346
327
438
322
330
360
460
436
434
464
371
445
588
356
370
303
312
843
364
371
458
432
333
317
308
364
317
298
309
361
373
432
432
432
1764649
385
376
347
363
315
760
307
432
316
3762
300
487
329
444
331
361
333
433
523
312
337
377
394
348
378
352
35
381
319
363
366
377
380
520
331
341
367
372
307
374
373
359
381
382
316
421
341
326
319
354
372
326
314
312
341
369
348
365
336
312
307
361
323
327
309
341
320
328
340
79562
517
243
1335
372
370
380
363
368
361
364
206
370
37587
340
367
370
332
328
367
360
362
381
349
347
364
384
341
377
2737
379
4951
320
404
344
344
368
6831
1121
381
541
366
379
364
337
325
357
357
334
339
366
376
330
340
432
339
356
337
349
354
355
340
347
299
349
353
343
3131
306
355
2621
2384
357
1538
367
317
337
388
305
5354
303
321
339
340
344
339
308
362
373
332
319
322
325
312
308
302
329
317
432
326
2110
334
328
339
432
324
351
356
312
432
432
330
432
356
360
1592
333
320
390
49955
1054
1452
371
370
367
1441
1268
103
4038
2255
6241
4071
4844
122
1470
305
367
381
369
364
432
432
432
370
6624
5319
365
804
342
366
3831
357
379
368
376
380
371
391
329
381
371
432
368
365
340
335
344
1897
375
1767
489
311
40358
337
324
1050
321
40
320
297
294
1062
469
11372
938
432
1089
1789
345
339
451
334
322
7188
6982
7547
309
512
358
339
358
368
379
314
305
334
358
902
3125
435
385
326
432
432
320
342
343
1121
432
307
340
522
318
376
309
432
337
432
309
344
432
325
432
432
377
432
301
367
480
474
316
914
25438
309
343
432
355
335
719
336
339
318
323
2262
13993
13134
4299
304
26689
340
300
326
6980
4291
321
23
310
356
432
326
432
330
432
328
347
366
432
325
344
351
321
352
339
318
337
363
331
338
338
322
318
6301
306
317
325
365
432
342
349
330
371
314
7400
10166
2942
468
432
324
432
432
367
329
329
359
308
373
342
340
369
382
391
379
363
343
94
372
847
359
317
292
2009
432
373
432
345
368
335
362
358
316
309
521
298
5689
4662
327
320
318
432
359
308
432
432
432
330
361
328
350
302
332
323
376
338
331
335
322
6865
32971
358
61918
69696
77135
133862
102939
349
9
352
432
26627
46174
55898
62978
70214
81429
95223
125947
365
523
334
71300
545
345
341
334
11647
19430
42322
59031
69157
1318
334
5077
21410
30315
36850
38228
44869
56972
69987
81474
101924
1603
11801
21464
27690
31333
35957
47803
59583
90608
8661
51513
8625
14512
18476
22507
34345
372
46826
58444
79345
1910
342
8283
15166
41664
6006
5973
32323
63817
39733
24641
57026
3123
23212
432
349
345
384
360
316
349
337
326
20808
366
432
351
320
383
369
311
372
337
372
312
432
336
380
378
341
432
369
432
354
432
349
432
371
432
432
1558411
385
348
372
356
384
358
317
327
327
330
350
329
1307
1224
327
383
355
353
348
359
351
484
469
331
368
334
343
332
432
432
303
3519
330
13738
382
384
367
348
384
330
971
377
391
375
363
325
375
377
326
343
2638
371
42566
2744
323
8601
7733
9433
385
369
313
320
338
337
358
97
16307
491
18337
371
422
1724
7666
432
382
377
19429
2647
15310
7764
345
359
384
478
336
357
361
360
340
339
346
354
300
366
312
359
358
365
1396
316
332
372
374
395
373
374
544
342
366
343
369
346
389
361
375
316
355
364
362
396
358
326
377
360
369
386
369
373
80
364
372
370
162
314
362
389
379
381
394
362
359
340
393
364
351
374
341
367
2926
881
373
355
362
326
345
365
357
322
15234
431
476
494
314
354
342
432
432
432
432
432
432
432
