329
291
320
61071331
223224768
365
452
734
654
725
307
312
280
364
339
329
577
347
1224
381
313
367
373
328
298
360
349
65394
64378
51894
425
656
313
301
358
330
325
290
339
327
296
314
318
321
311
497
321
181
24314
316
310
330
331
314
324
316
381
341
343
327
345
371
328
352
326
308
359
468
544
480
461
347
479
333
322
120
325
392
401
364
579
313
363
333
374
300
141
327
296
350
681
347
427
329
311
337
427
307
308
318
372
286
327
651
290
300
384
320
345
321
341
387
372
348
286
308
507
460
503
356
334
322
322
346
313
325
291
461
2072
314
381
298
323
370
334
309
327
517
2561
299
407
1368
434
350
313
308
479
333
294
296
321
395
444
144925
5272
553
426
408
392
320
427
23160
22239
23324
377
427
332597
329717
481
22981331
369
427
427
508
538
335
283
359
457
299
467
324
558
918
346
329
343
335
979
261
322
316
52589
52307
262850
25739
24619
23620
22009
17645
348
375
339
363
319
389
322
427
344
305
354
427
427
315
321
207
303
359
2831
359
685
495
318
305
1853
372
335
376
485
329
354
332
325
462
341
445
530
376
440
128
427
333
348
350
332
427
969076
1108118
1108938
1103383
342
209
427
427
427
332
370
367
305
322
351
320
7241
336
331
38400
306
335
343
456
25620064
317
427
427
508
455
345
10526
344
18886756
954
280
714
427
340
326
491
1159
344
345
519
341
1581
474
53816316
427
335
427
358
56049232
308
363
336
699
346
336
355
504
525
314
376
1544
474
496
519
1034
108
322
234
378
327
351
332
365
346
332
3968
356
130
306
314
231
427
317
464
427
253609
364
310
302
446
330
324
319
497
494
379
343
675
5
125580
126590
1055
283
339
374
887
1381
530
311
368
438
306
345
347
427
475
3858
559
461
566
328
502
499
956
509
427
450
492
426
359
332
427
427
868
1002
296
481
373
492
339
1002
476
16096
14550
521
351
561
6159
455
496
445
476
489
869
427
299
536
535
492
447
297
321
479
427
445
489
472
459
45544
441
492
545
489
471
388
454
458
530
340
345
427
300
508
542
460
1253
465
6225
675
482
509
574
488
1654
427
427
704
496
6741
367
3890
340
427
314
500
518
453
475
741
439
427
1066
291
522
692
307
291
68
67
358
434
463
2934
295
427
472
454
376
339
481
77080
511
511
426
617
427
2086
1056
844
520
473
7645
427
426
407
295
360
325
427
427
1949
469
4303
23616
24510
541
2606
325
332
301
504
321
513
518
437
336
1055
373
288
342
1514
353
316
427
427
454
339
427
481
340
304
326
311
300
353
307
351
328
304
300
323
346
306
175615
264904
317
342
327
1139833
315
290
304
312
332
289
378
296
323
331
318
149760
111092
354
380986
324
373
307
300
320
284
315
323
290
331
850807
322
301
444406
331
331
303
322
295
138496
1439512
311
322
300
341
331
1326188
1982714
321
314
954005
298
310
1169869
311
312
318
310
332
323
292
334
289
519011
311
284
336
291
287
340
303
361786
323
190752
295
319
300
298
371
322
330
312
301
287
300
307
389
337
341
307
304
290
320
308
330
319
325
338
284
783340
378
283
303
283
300
313
359
309
280
299
319
940782
308
318
302
328
299
308
290
303
292
354
289
282
308
312
324
307
317
334
427
287
333
355
299
289
320
325
296
322
330
290
302
290
364
298
304
340
301
317
308
368
290
334
343
292
287
307
285
364
316
283
339
284
306
301
294
354
307
317
347
335
330
322
336
666456
324
291
321
333
914984
286
340
324
316
291
341
317
303
317
323
781369
341
303
300
311
325
284
292
347
291
282
337
726839
305
378
317
350
308
357
293
300
321
300
352
311
319
310
323
319
280
297
331
337
333
337
305
326
301
287
317
293
311
317
285
289
292
345
293
309
315
328
293
313
321
1113130
318
318
355
286
290
381
311
293
312
316
342
308
12169
300
317
344
356
325
286
309
309
317
361
294
308
320
358
323
305
347
311
283
317
293
303
310
351
321
336
319
308
316
312
294
324
325
358
352
344
9861
368
312
287
359
292
310
300
367
303
306
372601
295
304
300
302
303
320
321
304
324
294
287
344
328
329
283
324
304
348
336
365
398
315
306
310
365
307
372
346
307
288
323
336
351
329
366
319
389
301
286
297
361
289
346
327
314
317
341
337
349
313
317
304
323
294
316
297
287
298
294
314
306
310
299
295
303
315
282
393
361
299
387
384
287
22460
337
322
296
316
309
303
335
311
309
323
329
300
332
385
294
299
336
286
336
308
315
318
293
307
331
316
398
333
319
290
308
310
331
313
311
295
310
289
296
321
310
314
350
285
304
341
310
314
322
306
284
292
340
332
296
384
300
311
311
308
292
337
125681
285
358
293
295
329
316
306
301
354
379
281
324
318
314
378
285
340
368
306
326
297
288
334
338
295
291
326
283
311
377
344
319
390
338
294
303
356
311
340
347
331
390
367
334
332
414
365
309
17497
293
426
348
266
373
328
294
427
381
343
427
1337
317
342
352
428
301
285
352
318
309
287
288
429
404
435
37246
64671
331
338
293
328
390
394
373
294
364
301
314
281
353
303
321
368
288
283
322
295
325
346
339
298
337
279
607
336
364
343
153
344
427
427
342
1840468
288
371
2254342
312
304
291
344
215
313
22715
326
318
326
323
319
475
393
320
1555
326
1412
324
329
26445
3923
284
462
22920
22028
518
675
297
256
328
19789
358
320
472
270
339
294
559
320
372
195
143
542
4749
306
293
297
314
2275
312
484
108807
476
45
463
462
427
2438
975
592
338
330
81741
80573
397
455
536
596
433
301
1574
312
441
306
426
515
369
321
908
315
427
427
333
645
1210
427
427
14087818
427
37946
35783
35241
33243
32603
286
303
300
430
458
1639
357
427
337
1049
577
337
441
484
750
573
455
306
444
471
38
4023
2718
800
300
451
485
346
345
700
336
337
299
298
378
456
304
493
469
674
482
285
789
3217124
619
3276
5051
464
786
447
481
533
314
426
2123
471
427
3201
218
426
426
427
427
2816
3795
1529
472
358
302
319
303
335
301
343
305
318
328
313
323
1935
295
117
345
867
334
340
426
460
16
202
104
534
494
4901
327
159
789
3623
341
783
7954
475
346
427
427
464
367
426
643
1839
2576
1491
633
315
427
426
427
427
315
427
301
73
457
479
453
468
6123
893
620
1315
536
489
695
323
477
465
443
458
427
295
1257
533
290
347
440
299
427
427
140
340
324
354
339
555
475
483
341
310
114169
115116
515
481
486
316
318
333
100
333
384
340
298
445
494
481
610
469
349
356
504
427
369
1290
461
561
1101
341
352
458
473
1696
363
502
409
1426
287
426
427
343
649
407
308
360
1107
319
309
315
318
56
534
546
313
571
2270
427
457
107
284
836
597
584
562
294
971
111
302
1794
513
516
426
328
390
476
496
517
495
335
318
103
245
385
427
427
305
365
1014
427
427
388
344
329
323
290
309
331
499
427
427
461
520
472
389
309
352
360
2005
366
298
456
336
380
449
506
1293
430
364
288
310
6289
6080
6110
472
1064
48010
46165
438
485
325
4648
1516
381
427
427
234967
225558
212367
212001
211382
1537
1362
307
325
381
330
353
324
369
291
348
312
335
311
348
489
381
291
506
309
329
330
309
701
1026
306
343
308
321
374
985
308
327
41
307
342
355
320
343
538
313
330
349
311
924
360
596
4725
378
347
2772
4692
702
320
316
360
359
312
294
296
302
380
391
528
489
317
299
297
311
346
1852
303
306
341
354
522
900
357
427
313
302
329
328
25
729
345
323
345
427
312
312
713
427
317
426
6092
344
338
502
583
386
470
291
437
1718
491
434
451
480
332
351
325
395
3611
480
331
765
326
3368
1467
640
368
333
318
395
368
316
462
526
342
500
203
540
309
427
307
303
427
427
328
485
505
361
426
426
731
116
451
643
314
341
1239
605
389
432
294
486
302
478
284
518
307
630
391
514
426
427
427
339
346
332
304
324
467
378
427
427
319
353
309
346
335
314
495
287
321
345
514
355
317
311
634
379
344
307
3899
2204
336
251
2784
427
535
327
1867
426
9
2085
340
40736
476
470
12
21159
452
333
483
336
490
348
433
434
337
870
518
427
427
2745
427
313
342
323
477
510
322
375
324
290
319
1712
521
408
479
283
338
471
458
585
502
316
338
452
460
426
1674
2310
1040
334
75941080
1858
2248
289
330
2018
467
485
325
307
441
452
3723
647
353
448
376
426
331
493
427
1649
304
361
661
309
337
334
302
328
339
337
350
3255385
472
4824
316
351
484
387
301
332
427
427
515
304
316
311
478
25238
351
366
879
438
307
350
336
439
324
157095136
318
1875407
308
2427
1931
319
534
383
2275
426
504
501
4648
131521
130975
129
1643
520
497
489
544
478
218
523
308
491
476
482
309
459
509
543
405
27489
26102
335
242
322
331
324
327
295
503
19678766
910994
24259752
24252962
24235724
334
308
331
308
349
2473
1054
319
2980
3707
292
3881
347
312
374
23667966
24320222
342
466
586
3086
7163433
7162660
8390343
7153686
341
535
4868
2512
333
332
254
281
326
340
337
337
338
219
357
338
353
393
1153260
1153268
1151791
288
12642
5255
7509
359
337
5613
6648
326
289
360
307
877
371
365
382
303
290
379
321
321
427
427
341
358
385
337
290
299
392
318
216138
345
304
311
293
274070
308
298
317321
295
293
307
303
317
73569
294
286
322
336
397
357
347
343
427
328
357
329
314
313
308
153
271
327
323
1340701
1340156
1598213
334
325
351
456461
455668
2010
1926
333
1902
939
486
661
394
466
520
286
1352
292
336
316
347
254
340
483
515
1027
542
477
332
329
427
842
6436
493
2778
303
3826531
351
324
5363
339
352
300
237
723
565
300
390
386
324
328
441
304
2311
400
427
540
427
345
96
427
427
454
537
81
351
528
280
306
335
364
367
390
346
353
497
296
608
458
992
327
309
314
292
285
103
469
501
1638
864
8652
905
281
341
2505
318
304
720
294
199
758
308
301
321
589
311
427
427
472
528
334
369
1383652
1384133
730
1092944
1092340
22
508
387
381
358
306
427
349
332
427
427
427
427
427
459
510
458
346
3463
327
348
339
50
281
285
427
441
488
507
472
407
426
3753
452
689
479
426
408
348
374
14265
453
484
449
486
475
7153
443
427
427
508
465
325
475
1358
224
325
489
379
427
2584
447
533
320
499
427
1788
687
1364
488
367
5703
462
377
4388
434
471
563
366
6096
311
323
323
2463
426
501
357
331
355
427
4146
4390
3281
6149
516
304
434
332
284
6412
511
448
302
224
455
517
479
587
464
471
316
426
366
503
460
526
441
474
109153
318
468
528
456
379
427
9289
427
427
638
2746
470
498
323
477
447
490
292
356
45
1387
474
306
458
322
363
316
3218
427
503
316
340
431
2360
549
403
327
329
477
504
427
105
475
426
515
427
427
427
497
426
3812
2084
333
2595
2994
441
546
88
307
1411
349
767
292
325
1216
291
283
298
309
649
453
441
497
1483
2534
500
427
466
76
964
308
552
371
516
1185
354
427
304
285
426
464
870
372
301
708
468
292
317
335
427
340
494
641
1155
327
333
337
336
292
337
324
379
110738
496
507
362
347
360
343
301
2583
468
446
370
339
346
522
311
501
309
1281
427
683
369
136
22
444
406
427
302
470
552
309
416
1367
333
475
330
339
318
493
360
375
530
364
109
661
347
328
383
471
358
489
81
461
353
337
375
253
391
314
24995
529
387
751
601
320
295
321
376
328
325
484
301
337
348
330
1266
257
364
1982
7936
312
332
314
406
258
331
324
378
335
312
379
319
303
327
427
305
305
388
509
314
365
444
359
427
427
884625
324
427
296
4038178
331
497
427
478
2672
1517
427
427
350
426
141737
461
466
288
505
332
175
497
3445
281
281
327
437
592
367
462
458
372
433
722
957563
956701
427
319
341
308
320
427
306
1167
1207
115984264
571
523
311
325
489
348
516
480
345
333
6303
426
488
453
2261
409936
5481
437
492
542
525
1401
1322
363
319
5867
486
473
470
299
1362
299
346
427
5345
4274
1245
350
321767
490
427
448
153641072
306
327
367
401
322
427
427
408
589
3494
355
295
2484
299
495
320
812
355
541
547
497
366
467
213
338
368
299
427
427
2814
312
314
330
345
319
1764
320
325
353
427
324
993
496
357
353
321
343
514
315
302
324
319
817
296
259
304
281
339
313
473
289
312
317
313
339
77
489
309
504
480
940
459
332
494
260
368
377
326
342
321
407
427
310
496
299
486
256
192
28519762
461
312
488
338
3151
8203
496
575
344
426
465
494
336
341
505
316
441
512
280
427
427
427
254
318
339
427
427
1895
867
427
1323
427
665
427
427
427
427
427
427
427
427
427
359
351
349
521
686
789
332
970
254
264
427
427
427
427
534
451
1591
2043
146
1302
427
312
465
450
475
506
607
481
480
2251
426
2467
176
309
464
619
453
25495
50
351
298
320
722
311
1370
292
295
280
98594
300
303
340
315
328
1436
333
307
357
134742
339
439
333
368
350
343
327
2194
1294
349
355
13710
338
355
332
115544
219235
141910
267602
350935
33924
374
53553
117310
129684
427
427
355
359
340
427
302
322
295
359
153
21791
313
307
309
365
345
314
433
426
365
381
450
328
4126
314
3353
304
496
878
1272
476
553
515
531
511
427
427
427
426
911
2338
430
338
2442
332
344
317
426
315
427
515
58853
494
474
329
583
468
308
507
520
468
12246
184
426
452
384
324
552
323
476
665279
664329
328
350
545
299
337
542
483
424
377
1977499
1953275
788
889
315
21443
22736
384
427
501
292
350
461
340
351
441
309
473
336
349
43350
427
427
427
288
5555
408
494
513
471
478
486
445
360
182
209
435
698
497
431
331
310
311
433
1158
337
302
326
330
374
2688
365
306
88
310
614
555
427
4210
482
5068
9677
3892
573
627
2999
908
4032
19965
19336
518
3298
506
299
317
328
461
341
1965
285
1464
308
299
427
455
439
334
1005
427
427
485
315
296
2117
1561
503
4588
354
572
457
432
510
524
453
114231
4222
343
492
552
522
95
69
426
499
471
289
294
351
114
307
353
459
439
427
496
512
426
427
458
495
443
427
427
288
294
427
452
152
481
466
815
354
292
198
534
333
944
426
922
345
359
342
615
427
486
364
316
622
557
476
304
345
464
325
297
336
306
476
506
2211
301
302
475
2041
1137
4291
473
633
457
478
3197
558
472
496
468
506
849
13
487
472
456
576
10094
2027
334
779
504
1638
1818
2990
2268
662
394
362
1184
328
311
224
106071
127089
298
333
320
323
346
329
310
336
1156
401
1292
360
327
4254
3618
386
516
368
291
343
59141
59296
343
316
149
331
288
329
427
308
975
300
1280
359
0
806
689
331
318
349
341
311
353
331
344
382
315
53
332
310
6268
427
427
427
310
6153
339
334
323
331
321
339
380
304
374
585
1402
356
339
382
472
329
354
320
769
718
317
449
296
314
335
311
337
310
295
324
388
804
379
332
569
427
427
427
555
341
330
1322
475
425
291
347
427
427
777
160
315
299
320
310
328
1368
339
3095
548
367
330
336
336
297
509
337
493
332
290
306
299
304
1144
334
282
303
533955
531509
22488
24533
1070
507
23363
4180
427
83964824
338
327
286
427
427
468
713
403
487
489
94307
6126
535
466
310
565
490
432
533
492
1214
408
530
331
315
351
448
288
1059
531
7401
481
427
427
464
518
526
427
426
983
1049
477
523
427
865
2391
235
1034
488
438
466
287
282
463
488
389
469
332
357
238
342
1152
367
1385
320
298
1581
1565
317
322
503
445
3322
6890
355
426
499
459
427
427
541
448
470
505
348
295
333
2223
322
6998
296
512
329
325
299
38
297
284
100
331
326
334
337
338
333
335
374
327
6636
559855
6186
6339
298
318
321
5043
7054
552661
357
166
1491
272
2021
337
330
1613
342
45
44
335
29279
356
353
334
333
318
536328
527790
352
332
331
310
422
366
338
330
328
325
325
337
327
382
314
328
348
308
344
332
347
373
330
323336
338
340
318
337
335
363
325
335
339
340
332
336
325
342
398
335
182
4952
340
331
66
350
324
334
43
943
329
353
341
357
328
320
311
331
1770513
330
340
14
539
427
427
507
303
498
453
427
427
500
469
9305
1102
484
3707
426
283
373
304
6065
7590
1565
467
379
3119
482
350
539
3104
2567
664
545
350
465
1019
1004
329
497
427
427
63573776
470
303913
480
427
1481
526
295
308
117360
512
509
492
47408
59
67252224
426
427
427
300
297
929
408
426
341
369
322
303
771
121
486
324
5802
6078
641
540
427
500
6122
427
451
328
575
427
330
178
269
349
856923
856304
434
300
6096
506
312
1988
6097
567
476
504
487
294
334
469
478
292
446
508
507
468
451
2460
11153
530
427
980
436
634
773
133
485
522
6149
1909
4239
1664
286
427
427
142
427
427
427
427
427
352
6081
337
469
327
447
518
427
427
459
490
475
316
2041
343
478
470
431
1053
336
495
534
610
496
2737
517
348
2604
688
456
619
1879
2580
470
3945
314
2794
1200
788
525
321
305
467
491
320
534
588
556951
300
8722
561
533
453
3441
3155
298
1204
522
12655
13453
13653
4782
492
647
451
513
439
458
45883808
45884512
45883820
45883704
427
465
427
486
408
470
323
428
2015
1623
332
466
308
427
296
427
345
658
3002
2131
466
481
314
426
436
1735
339
425
3242
4161
2350
470
501
473
482
649
449
2658
427
498
427
426
426
408
427
4427
305
748
347
341
319
426
686
2337
542
304
588
308
121104
120235
118486
119375
501
2735
1682
290
344
8147
371
439
315
355
427
427
1070
517
426
1974
464
508
478
378
427
426
864
536
358
348
2261
427
785
490
301
486
159
298
516
427
315
455
337
2342
525
853
470
8072
7530
7020
305
2476
288
628
495
713
6081
427
427
510
427
358
306
6272
426
663
481
5037
8533
1489
426
427
427
1082
427
314
426
497
468
517
456
343
5848
270
926
426
359
427
454
659
6833788
6834328
489
332
344
537
1557
315
679
324
1066
329
427
427
494
500
522
522
498
321
1606
496
460
466
366
1334450
1334111
1333800
365
524
319
311
316
1838
307
1180214
1181195
425
569
3739
297
295
466
483
426
328
303
318
361
483
297
2110127
2110470
804
444279
443850
443524
313
236
305
332
580
541
294
1712
2303
3740
589
817
2061
302
339
447
591
353
985
427
427
470
522
6307
785
8905
510
574
458
356
505
347
346
427
368
333
391
325
325
301
525
330
389
351
302
323
341
354
318
328
307
332
1353033
1338383
1338968
283
347
1306620
324
314
340
323
1316461
348
381
336
309
360
501
324
289
324
315
326
399
308
309
381
478
92020
91305
92296
339
91512
91314
92286
91380
90516
91410
90404
319
91361
91374
91314
92181
92380
325
92443
337
343
303
316
304
533
545
317
491
629
295
289
338
386
326
288
322
522
483
459
468
317
294
377
653
363
333
3256
312
550
294
331
521
336
660
327
387
380
471
438
345
330
370
365
302
297
502
321
345
320
326
496
380
427
427
643
466
358
351
427
427
319
469
284
460
521
427
427
1928
458
492
530
1147
342
298
303
477
630
473
464
545
487
533
1071
340
6168
497
770
353
351
345
1923
319
427
426
112766
113684
1139
138
13591879
13581357
13538750
13539020
13536114
13475956
13410140
2329
321
15920235
427
467
427
427
467
305
503
2294
2942
478
476
491
558
547
489
293
459
366
427
8693
440
2175
1492
34
427
474
566
949
417
463
506
538
432
376
338
111
335
618
481
326
478
520
487
427
427
3087
1718
479
482
457
370
485
878
479
92
331
331
303
453
427
427
408
15
1230
681
512
427
692
554
534
505
603
425
426
22334
296
1786
458
346
305
322
258328
413
198471
409
420
409
414
421
117913
319
124283
49823
89710
338
74236
322
326
106737
46290
295
427
353
347
225
427
348
24622
293
337
50242
347
329
427
427
321
335
283
334
427
2919
42351
1244
10773
264299
9324
171023
213736
221628
82932
50089
61808
136691
223065
141021
83743
41846
163252
301
87165
20409
299
347
466
427
426
486
726
354
2189
2563
515
162
437
474
427
312
305
1180
320
328
322
518
439
17156
10321
451
6151
330
368
3677
334
427
310
475
2059
2489
291
472
58
458
2039
337367
437
434
297
331
427
1028
478
349
512
301
548
361
291
314
329
453
506
498
440
309
466
352
379
315
317
335
310
298
405
484
469
538
514
492
290
492
475
461
504
5357896
513
2753
5145
1514
427
341
311
295
486
304
501
815
295
527
2756
427
336
319
7154
77712432
312
934
19221
426
470
487
534
661
554
471
439
483
489
485
444
477
519
463
510
427
338
495
335
1206
528
511
2352
2454
381
474
427
4776938
427
541
528
488
299
442
427
281
426
462
292
489
481
6095
427
478
426
220548
1737
2100
354
357
436
460
426
487
514
2650
379
427
445
9666
533
467
1415
529
509
427
427
4075
3718
469
303
453
481
458
6784
7092
327
439
480
475
789
699
315
478
682499
349
522
492
1143
2022
341
284
298
300
499
983
943
3502
1901
427
528
348
353
932
295
1849
6037
235
333
448
408
1744
7063
6302
731
1393
306
348
325
316
375
1115
491
301
342
289
600
310
17046
16803
318
4228
566881
567746
427
508
279
337
443
447
436
479
356
1685
114
425
298
497
953
291
1042
350
331
488
522
494
471
1148
1535
123
885
326
295
544
450
319
445
310
342
13199503
6056
484
310
455
359
392
349
756
1075
825
6066
427
462
364
347
473
329
528
427
339
365
507
1561
7940
8705
503
427
359
1524
1457
319
302
313
426
427
535
303
320
579
380
349
498
547
432
323
513
1476
7922034
480
332
337
318
188
358
332
354
303
335
69
499
446
312
1761
514
503
2257
325
835
453
353
489
1657
1578160
1578589
1372848
340
297
368
2621
325
467
317
362
308
315
329
457
1806
632
330
4344
138636
345
310
310
539
378
314
302
122304
126336
427
21942
838
310
293
326
330
341
355
342
308
75419
790
348
1968
426
351
341
302
344
303
522
333
298
1481
316
455
344
303
308
322
287
308
362
289
320
1145
509
337
287
375
371
998
160526
1176
23667
351
302
296
512
505
435
502
324
426
517
326
309
835
427
479
336
454
525
494
855
278
329
318
478
468
495
427
330
2973
341
300
1325
427
316
481
340
370
304
312
316
1017
453
1269
1158
523
343
257
464
440
347
393
340
802
491
1053
6138
426
320
339
305
341
345
549
343
304
453
525
301
497
2704
432
427
6071
320
1888
427
303
313
426
286
290
313
1063
557
325
479
155583
156460
178438
178614
5603
5745
53829
54082
1842
317
292
298
1126
503
480
323
1098
1267
1515
74594
75525
8581
7728
96978
96123
340
3019
494
318
454
558
835
813
55939
55890
116228
115430
56758
116251
43743
43625
103921
86970
87764
106707
20752
20783
85147
59690
45590
35444
38774
63084
61765
61824
62627
61996
61251
62012
62106
34821
34509
35217
34480
61401
61367
62224
35150
35992
62163
35128
36037
35150
60003
60109
42843
59708
43618
42180
58656
59649
59497
1557
510
26237
24153
24934
26058
25253
25240
26028
26825
6093
25295
25276
15337
16236
2673
439
488
1971
515
552
432
515
1147
74609
509
315
332
464
298
175
346
305
1160
325
356
354
337
443
337
378
3325
11339
289
507
1083
444
340
448
323
434
432
4316
293
333
321
357
330
50569
296
476
480
517
582
608
497
353
304
339
470
316
338
311
427
324
249
320
489
504
426
337
480
463
459
520
427
427
427
427
1472
447
392
432
491
427
427
696
474
485
567
485
691
48763244
302
39686
1442
38032
38485
355
763
3224
10017
6049
482
537
456
299
426
352
309
682
467
2620
462
374
2901811
2892192
2892791
2900712
2901306
2865865
2861305
2860641
2714560
2874695
310
303
1365
1158221
348
2837
302
369
5027
880
343
3464
377
1798
408
395
395
1350
313
1378
427
427
305
334
4756
563
2006
517
427
816
427
427
357
36
1469615
1470336
343
979
6133
352
313
462
538
168
6645
9703
318
357
482
347
336
475
6886
1160
481
334
550
519
442
450
377
459
434
5352
5126
551
130
1047
511
2146
1153
427
452
289
427
427
564
316
1103
6113
403126
402597
6091
543
465
6185
346
280
344
543
1251
455
318
2416
513
159
355
427
592
476
458
483
210
320
80
1051
505
322
287
515
927
318
277
426
455
505
461
332
387
381
1160
510
598
464
508
444
305
473
450
843
1368
4495
427
426
3408
25407
467
382
368
477
319
647
500
475
458
518
438
322
1149
329
7215
7702
1066
309
307
302
548
473
302
316
478
490
426
296
301
524
487
309
444
427
478
245
1674
548
499
470
466
3239
426
451
471
322
528
491
320
427
427
428
504
440
527
426
515
529
979
395170
96
502
315
348
408
518
426
319
317
345
765
484
502
844
540
345
377
702
323
1991109
1991606
368
206
515
524
500
472
1433
31981
481
310
471
369
290
291
285
6085
7043
4117891
4118407
4118676
498
83
322
431
496
1017
301
675
70952
341
1370
375
293
300
376
313
121
629
325
327
2249
3834
316
857
455
477
1540
471
454
327
443
377
345
345
379
328
71
321
324
427
380
820
55
426
315
336
321
346
516
408
499
416
2449
372
25221
500
347
290
303
479
297
288
369
747
427
317
316
7499
316
357
391
427
427
427
427
331
372
380
380
311
389
341
379
376
427
1736
1519
1429
60686
157813
158728
290
324
374
359
480
427
427
329
383
339
371
342
367
360
458
313
330
344
328
427
427
399
323
1627
456
1320
1753
285
310
306
337
331
384
342
339
371
534
302
342
1056
333
294
351
302
304
329
338
332
372
319
333
302
294
389
265
498
341
488
485
325
354
472
319
498
2359
1748
871
427
360
308
700
361
370
325
337
331
356
349
342
295
370
314
679
307
318
348
270
323
290
1016
783
897
327
355
333
313
303
334
303
858
322
490
347
626
1691
298
305
341
314
614
376
334
443
360
398
355
380
476
317
319
322
337
328
1625
2624
357
517
328
389
385
326
337
313
414
543
356
339
324
427
606
595
305
372
1280
309
313
328
303
312
333
147638
141378
324
467
302
427
427
426
323
1052
348
329
297
224
426
294
747539
335
316
336
355
302
332
913230
908695
765907
243
22003
289
349
440
490
408
408
338
427
427
427
427
427
1371
505
536137
534260
1872
11074
427
447
440
61
464
1355
327
335
470
511
509
427
427
485
457
334
352
341
2292
2468
841
374
490
521
599
511
426
461
509
254
750
358
333
301
387
21667
22158
1919
311
532
508
325
483
514
488
519
429
321
470
8482
3505
427
487
9780812
339
848
458
495
330
299
484
293
112601
112659
101838
102651
331
483
503
3433
401
324
471
2972
408
22740022
311
518
509
460
427
455
20410008
20409240
414
352
427
795
427
454
485
6015958
11587636
328
426
692
502
444
523
450
426
333
357
478
444
2441
491
349
354
408
55417808
489
481
332
558
516
63860
473
97
6258
6128
2087
352
580
333
315
4190691
4189761
4389
461
436
449
225417
5441
6316
475
485
170
484
759
320
976
480
460
965
839
2357
97912936
10059764
7294571
302
302
342
330
2572
330
5361
4445
6066
7973
324
637
6967053
6558211
382
427
427
357
8047
156
3510
768
463
326
427
373
3631
293
21511
341
309
322
295
368
304
304
314
329
367
853
349
297
330
301
3087
352
322
265
7562
62379
12820
2388044
1067485
3145200
292
347
326
344
2390445
296
2170857
2171829
180479
140576
1388758
2556
124
1982
1273839
2771
649
366
1290627
1383063
326
343
427845
607
4347
418141
419051
418241
418130
553
398
348
427
387
100333
317
739
1804
355
376
322
427
689
568
2785
2597
743
900
218
25510650
427
302325
266150
265404
372
2311
285
359
689495
688748
688600
688547
688735
689540
505323
426
323
374
364
506
1469
332
132
348
316
6273249
411
7238251
331
369
345
5870154
5866060
427
427
5783158
5731053
5538064
5509758
5503025
5475913
5475266
5451955
5438260
5301440
5293938
5294412
35073976
35074356
8550
9200
484
336
406
326
361
427
427
427
427
427
427
30282324
30282958
318
329
354
535
490
451
311
353
505
324
1104
339
333
311
297
316
322
286
305
363
328
363
323
325
291
327
318
819
342
352
440
2835
427
299
306
333
451
1107
427
490
320
387
499046
25680282
25535366
545
513
300
516
564
478
553
427
531
456
427
2728
596
427
509
426
37596572
486
450
490
334
434
502
574
514
1608
322
426
480
2266
320
1618
1112
478
445
25876
427
426
564
457
478
473
1109
427
427
1098
6121
500
3244
347
480
311
491
355
325
337
2213
355
507
355
323
311
1308677
329
341
320
321
309
127421
319
364
340
299
312
196
427
427
427
427
427
1972
2217
2333
427
323
427
427
427
427
450
427
427
793
3186
427
427
8660
321
307
2598
307
609
282
336
327
2851
3338
220
294
326
492
339
716
476
438
460
428
501
488
477
469
229
546
574
437
355
320
515
317
313
427
713
301
493
292
536
6498
471
457
427
532
322
311
6061
467
193
477
459
478
449
546
464
3534
136
289
426
303
546
719
284
453
2813
5607
500
500054
499086
315
495
491
332
298
1587
331
427
426
330
450
364
347
401
2595
508
13356
522
427
318
625
547
452
427
486
301
326
324
343
341
293
343
502
351
375
339
483
343
316
319
353
295
330
315
426
383
427
427
427
427
33569
31338
32377
31513
9675
427
427
427
427
427
427
427
36864
18149
18097
18991
55743
36071
56970
36740
36889
18731
19405
18801
18616
20104
19326
20004
19112
2432
3266
1483
10891
20662
427
20702
9681
9517
459
478
4901
1135
290
479
320
3489
427
366
349
199
288
349
462
318
22812
23712
2908490
4206233
4089400
4089866
4050422
4025816
4029690
4029989
4024780
326
291
317
349
309
319
354
488
75
347
427
328
427
427
427
427
427
946
965
315
465
318
493
709
357
1277
1682
338
7901
7933
668
548
289
1566
352
365
439
3658
457
510
292
311
325
303
307
359
362
790
364
339
294
515
325
337
157
310
373
503
316
304
307
393
302
305
573
1799
330
335
350
343
345
316
314
309
329
528
850
387
344
352
302
354
340
301
300
332
344
308
311
1024
744
347
370
335
295
335
393
362
390
334
324
380
529
331
475
310
554
381
377
316
357
380
322
296
329
327
316
331
389
343
348
471
308
29665
30260
311
295
329
744
317
427
368
374
320
5070
1310
558
273
326
348
319
329
314
3769
313
293
369
311
295
353
318
314
303
332
1253
345
335
324
345
305
294
350
353
383
306
1289
344
517
863
305
368
659
523
369
389
385
363
280
325
311
1182
292
632
5445
369
335
338
427
327
326
566
518
2124
478
1418
478
304
471
349
478
298
479
611
38346
5439336
3818
3776
973
1295
367
427
427
438
3127
329
347
964
1703
396
408
339
58105
5056
83
439
427
427
492
457
466
470
427
390
478
333
1374
568
1002
426
426
328
292
427
427
427
305
314
333
456
445
686
426
4034
448
43
75
437
341
427
297
56
388
354
427
506
518
319
454
521
467
427
11275
320
320
339
27
481
1016
290
427
209
329
2531
427
345
430
426
504
474
559
495
5194
308
498
322
291
476
317
348
347
487
3995
2428
579
317
301
338
361
341
328
9378
9644
10001
362
489
333
332
287
311
7128
362
328
317
340
336
332
344
372
338
345
360
324
338
360
352
503
2093
806
455
478
301
321
340
362
427
999
427
7217
3339
422
466
500
566
465
542
410
427
427
427
468
347
350
318
1558
329
435
467
555
476
529
467
321
222
350
469
508
337
371
427
5885
5756
10333
1382
8855
4378
4417
354
1762
482
380
455
352
581
427
290
483
426
311
298
457
427
523
341
311
355
326
402
407
3099458
499
336
315
316
443
313
1110
539
501
6101
489
350
155
488
4112
503
497
302
1062
466
535
358
316
471
521
880
323
469
427
8517
8325
427
479
509
302
427
463
467
491
426
430
526
426
329
345
332
201
292
334
427
521
479
303
483
317
475
298
299
298
295
344
445
491
356
294
84
427
447
559
462
486
376
457
502
499
585
343
481
622
492
510
491
426
485
1124
1089
457
463
477
605
5473
426
4230
498
3115
498
539
2296
736
459
475
408
1417
600
461
601
435
574
323
427
493
507
466
636
481
6697
334
334
477
451
1867
485
341
427
610
296
308
287
6015
426
2393
482
6138
427
427
427
318
358
2007
339
28
470
493
427
427
307
325
345
427
6139
307
310
295
299
376
680
493
306
965
328
495
119
337
485
427
936
459
470
327
319
344
338
458
707
340
493
427
427
301
326
337
471
349
427
309
345
1029
364
332
289
602
523
321
323
352
427
315
323
913
354
368
329
356
364
293
5059
36669
37130
37980
544
366
299
317
332
301
374
292
334
309
380
308
326
863
338
314
14260
464
514
292
308
375
356
297
1546
2349
1005
238
542
374
339
332
458
372
310
316
354
315
314
313
222
292
365
316
318
332
860
318
332
684
323
290
496
315
368
427
487
516
499
345
878
154
336
463
35187
289
362
120
301
347
310
313
460
449
11303
8150
8627
427
528
1201
595
494
179
4710
510
584
320
816
517
434
331
449
497
484
481
494
325
350
447
1739
464
371
337
536
321
516
561
470
528
445
479
14911
445
427
427
494
328
490
325
5510
423
425
427
1374
494
5076363
4947857
553
815
314
339
336
352
743
334
107775
106830
319
1245
362
324
292
314
366
323
307
427
220
309
2754431
27289206
2756149
2756986
1210057
427
427
367
354
2631765
358699
326
427
365
335
320
328
318
317
427
319
19640480
19640068
311
321
385
335
19618900
2161
427
332
366
2091
19605434
427
19608892
315
1185
358
22988584
27343058
339
288
339
341
427
427
22593270
22590792
22587568
22586934
21564854
22530574
320
20210492
460
526
327
427
427
342
457
329
327
337
366
427
427
404
292
383
298
427
1017250
325
427
311
427
427
427
335
336
389
306
301
305
648
325
353
322
314
449559
334
68847416
343
395
327
432
520
1178
362
328
53
330
78
334
492
451
278
124
477
448
397
296
427
3382
109
427
427
309
283
474
483
471
2492
315
1384
255
72994
331
18705224
42
356
43
450
484
541
420
2763
2621
475
501
443
336
353
1953330
1952575
217
568
109
373
512
996
505
498
62
2154
1336
315
427
442
3000793
814
327
318
350
313
392
180531
312
2032
293
324
22
292
333
426
323
353
342
323
367
342
386
5212
408
309
335
338
360
327
373
313
313
339
526
302
283
1137
367
279
499
333
390
351
957
535
1303
280
104
268
491
335
542
504
500
2614
469
323
325
308
9940
435
687
804
163
75
426
473
484
1465
444
320
526
6187
5286
1958
426
427
427
510
690
2033
334
521
333
3131
136
326
866
12525
6510
4101
341
314
408
454
517
378
331
318
445
482
862
315
67
477
5233
4497
8480
478
427
427
443
485
289
337
1002
10
445
490
320
369
522
339
336
424
308
320
330
331
427
307
314
526
427
390
318
467
303
226
327
343
329
953
164
306
295
1901
345
333
321
318
301
1435
458
355
337
427
427
506
427
427
427
427
427
456
584
427
749
340
10
577
354
339
4
299
339
348
303
289
322
293
342
638
370
355
344
1065
333
319
472
325
368
497
498
353
427
427
377
1276
299
391
559
509
1517
552
317
328
323
314
953
314
300
364
366
380
577
464
363
339
347
427
294
382
608
1169
302
314
352
375
382
341
301
373
276
310
460
348
440
324
332
327
312
280
300
317
304
327
374
4580
367
360
377
327
314
344
311
324
359
376
343
352
366
1080
343
337
366
308
357
427
427
15664
491
286
372
326
373
318
334
324
323
300
302
320
329
331
327
342
309
324
321
354
314
361
393
322
339
385
95
319
307
318
312
351
564
312
326
326
332
341
332
325
318
284
309
321
332
339
340
322
327
336
313
318
445
331
306
482
321
333
292
891
564
742
331
286
306
371
320
308
316
340
363
324
341
297
337
318
588
345
316
318
337
305
384
465
320
318
295
324
332
322
325
336
326
375
282
343
575
514
323
389
309
2028
477
348
351
294
335
1978
294
327
304
319
346
299
355
366
325
346
375
459
500
331
299
376
815
333
442
892
344
322
284
332
497
452
511
480
284
384
310
351
5288
4991
320
2091
511
107
520
406
427
280
337
357
533
426
457
427
427
2167
511
1728
1099
561
296
427
480
544
28965840
229
466
318
337
467
329
443
73
320
236
585
330
309
295
323
496
353
470
309
324
426
458
477
349
335
280
292
327
462
478
466
830
325
355
367
309
316
334
373
1497
494
447
484
427
408
1285115
427
339
426
12417
12678
305
841
364
392
371
323
316
317
462
518
328
360
333
1759
509
535
462
4131
537
877
309
360
318
326
619
338
358
313
333
337
28677
29688
1400
330
301
335
368
311
1435
312
275
247
308
321
335
437
345
492
426
538
811
685721
684974
315
217
2793885
2306
2789599
336
330
294
1041
492
298
341
293
450
36371
681
985
322
11840
348
302
378
440
308
318
298
380
359
328
340
286
426
306
1057
346
290
297
323
332
350
300
366
991
426
540
3216207
1323
426
339
6477
322
997
325
673
11
26798
489
321
437
308
353
1706
303
302
360
328
296
342
367
160
12621
13288
500
306
29558
442
357
313
330
303
472
370
293
2525
327
628
524
1450
1173
4123
2494
2808
2406
214
452
442
474
614
6090
359
30458
287
446
500
4720
426
1140
519
426
285
579
426
325
1457
15
303
137
427
427
427
427
427
2084
427
427
427
427
427
427
308
5256
687
472
556
523
272
500
127310
426
469
318
358
341
17110004
17110806
1752
320
446
459
506
185
461
288
813
563
314
476
353
312
325
383
508
462
596
358
477
426
327
321
504
320
311
1048
427
476
325
598
798
318
302
2631
372
356
325
299
508
1621
924
339
327
313
502
522
426
460
1037
427
302
2019
324
320
318
523
462
490
436
162017
162503
161266
2390
3224
515
470
29
442
355
340
441
550
444
59265
48745
476
312
316
2
349
324
476
8152
328
553
514
508
335
62316
67
361
560
2513
6104
2506
2945
426
202388
203254
497
392
324
497
56860
56332
2469
427
303
364
300
811
426
608
3198
1764
1480
302
1572
459
298
634
94740
472
504
319
2635
2840
294
257378
99
546
279
307
302
65
427
427
315864
316859
3229
182422
182574
180681
2186
434
323
324
328
366
332
349
337
321
330
333
365
379
344
370
327
335
365
373
348
331
344
354
347
341
326
354
359
345
356
333
359
389
365
345
323
330
360
358
381
372
389
369
353
378
343
361
349
353
42337584
354
340
380
353
314
377
321
298
367
352
335
344
321
339
362
318
356
336
332
371
330
323
347
348
427
333
353
344
389
376
333
335
333
323
7161
24589
333
14585
117
427
427
17440
354
296
10810
427
10725
337
296
45517160
332
427
329
329
302
430
427
427
427
427
427
427
427
427
320
351
366
345
339
353
327
342
314
332
375
350
283
349
336
1028
5284
4868
3697
6779
387
336
356
1216
427
427
427
427
427
304
302
320
1738
476
328
326
531
342
347
511
338
311
329
319
574
340
317
324
496
686
458
325
298
321
346
318
313
331
515
1130
467
299
1717
56391
54062
505
464
281
313
342
370
298
311
302
1781
1578
3707
532
494
79148
54890
28346
27912
427
6021
492
318
339
386
3278
345
561
317
506
525
6112
466
579
296
332
314
362
1112
287
476
428
823
379
463
462
334
767
324
3
625
325
361
1146
2529
475
500
337
407
156
5116
4829
103
382
531
1479
31
351
499
51
470
340
327
480
309
300
321
311
250
335
558
408
533
321
339
311
573
451
495
426
501
315
346
545
325
1223
389
426
478
1616
339
454
291
447
504
316
474
53616
53618
52795
53496
374888
63449
366079
3595
55228
349349
716034
427
1862
1683
302304
21689384
285512
3153
326499
9942745
427
583
688491
325
9534131
16295
16526
17869976
17853420
458
483
455
584
495
466
1207996
1207370
644
746
1193881
1193268
438
5153
4997
335
337
1218
347
372
495
616
1193
496
487
427
366
153301
427
302
427
427
427
82
300
4606452
464
338
341
349
384
363
373
330
374
380
353
695
321
427
3627376
342
387
383
427
331
350
427
330
427
333
365
477
787
3851
314
575
235
361
564
311
338029
287
504
1453418
322
297
299
50684
326
313
308
309
311
341
932
325
333
332
324
1698
11139
25538
5305
332
2193
21615
311
332
352
330
337
629
5969
334
1498
3061
347
163
16857
582
3842
1291
327
23324
373
382
329
343
10938
369
217
1792
631
318
363
378
338
13155
334
316
346
387
339
287
299
325
342
375
343
4270
349
59430
384
402
2379424
312
296
344
316
2691
320
482
544
468
334
2928
337
4339633
313
324
175591
427
1272770
427
427
1273702
321
61140
528
427
1070934
360
766036
333
427
427
427
427
427
427
427
352
294
477
426
518
7730
440
320
576149
506
512
479
49689
48846
486
394
634
490
8191
7168
456
521
490
492
79
426
494
493
427
427
427
427
427
427
287
479
441
3151
486
341
426
472
456
5
298
1161
1601
488
427
8399
498
427
1618
50
49
328
325
488
968
443
427
427
349
334
308
2651
500
501
348
651
307
368
427
286
439
927
283
316
457
408
457
5481
4974
426
10049
436
468
343
615
56997
57543
304
15738
14915
5550
14913
15846
14813
358
331
2383
427
496
428
991
533
427
427
157
369
435
672
24
430
345
427
349
317
787
451
930
316
321
456
594
316
480
481
334
308
444
576
3082
376
324
442
313
328
332
342
501
427
427
337
320
967
448
322
295
341
809
306
323
373
2586
365
338
473
473
283
314
333
536
334
481
279
352
401
327
476
355
314
368
445
427
360
315
475
364
350
150
356
727
68
336
498
476
314
316
320
129
473
5823
3027
501
515
481
382
427
427
449
6132
455
387
326
279
444
478
455
532
384
346
451
438
457
373
451
390
426
333
476
322
1276
488
321
443
1500
503
449
318
370
320
483
541
339
318
307
339
373
332
314
316
479
506
9554
39
5608
3728
355
427
427
427
427
859
136
448
511
84
356
427
481
335
453
522
350
320
320
485
426
354
427
379
343
510
322
290
332
299
27
2571
300
472
359
164
515
373
498685
333
324
498
753
863
303
328
361
370
326
338
360
344
336
289
364
433
325
300
369
356
491
522
361
535
351
319
403
345
294
340
321
297
376
321
341
365
323
293
321
349
347
461
352
381
336
314
566
143886
426
307
338
345
301
12991
12426
14142
427
309
307
475
387
362
372
344
348
527
305
334
335
394
313
320
369
386
0
1386
1567
275
321
338
303
363
346
471
337
313
299
458
359
489
329
427
427
427
381
321
69926888
69961488
2390
556
345
19693
317
375
335
21710
45302
341
441
368
370
330
344
307
337
442
307
95847
51157
468
8636
4176
4964
1684
2378
319
500
483
296
466
427
427
504
428
1030
302
783
333
1966
346
1294
1153
442
339
1435
342
457
959
508
373
1361
506
489
498
304
1172
482
454
488
487
1490
427
360
293
332
22330
478
710
2002
323
520
2132
427
427
544
6039
296
284
314
427
427
505
22520
18652
302
505
304
5675
990
427
427
491
2147
485
1366
451
683
330
522
494
309
375
484
303
7883
378
516
374
299
455
373
89
100
429
584
473
427
876
476
478
464
496
499
307
309
431
6135
511
443
302
322
427
304
322
334
316
468
1736573
1736983
1670592
1670208
309
3439
2302
5905718
6397516
23700
20910
321
1046
543
440
2913
369
696
306
534
330
281
680219
40400524
40119604
39986292
39986748
39363316
39362880
39153240
39153696
33674
34600
250412
183767
184681
328
391
882
5168
312
4362810
345
358
400
1407017
1337131
2591067
1086505
1183159
2573262
1165419
316
364337
615697
791790
297131
313
69092
56265
46003
30745
164072
132549
329
893
4087
21801
328
327
6926
364
622
69780
79885
13325
427
427
427
427
427
427
427
427
427
427
427
427
427
427
537
307
347
425
20457834
20457466
1218
888
1851
429
4496
942
483
654
299
326
332
326
329
490
334
130
483
427
316
339
449
340
17767
306
334
296
346
373
309
1372
505
236711
1123
427
427
427
347
2749
116
320
388
346
346
442
338
334
612
310
404
307
1419
446
603
78
502
1892
1962
333
298
30
376
369
303
462
473
127991
128887
317
349
2117
427
334
311
322
295
343
570
452
316
433
310
368
427
427
427
408
302
427
427
336
343
348
304
37385
1301
427
10213
10697
361
335
498
369
361
427
294
319
292
353
306
519
472
180
332
352
296
317
712
1713
520
460
288
472
333
310
440
7696
1615
372
53
523
285
487
487
471
2906
2373
427
427
427
427
461
309
3479
25396
513
502
425
1386197
1386776
395
656
1033
17065
427
427
408
337
6073
6180
523
459
614
531
323
2226
1297
5691
545
329
864
437
315
427
544
434
457
509
427
427
480
494
2382
3154
2504
1243
458
429
514
348
307
451
361
540
451
322
484
514
5539
29312
30074
298
441
16973
17605
318
314
344
338
489
425
339
480
520
316
296
333
520
495
326
359
305
426
452
335
366
278
276
74671
75032
337
427
296
360
463
370
422
373
629
324
350
155
325
436
316
327
334
1726
313
306
868
384
959
13710
910
614
1010
388
344
438
330
316
336
263
483
334
766
390
377
322
426
372
353
435
902
291
325
28
320
353
307
623
363
383
345
408
297
426
303
349
484
360
61995
295
329
488
286
341
306
295
336
279
315
324
355
1707
371
364
427
427
427
427
297
388
307
370
469
825
346
347
386
498
310
427
325
479
366
427
427
427
318
613
503
350
5123482
308
320
432
501
426
742
319
344
364
426
427
382
427
336
511
315
315
369
1012
106957
105987
501
324
388
348
19777
20636
318
1100
125547
97033
92260
91615
331
166247
166891
381
997
5428205
21712068
16283520
21720400
21554274
311
529
40343
39706
261
427
527
316
28932
41663
42449
462
737
481
349
341
1286
1330
427
573
332
340
284
509
436
381
333
426
1210
290
1147
426
312
320
349
7619
2511
2213
346
259
500
408
318
427
311
309
500
440
492
665
131
78161920
99512968
78180704
479
310
511771
510888
482
7032
183
174
2525
3259
485
539
509
476
491
427
427
97343
1926
427
427
870
297
345
357
329
334
319
523
335
427
4294189
4293488
4294525
312
4295919
4295173
358
325
310
367
315
370
336
358
339
314
309
350
326
342
374
311
320
381
317
307
341
326
339
373
4081
343
427
6575
13209
1495181
325
291
1321113
1015494
293
460962
345
545429
852400
283260
419813
207750
312
308
348
337
466
326
296
1456
354
466
3391
351
7960
310
341
834
1523
558
37177
719
2189
338
288
1492
294
311
20
331
48
291
1653
2012
896
1432
3247
1911
1273
427
5878
427
427
427
307
468
426
502
602
1285667
1286184
2835
836
427
427
427
427
12793
25158
2276
299
645
819
426
473
427
2145
6841
450
475
300
525
2954
323
339
326
327
554
314
303
71
1300
290
297
322
388
18
319
312
280
330
354
452
407
750
335
350
436
288
1075
312
313
352
320
852
320
194
157
508
472
321
125
2456
451
350
359
372
336
497
355
324
427
325
302
322
298
338
310
427
427
427
516
482
10802
17018
5584
5398
1259
3242
457
881
408
541
317
474
194131
195067
573
345
439
442
124
251
8695
426
882
44
408
2724
2840
2098
426
345
408
1607
427
427
427
455
669
447
427
468
3526
362
481
335
13
464
440
163
1750
3796
437
494
6982
4628
392
594
502
499
485
119
322
356
487
427
929
179
408
426
426
455
243
427
308
480
330
482
443
510
1187
339
317
2012
517
2753
2629
453
482
326
349
204
427
1366
426
333
340
658
1059
4677
21
923
500
21350474
952
343
355
448
355
467
517
427
303
356
324
337
505
357
339
318
331
427
671
427
324
346
305
315
356
350
477
352
320
366
313
330
315
301
350
342
311
337
291
467
363
108
371
456
293
327
487
291
329
354
308
360
427
321
133
352
316
310
346
487
143
335
307
324
364
330
339
309
356
12496
354
331
427
336
302
344
340
335
344
1644
317
427
339
316
490
440
312
205
199
340
359
289
293
6168
379
445
469
502
348
529
341
333
313
328
308
381
323
1475
538
290
497
353
321
498
1694
341
294
408
344
271481
271265
167532
372717
373211
371948
345
296205
296891
282858
282163
275590
274872
338
645
304
313
607
458
307
335
316
428
576
355
299
289
317
924
300
309
330
314
351
317
316
498
482
21
775
395
317
341
998
335
380
325
373
305
385
338
338
317
322
528
343
304
313
379
367
488
318
15985
427
11365
10331
11428
427
5684
427
427
307
24889
41246
31043
51482
399
6590
409
386
213
47526
412
416
389
410
378
390
20123
8113
407
325
401
400
405
406
397
400
382
387
420
304
409
355
316
281
373
285
323
1349
341
1336
488
427
427
504
427
427
384
5858
713
325986
821613
17862
31297
1049427
320448
12811
294488
293068
309
914234
519152
379929
619706
303342
771472
284
494929
344
288
450870
663473
186149
294
441975
12337
117204
104239
554718
23144
339
239091
427
101648
324569
314
56702
59937
211897
311
318
332
297
427
473735
384486
301
215668
324
324
278
338
303
427
303
292
427
427
427
427
305
297
427
427
355
290
501450
500497
501376
500479
5197939
5188307
5102889
5058856
5058201
5055136
5054800
5054082
427
1724513
302
329
327
317
351
781
3335
500
347
323
7084
4161
297
23
533
292
220
19
468
741
1744
330
315
1422374
1422132
1423130
427
1425020
427
427
427
450
335
104
463
348
426
427
387821
287145
359317
356978
356555
340
313
137075
137793
483
488
427
427
2786
18
293
561
380
347
326
473
303
427
427
286
134365
135346
134376
135212
527
471
6024
16
426
341
302
629
497
349
352
427
535
514
15
13629
427
2922
1809
334
373
480
524
444
317
468
329
450
329
491
517
379
446
1698
328
464
63
473
302
311
513
327
345
356
476
340
527
333
400
523
1399
7137
440
521
3206
2484
154
5742
469
438
305
314
319
48
296
36346
503
494
459
506
15409
380
366
474
427
427
427
427
427
427
427
427
427
462
427
427
427
427
427
427
427
427
427
427
427
427
427
427
427
427
427
427
427
427
427
427
427
471
331
354
294
479
520
199
30
426
2191
429
483
471
1111
495
427
427
329
336
3304
426
456
3948
331
239
495
434
488
323
56
481
313
290
313
474
1111
292
452
483
491
442
1681632
1682606
319
379
346
343
497
125
123
500
6283
505
305
427
426
368
369
338
505
1346
429
427
427
44
2254
1985
426
458
534
525
427
1424
298
401
350
358
497
607
337
330
332
336
508
439
468
363
322
367
307
374
284
118
326
427
427
346
67
353
317
462
2322
322
311
178
427
427
448
556
556
453
475
349
775
501
454
472
298
721
1304
291
426
437
329
336
321
468
314
377
324
334
304
287
341
427
332
786
330
333
281
485
348
299
306
300
308
304
617
312
321
322
318
312
353
363
300
301
361
493
296
349
318
306
317
312
356
367
317
298
548
348
373
363
325
303
332
552
310
313
290
362
379
300
314
295
638
290
534
352
305
307
3899
341
383
340
385
292
313
526
327
338
298
313
305
427
379
333
353
328
312
1713
427
366
427
230
2148
2028
338
513
2511
3699
336
293
310
313
543
528
320
73875864
471
17236
18193
37067
41406
47710
46634
303
339
427
427
407
2318
792
519
321
478
493
346
427
427
979
330
461
1105
371
537
501
427
427
41846288
377
319
372
331
470
484
492
328
474
1823
355
648
191
312
1808
426
303
427
294
485
442
309
1863
814
7876
426
426
28076560
364
483
472
503
307
501
439
290
301
309
293
311
427
427
476
426
427
16110225
334
557
532
477
507
137680
141014
2605
347
360
258
622
313
676
427
322
639
649
330
582
309
496
482
471
326
336
298
650
481
117
600
307
598
427
1474
318
455
1092
598
408
563
426
464
446
336
427
400
356
318
345
301
372
343
335
115
3229
324
278
386
2938
311
407
739
349
389545
389068
427
439
5560
338
464
446
478
329
426
1005
356
489
314
283
384
301
81
27678
31002
31876
1001
1067
284
187
343
313
164
329
332
308
427
354
312
522
313
343
502
311
378
440
3670
491
437
427
4231
427
427
302
723
425
610
5081
31868
427
482
563
427
427
427
321
426
330
355
382
529
459
306
359
315
323
427
51
94
533
15626
427
14716
427
427
427
317
307
359
324
480
812
631
506
426
10965
283
354
855
1159
461
293
323
335
376
314
456
364
122
336
427
427
478
301
328
477
748
322
143657
379
298
529
300
361
365
337
369
495
367
324
347
334
314
338
479
318
342
333
374
792
336
381
378
395
503
298
337
317
1307
306
2925
320
295
2957
349
369
294
349
504
548
334
382
330
102089
120090
120295
119020
345
119237
119495
120161
337
123166
144276
143261
17971
73126
72411
319
367
377
347
532
28009
28948
9667
299
1570
420265
482
25035
25066
24189
25083
24184
81345
427
312
426
470645
311
380
427
432
427
427
340
290
1618
366
311
312
338
347
427
336
2384
12036
427
390802
427
427
589229
427
342
1156824
503849
303
318
305
307
335
328
2028
1072
377
1006577
357
504339
340
338
340
375
451
427
427
325
379
357
341
309
447
8206
354
327
499
335
231
335
335
341
336
314
6073166
325
327
351
383
3696
342
326
289
369
355
335
313
329
321
229
360
180
343
325455
324589
329692
328831
74243
215735
214579
215739
214656
140873
312287
206649
207460
181264
173143
50567
49620
480
408
1781
316
993
342
492
318
443
325
450
517
486
426
471
328
2685921
2683689
308
346
526
427
427
325
318
295
495
1989497
1989128
922225
922867
371
287
492
457
210
333
427
501
485
495
316
13683
352
314
341
354
334
447
2133
4631856
454
461
504
1199
490
548
494
332
393
291
331
376
299
305
501
344
338
306
323
311
464
311
557
331
309
95604
96384
344
486
439
380
336
90116
437
454
528
425
471
462
2993
475
327
141
459
343
1239
482
471
427
427
479
3253
283
6241
580
299
311
426
483
1566
547
489
3041
325
711
299
331
429
483
374
888
408
484
328
554
311
312
325
300
297
407
285
433
338
427
427
557
846
313
469
476
310
890
2028
341
346
2963
289
297
336
458
341
472
332
461
408
269
328
5115
525
565
516
2188
343
309
291
408
1234811
1235430
320
331
2615177
200
360
358
301
475
2188618
2170293
2170996
432
336
12337
312
1952
493
317
797590
792542
783405
10615857
3499427
13162
12386
346
442
479
442
293
45084
2922389
2921622
287
311
469
376
6055
555
5749974
1375
315
355
356
469
283
486
1126
328
331
278
305
374
385
293
497
427
485
337
320
314
1083
466
458
363
318
555
483
326
314
399
406
160
1900
467
1188
2010757
2004729
2003860
1972354
1967837
315
1933858
6592
384
351
538
3501
349
925
199
320
379
308
332
329
488
363
9306
463
1139
1432
310
362
320
333
316
305
362
370
385
304
517
302
333
337
343
317
311
352
357
321
376
300
628
306
320
350
386
287
383
368
334
360
1240
317
300
376
313
427
427
355
452
288
7248
379
343
867
509
312
354
321
196
309
384
390
319
336
291
549
426
323
483
336
456
496
283
427
427
853
737
319
319
445
322
341
142
329
427
290
508
9332946
317
1237
340
367
2059
365
518
328
456
320
357
2911583
319
478
312
2133375
2043496
6082
172322
173240
324
346
340
5858
317
318
483
333
482
307
445
366
477
324
427
326
66354488
316
66353756
66354548
1115935
7171552
312
541
439
2516
480
320
1780
486
306
448
347
131
189
71236
70281
334
177
232
3038
858
490
9
519
611
317
394
839
56
492
119
345
926277
324
58962108
58965068
18
58965304
58964964
58972492
58973500
352
309
334
444
336
332
298
316
67
311
305
323
343
507
307
333
337
355
343
366
334
337
192
281
427
287
340
151431
342
358
348
362
332
157
332
325
316
357
427
320
399
427
309
314
308
360
304
427
427
427
427
351
314
318
358
10137
11816779
341
346
345
345
11806049
321
145
8117000
7531
11797530
11806709
349
3812382
5674
6473
11805662
2654681
319
323
341
319
313
378
297
353
386
378
46096
46866
2785
1266778
339
318
291
359
287
320
324
350
353
16112
6429
12748
9797
1917338
361
6626
1357211
1566728
363127
557831
375
22210
1763785
194091
910589
223591
318
305
282
834300
189220
287135
198504
301
362
320
331
327
3077
349
314
345
324
339
317
283
337
346
346
2508
107
487
275
371
19
325
287
2559
338
344
375
42578
72431
71887
70286
63765
63169
498
306
354
303
1808
836
327
2480
339
324
356
3567
280
303
408
506
426
575
496
204
427
459
496
517
426
338
353
197
525
355
375
324
320
463
509
324
305
314
346
349
427
283
324
84
340
474
427
427
524
485
4484
3477
4244619
282
310
4196192
4196849
347
297
323
477
350
380
370
7727
8624
323
466
317
371
315
323
334
292
309
761
326
349
287
860
427
4937
2253
309
288
2309
2461
13293
325
338
441
312
299
295
509
224
21
296
492
551
349
643
756
6102
341
1775
336
384
324
333
1227
350
466
654
557
690
366
461
335
303
312
470
374
6342
5774
351
464
427
336
325
375
373
326
316
392
283
463
3094
2903
315
326
347
299
311
355
385
1803
374
394
957
696
569
358
496
314
356
386
368
362
314
328
329
288
422
312
331
382
323
320
314
344
298
347
448
336
390
301
326
310
325
462
340
621
352
340
314
404
289
427
305
280
332
348
331
1040
329
347
306
326
357
481
375
344
307
346
337
335
336
719
391
323
364
286
3293
318
379
438
332
355
367
363
297
486
320
378
334
306
344
341
1194
294
487
571
347
333
310
635
85
295
344
302
426
334
991
330
1375
367
330
356
311
337
314
300
345
320
469
591
341
303
293
319
1299
328
308
1383
469
393
336
331
84
1102
307
315
302
299
342
317
315
466
459
453
330
342
178
426
542
330
719
329
329
351
575
307
427
427
499
1385
334
427
427
659
427
294
368
370
446
321
446
290
296
476
318
476
358
673
470
486
300
479
1558
6136
328
492
478
330
397
1691
2242
3253588
3221284
3103746
3068678
3039587
2884516
4815364
4379259
4817856
330
4275
480
467
511
594
308
3709701
307
320
1084
912
454
352
501
450
312
343
324
492
331
427
427
1542
2175569
2170096
359
334
322
1025
317
427
427
482
326
295
487
512
488
353
295
540
469621
450815
460044
446638
426251
286562
287605
287390
285004
285989
285850
426699
427065
427318
384617
1096
29766
358
198
365
370
379
427
4931292
4930394
310
317
360
45
338
4879727
384
4907105
342
347
320
328
346
1687
350
314
340
6190
2122
351
1654
1642
3950
319
309
364
788763
419
359
423
393
326
323
397
367
405
303
401
401
377
400
377
398
417
378
373
399
331
413
359
314
297
381
389
335
414
389
405
325
419
398
405
416
394
3166
411
386
400
400
653888
408
361
406
409
1213535
391
405
397
381
409
383
400
814751
415
405
421
402
408
421
417
331
380
398
415
417
400
414
388
65227
427
1534
295
339
577
361
379
321
1054
390
175
390
373
374
3627
772
379
370
356
12846
340
355
305
336
334
427
358
315
427
427
427
107659
406
452
593
3152
299
360
327
324
342
426
175
316
427
1204539
305
467
330
308
506
1126
323
348
332
319
463
350
348
313
306
305
176
407
350
317
28438774
445
181
289
1724467
332
586
1244
456
355
427
541
392
314
427
478
342
497
7791497
306
1509
324
342
306
321
310
370
467
334
640
511
370
341
5757
7086
10356
358
323
331
446
333
448
316
347
348
512
353
427
583
292
301
352
302
305
319
73814
5196
77
307
329
95
473
829
445
324
453
2286
339
550
333
293
659
593614
986234
985429
887845
887105
18630076
433
316
342
1044
341
306
324
427
725
1395
355
2929
427
584
342
527
1335
110
495
323
31
427
285
296
479
422
517
360
330
427
484
485
1022
9367
433
453
457
300
2335
1595
325
2153
317
802
306
321
367
425
371
307
322
349
328
339
311
2182
281
309
323
292
481
342
500
341
2
336
23538
293
323
1028
333
480
54
295
500
286
377
329
2243
71
351
566
1209
340
455
485
327
509
427
352
336
253
486
555
327
426
521
460
300
6277
6106
426
477
289
319
300
555
427
427
299
360
445
307
539
457
385
397
368
385
336
295
316
350
330
376
1124
984
313
300
336
354
333
500
427
507
339
447
290
346
317
295
315
326
1203
296
436
157
191
318
784
349
369
326
339
296
310
310
524
326
474
3201
450
387
311
348
621
314
963
331
481
337
344
321
353
332
555
360
510
383
341
313
1071
347
507
1100565
377
50035
360
326
436
147
376
313
316
377
337
333
323
351
330
311
323
324
509
326
342
518
313
311
624
464
472
358
352
301
325
303
346
325
457
286
338
324
328
341
345
333
20824040
502
10979
330
503
933
336
295
427
1725
300
536
354
2304
732
547
1616
327
368
533
286
447
2332
220
351
962
323
282
338
441
469
505
517
362
1323663
1625646
1616941
1616450
318
426
363
346
344
360
427
334
294
491
337
370
315
350
383
402
314
382
427
317
427
362
770
307
2337
289
59881
4948445
24158
4885020
4912356
4790635
341
318
283
311
301
322
280
326
327
284
391
288
309
19311
4089
328
427
297
329
439
314
379
408
390
427
427
427
427
335
350
346
353
1268
1216
475781
476293
464
520
3557
830
343
333
343
512
482
486
562
481
507
446
309
770624
367
334
467
474
487
548
477
549
327
526
350
473
306
375
588
542
331
360
335
676
3527
456
1002
427
427
427
427
473
472
1138
564
761
491
607
498
524
474
368
334
281
526
449
478
289
427
479
363
336
625
489
3450
309
408
436
346
427
4664
496
572
508
1422
361
480
4009
362
332
71
94
305
475
2031
323
38
495
327
346
324
302
459
356
463
237
986
352
510
365
323
367
16662
487
2377
1055
458
476
426
427
427
508
312
295
427
470
427
427
459
502
299
337
480
458
389
295
445
477
351
584
460
374
300
586
357
305
513
331
326
384
1195
344
4488
332
318
334
323
327
487
320
318
319
362
379
323
469
311
343
351
378
344
923
327
373
380
366
309
314
360
303
382
349
378
308
368
359
321
316
310
318
316
358
317
308
464
488
344
456
299
388
341
321
365
332
326
322
330
343
332
327
595
307
371
778
473
442
383
427
366
328
298
377
380
379
467
703
393
323
3153
2126
287
323
358
380
296
449
331
329
282
300
306
327
534
289
324
341
367
340
578
357
376
150
385
337
485
313
312
497
399
535
434
299
325
288
352
319
344
299
393
341
301
296
360
269
407
280
1154
383
427
331
2487
325
365
430
317
316
332
330
295
323
514
328
344
479
315
323
327
336
392
456
316
378
1029
329
122
304
322
341
290
298
3387
324
555
310
350
304
304
302
320
334
315
343
341
317
344
465
519
340
306
287
621
280
467
16359
80
545
18
361
342
324
379
356
335
327
376
338
316
315
307
345
448
462
324
319
357
377
332
427
427
8133
427
484
336
427
427
307
392
335
325
332
20966228
326
308
343
308
499
317
55
340
326
325
32
67
316
445
328
721
368
311
330
343
324
3403
308
323
146264
38616
39511
1632
4352
372
4066
350
467
373
295
293
509
324
303
378
376
307
324
318
347
380
328
328
369805
370376
367024
1831
3132
360
317
380
344
512
527
584
102461
102224
101712
488
372
308
377
281
305
396
291
376
339
314
304
332
551
569
297
348
353
307
471
159
333
325
335
1330
444
357
337
337
362
309
307
712
328
311
558
441
200284
199678
196235
82206
80584
317
59548
62037
61183
372
1159
335
288
2553
998891
999784
63574
208006
320
364187
363630
300
367
485
3383
331
4519234
108140
142883
419165
419717
564
280
370
460
95070
94196
427
348
714
356
309
333
319
102
1175448
339
335
310
400
325
353
427
5111
321
1786
285
33548
34448
469
588
712
1915
378
430
351
339
926647
927353
338
329
309
316
6031
391
381
370
4301
310
338
2866
388
2302
436
314
349
374
341
493
316
2415
306
427
296
277
122
427
427
427
427
427
427
427
427
2217
299
383
344
321
292
316
315
337
486
480
337
298
362
333
483
453
301
443
1486
502
347
297
464
362
459
289
328
397
296
239
512
330
332
340
351
292
360
325
6481
1426
355
88
419
358
2633
303
27
30776
168743
169343
66871
374
1535
337
339
349
334
548
337
334
427
427
427
286
3469
2768
319
346
447
508
287
9712
311
427
324
308
281
332
82755
82316
81778
46012
46352
27474
41896
701
377
349
352
291
880
324
348
1168
348
440
301
1014
316
307
325
1120273
1119745
499
334
283
326
343
408
312
333
323
328
427
343
309
403
6431718
329
326
325
373
317
2063
363
314
312
173
36
1443991
396
6643
554
424
179
329
318
317
4655
296
298
325
1643
347
481
308
357
291
341
2981780
1638
1
492
715
327281
328143
1039
1792
1619
295220
261613
675594
676156
300
35998
36250
2043
715
29808
498
2801
12827
72730
73684
82746
36053
36741
37554
36619
348
1019
340
341
365
533
959
5141
333
372
18894
591
279977
279519
321
328
2673751
309
384
357
344
325
292
56307
1718
36902
548
327
293
575
335
63077
78126
14690
17941
348
295
230115
230727
572
323
313
501
888
318
305
361
330
334
299
457
339
336
536
355
9193
9983
9196
10032
316
331
301
353
384
490
317
324
359
662
347
364
739
475
317
328
305
329
936
335
481
306
342
338
367
296
15510
14717
315
305
336
298
292
684
1765
445
341
327
303
342
1704
33106
302853
303447
366
427
427
2067
10
700
452
468
284
3301
293
533
551
498
295
321
300
298
427
4262
3864
326
487
298
1961
477
515
407
6074
462
460
286
593
509
427
427
427
427
465
456
340
290
427
459
469
2009
1048
344
598
261
445
287
330
18
347
331
309
1061
295
435
502
475
374
320
341
364
328
320
480
325
485
529
427
2731
345
462
515
430
61076
61888
144037
143216
74705
75601
80788
426
827
363
331
312
371
324
324
373
314
361
380
427
408
427
1282
296
311
289
5168
359
352
335
368
1936356
1934965
119462
118343
304
23080
1714586
2238
2518
340
288
313
317
312
297
317
327
308
297
319
297
378010
1867325
349
427
1752946
263
335
1182
427
337
427
312
427
427
294
427
5519
427
1404
8673
11345
2258
8086
9240
427
427
427
427
3356
427
427
427
4570
28270
3290
1592
403
299
54557
313812
7227
7464
82643
2653
297
427
308
363
431
427
335
853
427
427
292636
238
339
2238
4589
427
427
427
326
300
1299031
12154
404
31845
406
410
403
404
427
393
400
427
683777
427
449
320
427
344
2826
629963
373
626671
290
621767
358
427
2128
1188662
427
372
1183929
790351
427
442218
441339
1595484
223374
437167
436297
427
427
1573
427
753089
488861
325
335
3119
316
463
347
336
332
427
463
1065728
427
346
335
427
336
431
427
938213
938738
933684
427
427
427
427
427
330
329
427
1027
427
503
427
318
427
427
156374
298
427
4663
330
366
308
298
310
317
427
351
427
427
330
349
321
366
345
322
339
3313
350
329
1401
15444
4320
372
252
9776
14407
18443
20343
11071
3119
6713
331
1065
7301
1675
5361
5775
121445
1379
9108
3574
8117
3300
337
330
118169
329
165
346
324
319
375
345
350
306
481
325
308
338
330
367
332
552
380
379
319
1928
104
434
374
279
448
318
313
3324
344
295
484
319
323
478
323
359
293
324
519
887
300
324
318
474
321
456
332
407
316
5325
2343
1660
446
344
1211
337
350
339
427
427
497
470
358
145
540
5909
8
2548
311
328
544
327
336
65
314
318
468
544
312
342
618397
620946
309
302
313
295
296
463
470
498
369
306
347
470
317
313
127957
128168
127832
318
293
297
426
328
472
4037
322
337
505
498
427
6064
471
326
324
335
384
480
334
450
318
312
308
331
506
396
335
284
463
378
436
334
331
478
471
355
312
427
427
324
387
880
139
325
355
359
354
361
478
558
356
306
344
337
150
350
297
343
348
375
366
326
340
325
915
501
1689
329
385
361
913
322
350
365
341
445
385
333
427
363
324
353
373
367
321
356
488
301
515
323
427
427
553
349
376
302
391
1268
879
330
536
328
341
338
1868
376
308
299
336
307
356
334
416
386
326
297
336
351
1930745
351
37397188
427
330
331
3530776
377
311
340
354
315
427
356
427
427
427
427
427
427
427
427
362
306
326
427
331
381
427
427
345
354
310
313
352
307
328
318
336
341
467
427
427
295
293
368
330
306
427
427
345
427
427
311
327
345
427
328
55815
400
52233
393
306
427
331
427
427
323
341
427
2955
331
427
427
427
427
576
427
488
343
343
324
717
337
1351
370
380
550
374
346
397
352
297
379
371
427
350
325
6786
427
363
371
385
2064
427
303
350
347
320
427
427
368
959
427
278
387
427
427
321
319
306
352
320
354
18783
327
330
362
335
371
302
297
395
427
292
335
497
1661
1412
427
1366
1584
309
2524
436
277
460
488
1274
6416
1754
446
427
427
427
511
427
427
435
408
5666882
537
427
427
467
479
451
546
81
338
639
353
426
611
542
486
347
369
460
359
332
326
408
373
370
427
306
427
407
427
375
472
320
377
389
500
637
94
446
348
329
491
511
504
479
312
311
755
585
317
4750
334
466
334
515
489
491
334
511
350
3402
858319
858890
357
357
375
489
322
346
361
318
278
369
332
385
313
685
386
487
465
77032
77855
18275
338
390
287
342
349
391
367
374
334
357
329
361
363
495
382
330
339
337
347
319
339
47
354
351
323
369
332
360
325
338
344
287
316
311
443
342
292
320
328
343
454
318
1355
323
95
293
375
351
427
427
427
301
427
4527
311
4946
525
1196
319
2335
287308
284460
355
323
343
300
319
371
311
471
333
586
301
301
336
315
576
293
337
360
427
427
427
427
456
384
338
3774
3626
427
427
352
346
357
333
367
341
305
581
331
388
342
854
289
308
320
289
308
329
453
468
313
357
2195994
526106
427
426
427
1302671
1303001
1303490
1296056
1295365
323
1501
311
362
375
353
2088938
315
3997
282
321
1016876
1016151
350
598
344
312
332
1228
509
302
408
57285
58252
57251
884945
885686
1330269
1719
281
1962
344
2616
37220
1690
1476
427
34142
36654
312
584
306
318
313
487
257046
256965
256988
295492
295660
295600
296564
295719
303654
1075
1803
435
294
1084
308
357
331
306
2724737
2724332
332
364
307
113
948
327
353
328
360
344
303
372
480
354
504
734
294
542
1047
394
296
324
355
6482
6438
5548
289
427
876
297
53090
1144
344
4765
427
427
397
309
341
304
324
285
527
4611
491
290
325
490
379
451
296
1006
326
328
297
350
302
302
324
327
301
476
419
303
297
313
308
264
311
809
356
329
354
316
562
348
373
324
371
353
611
1559
1430
435
408
927
367
316
317
317
293
3011
1891
508
923
31
337
1972443
1971861
304
96
316
382
390
301
357
322
359
345
315
347
504
384
36
330
485
537
319
358
825
343
450
497
427
322
332
429
314
329
479
376
427
427
1764689
354
1784
999
313
427
2790
286
476
319
286
507
339
336
329
367
324
504
312
391
345
343
348
377
339
379
331
303
812
293
328
327
315
333
426
432
332
292
324
335
332
621
321
1332
18352
326
323
351
372
350
351
331
37658
339
340
328
322
343
319
360
341
2783
299
1587
4942
15873
495
6827
578
366
941
341
386
318
294
304
325
342
342
324
316
366
331
323
359
386
3192
345
3798
2393
1550
2347
2954
2917
1944
311
5351
291
303
352
299
316
314
315
295
293
350
336
427
376
427
560
497
5257
427
427
4270
5618
300
488
3439
1785
373
3773
1250
2267
126
4050
300
5918
1293
327
332
386
1003
334
427
427
427
333
427
316
351
2155
2932
326
1578
3793
373
330
372
319
374
427
331
335
690
3400
484
2898
331
1058
491
11373
852
902
292
1210
427
1045
307
4958
5738
973
475
358
450
322
357
330
7198
6990
353
7428
312
306
45
310
379
427
427
316
343
560
1200
427
427
337
555
642
1162
427
348
427
774
1465
427
533
311
5816
317
209
477
929
1872
302
427
370
713
4300
26768
26601
323
358
7009
4494
340
307
427
427
427
427
427
427
351
326
311
325
6327
298
301
320
331
427
342
58
10167
2916
460
427
477
351
427
408
321
382
431
344
604
367
354
1372
321
427
427
589
5662
4698
427
335
297
427
427
338
304
333
379
329
343
16551
36789
318
29256
46957
57918
65875
71896
82701
96645
130261
533
121317
85
848
88448
310
48855
266
332
42080
50739
57386
67900
6208
20648
30232
38583
45251
56746
69102
101725
93626
9356
342
20699
28729
35399
49091
59793
92581
89618
7488
15245
22996
33806
47327
57391
79715
80016
30688
7302
3451
15164
25553
41175
6822
24664
1708
10457
34042
22406
29303
323
23229
427
336
31538
330
349
327
321
344
350
427
11515
351
348
427
362
329
347
378
359
376
427
321
427
427
427
427
427
367
427
427
427
427
330
305
345
342
331
392
427
370
700
336
385
322
352
976
336
1218
386
342
661
2269
323
324
519
328
1496
337
354
331
427
427
3532
326
134
13721
333
364
356
343
977
351
325
389
359
362
314
380
289
409
42481
41693
42558
8579
7759
9461
279
372
427
381
353
16691
18331
30
18435
334
11323
18369
427
19405
8226
2055
18033
333
316
16116
15200
1845
365
326
331
294
325
286
323
328
334
332
347
355
298
380
378
427
373
605
319
319
358
375
381
350
52
376
469
367
317
354
1567
359
353
971
332
517
327
322
427
427
427
427
427
427
427
427
427
