355
39706712
390
223224960
360
450
389
874
640
476
357
387
354
332
394
321
307
447
373
367
349
1254
345
396
373
382
392
378
388
388
389
65288
64579
64443
355
334
367
677
352
383
367
385
352
331
331
509
346
416
348
9856
21531
5892
29407
371
385
325
327
344
260
372
388
313
338
397
364
369
347
382
379
312
369
320
342
347
343
342
373
361
384
327
445
475
553
362
438
387
343
354
336
141
352
388
417
380
365
600
368
374
352
431
383
456
543
303
307
346
360
427
446
487
563
374
450
450
340
342
450
356
328
396
315
392
329
521
397
345
367
320
376
350
399
307
338
360
521
342
342
341
375
389
350
378
317
336
341
362
380
341
388
355
732
403
450
359
339
409
340
362
368
488
365
420
144902
5333
144514
360
341
382
160031776
19375
18442
348
387
355
503
3510
376
22212
22268
8970
367
331
341
330
366710
365521
182618
442
328
325082
321440
450
11892304
402
450
405
353
365
501
487
519
369
336
394
322
401
367
704
357
32
51969
52603
52271
51481
474
491
24580
23651
349
370
341
381
334
363
450
355
368
385
317
355
354
450
450
354
336
342
361
789
466
455
360
2839
343
125674
117626
117254
371
384
4699
503
323
349
333
365
376
335
343
366
361
336
398
373
433
321
358
338
346
387
314
450
468
364
450
466
360
374
351
464
356
379
345
357
318
359
358
321
450
1011234
1103408
339
329
435
395175
353
450
450
450
1057
349
362
355
328
327
329
368
328
352
352
387
352
346
347
365
374
361
38363
25620042
346
450
450
464
450
10560
469
356
344
309
371
348
301
239
327
361
391
348
373
370
330
485
452
450
447
367
450
474
345
377
338
450
450
351
348
383
365
314
397
442
352
363
428
434
474
356
384
446
406
379
367
493
60
372
353
326
351
449
449
368
572
353
376
337
337
359
352
451
450
450
340
357
366
341
253668
211201
219669
362
450
521
425
349
310
494
373
360
349
518
359
383
864
1380
470
406
456
501
368
375
364
365
379
450
450
37749128
483
511
499
386
432
456
964
468
450
509
419
556
444
1482
450
450
872
476
438
506
331
2828
353
359
15949
15006
14606
342
530
444
595
494
502
344
346
870
456
527
495
438
544
317
347
372
477
450
465
478
329
45539
468
457
549
562
468
431
387
462
375
347
365
360
472
549
425
476
25633666
486
459
6228
694
450
479
451
524
1626
450
6724
479
334
467
757
9495
10545
1342
378
589
450
392
415
450
2755
828
431
450
323
1952254
339
442
384
599
1304
341
328
38
102
888
455
429
370
362
458
361
449
77022
472
498
544
450
143030880
430
458
457
491
450
430
396
384
511
319
450
1953
476
352
437
4265
468
346
6010
422
431
2561
307
371
323
394
365
382
346
449
306
374
450
341
2509
505
6098
489
343
322
311
357
469
390
3371
312
372
1438
515
321
450
450
450
350
27451258
27450330
22100694
349
370
346
315
344
320
350
18709
415
366
363
781505
342
588546
336
348
326
372
325
344
327
330
111059
356
326
412750
346
315
353
334
337
317
11161
350
340
321
309
380
333
333
332
344
355
309
354
333
415
357
343
314
328
320
320
337
311
334
379
335
320
309
381
103778
328
332
342
328
333
338
348
328
337
316
334
339
316
326
340
321
303
351
793471
342
328
314
335
363
1924272
518935
322
357
752690
339
330
1321039
376
318
553101
311
323
357
319
325
328
337
340
333
330
345
308
332
350
366
305
343
371
321
347
348
345
302
1247914
343
329
326
328
337
366
303
357
311
308
379
940734
317
333
322
361
329
271273
316
318
329
338
347
318
370
350
326
312
310
336
316
305
317
316
380
354
325
351
361
336
363
349
358
303
328
324
402
338
337
338
340
306
327
350
333
332
336
327
327
321
327
317
356
364
325
309
337
331
783423
374
337
354
329
320
323
353
308
328
332
363
311
312
342
356
311
325
361
311
409
320
333
322
346
330
323
367
313
305
315
400
336
338
367
381
327
351
364
450
450
356
348
312
328
341
348
357
337
336
320
349
318
341
331
354
450
323
367
321
345
777178
346
342
313
341
323
336
386
328
304
344
333
366
329
341
484433
356
347
336
357
328
279489
322
375
317
363
317
335
338
301
379
326
353
305
324
348
51567
306
368
339
327
337
332
349
337
332
345
332
372
351
320
315
368
330
342
324
305
341
323
352
324
350
346
333
357
313
350
317
355
306
359
328
384
367
323
340
324
326
338
373
305
370
313
321
314
328
310
308
337
334
336
335
345
319
318
370
331
312
324
334
326
315
311
329
323
307
331
341
338
306
350
328
341
319
372
303
324
356
634846
356
359
335
314
324
349
307
368
339
320
330
372
328
332
315
351
324
318
337
331
370
318
320
330
316
343
358
347
363
325
330
419
354
369
328
334
313
342
365
346
316
377
380699
336
351
375
313
356
326
307
353
317
327
334
347
326
348433
368
326
312
318
366
328
358
340
333
307
450
333
354
344
342
340
367
339
354
313
367
335
337
340
330
311
354
317
331
341
369
319
306
334
343
323
338
346
346
320
419
314
370
311
345
392
347
347
403
308
382
328
304
348
322
343
311
363
338
334
366
326
332
320
380
350
315
320
371
369
331
340
309
342
312
347
323
322
328
333
331
305
333
328
325
325
350
325
319
328
332
330
338
325
322
347
328
336
314
328
317
321
337
355
332
356
347
354
329
328
327
343
319
302
343
326
321
320
323
310
358
341
320
355
351
317
340
323
330
341
370
322
330
312
345
302
418
315
318
317
335
329
310
331
322
374
364
332
342
315
331
334
304
345
355
323
323
340
350
374
330
349
313
351
359
340
344
325
352
335
330
314
304
344
357
343
319
386
330
341
339
335
310
319
337
318
334
328
325
329
301
337
349
345
328
335
383
347
321
334
305
376
322
345
346
337
334
380
328
318
336
316
316
358
344
310
344
306
335
373
351
333
314
335
323
351
335
356
331
421
318
317
339
320
332
354
334
371
342
329
356
379
341
332
318
391
359
409
334
350
355
348
335
336
6824
327
355
917
555
18538
322
337
344
6041
331
450
1742
391
450
378
382
450
450
340
1270
315
352
354
421
320
340
321
385
339
349
361
357
366
364
428
372
348
337
37165
64707
343
337
315
424
355
415
371
357
323
350
330
381
340
383
380
331
349
341
340
396
339
382
422
319
391
341
357
345
331
357
384
365
328
373
361
373
372
365
340
345
450
450
450
378
2254346
367
356
345
368
343
371
338
471
341
337
341
352
329
341
345
399
357
336
361
308
389
361
3543
367
458
418
453
322
322
438
333
369
364
344
306
316
360
350
336
128
356
383
333
362
727
334
353
2251
332
391
1581
108669
109240
349
511
444
462
466
1133
2657
2413
981
64572080
375
439
521
469
493
364
370
80439
80970
445
469
471
328
346
363
528
381
450
450
1198
450
450
450
13416940
450
35815
32588
1686
441
494
435
486
352
326
379
340
695
503
372
380
382
450
1124
560
374
439
443
555
450
426
497
343
375
343
326
308
807
333
334
471
501
379
434
318
456
342
324
450
459
359
6055
458
450
450
452
350
346
490
6457
808
538
449
472
334
450
450
499
477
3187
455
344
209
360
369
476
430
8369
9293
124017
124823
124005
124873
124087
326
2800
468
316
1535
450
450
459
345
356
345
445
363
447
380
353
375
371
309
474
401
450
381
354
385
361
465
390
367
358
315
101
372
349
540
486
397
5030
4884
470
361
129
763
509
426
372
7943
471
376
450
485
349
323
321
438
339
382
505
348
450
450
480
429
308
331
509
453
448
6162
871
443
376
433
444
323
450
574
472
450
450
332
339
501
486
6403
346
450
450
375
508
387
471
386
361
449
516
114086
115028
452
468
513
429
319
504
344
489
379
424
456
366
369
392
338
391
372
384
500
502
2415085
2414461
392
8381
461
389
375
495
367
352
378
479
456
347
368
486
474
467
1448
326
1137
431
450
363
387
449
430
451
432
381
349
368
332
550
354
2241
373
442
450
364
93
348
506
7803
313
991
439
345
389
522
331
397
517
329
441
502
477
463
351
379
322
450
450
450
450
361
450
355
1485
507
387
1052
449
450
450
394
463
342
318
355
354
354
324
376
450
450
381
451
484
366
326
434
842
2045
384
369
401
506
28347
27680
49548
42041
42120
862
489
450
331
6093
6174
6215
337
351
319
400
450
450
214858
211388
199895
379
387
450
352
332
331
361
319
363
311
370
406
308
427
355
394
317
325
384
348
368
358
731
368
361
473
467
935
654
373
210
424
355
311
369
358
347
517
371
343
392
380
4506
369
389
1798
4320
385
369
382
272
381
492
391
456
343
315
376
353
469
474
482
344
322
320
341
311
366
321
324
306
387
335
346
462
373
360
526
390
380
503
332
367
450
343
450
363
725
336
473
318
623
450
450
450
450
450
490
382
429
6053
368
367
464
433
431
389
324
450
368
427
313
480
453
450
450
367
376
417
674
494
330
843
3487
1499
388
370
332
351
374
366
848
394
355
348
389
309
324
388
486
357
496
450
450
450
361
495
328
443
328
450
450
450
333
523
457
454
341
459
496
484
2337
389
694
132
369
344
587
554
369
488
444
461
1595
307
341
332
466
359
450
340
376
391
440
345
450
385
312
450
450
357
349
467
360
470
450
497
333
306
450
478
449
450
432
386
383
352
8879177
475
447
450
449
340
2079
478
343
620
450
507
21145
354
460
463
560
486
338
379
365
470
333
425
503
480
450
450
2763
450
396
1111
329
444
343
450
370
1747
343
438
367
468
513
347
461
380
354
329
353
3035
370
332
451
458
476
1633
2232
376
35622
369
347
356
1999
476
363
305
333
443
455
3658
481
449
462
456
450
455
348
370
465
337
388
334
351
375
498
356
330
354
3255361
429
360
492
375
332
487
347
450
450
330
391
476
325
372
344
1059
394
542
439
364
60107
62080
373
481
378
341
329
1875430
2422
434
423
1885
15597
340
561
478
131490
130902
476
343
446
466
447
776
462
348
381
476
385
383
456
446
467
493
26661
26067
365
342
368
339
345
386
360
344
434
490
568
391
374
384
369
24275010
349
397
813
320
346
1086
362
372
18028
365
2085
414
1822
423
370
352
2880383
337
379
374
343
376
23667986
388
327
569
3077
7164902
7163438
7153828
455
1119949
450
1225515
5898
4839
688
402
2524
3716
386
352
344
358
367
346
384
353
150
361
352
332
370
391
450
387
356
341
399
381
391
1151700
422
385
346
12650
751
5986
8021
377
5025
6521
1149
336
334
428
1627
871
363
368
377
374
353
326
369
370
422
317
313
362
377
359
390
450
450
356
375
321
314
331
340
323
318
351
323
336
334
306
332
311
339
331
994497
371
315
381
324
369
313
331
322
328
4483
345
1710
418
350
383
338
325
376
335
10247
325
16666
450
352
364
344
350
355
353
370
433
171
310
386
1200303
366
378
363
384
456399
455612
1809
350711
1945
389
930
431
454
454
1329
466
559
371
486
455
466
343
443
340
450
2936
871
341
431
331
884
409
385
429
371
617
149
657
350
362
438
381
348
473
347
399
353
343
373
318
369
498
2231
326
450
377
420
450
450
450
3655
7074
3390
51
450
489
467
449
449
390
373
556
1318
378
381
388
331
381
361
632
335
381
485
385
331
542
482
812
495
1670
351
438
8616
449
316
450
450
2540
377
340
356
465
745
528
362
356
7800
17952
450
450
537
376
1383683
1384261
682
355
349
330
360
371
352
494
38
457
338
389
385
344
450
353
450
450
450
475
447
467
423
3481
353
308
450
450
429
436
480
483
515
431
450
329
483
616
485
454
447
492
536
306
458
512
14246
437
570
489
485
422
466
466
450
462
454
381
442
434
450
3411
1775
391
493
360
488
364
463
2551
450
450
499
509
330
341
375
463
456
450
450
1816
434
450
450
486
438
543
428
1082
554
450
450
387
477
471
460
454
364
320
2459
576
471
287
330
450
450
4165
3266
459
451
357
500
433
429
6439
331
380
511
450
379
3879
9247
10782
10926
8309
3873
6652
3195
473
387
529
530
499
456
492
732
356
368
450
390
383
464
9625
425
361
419
481
402
1308
26135314
434
532
488
441
450
9264
450
450
450
490
452
446
425
506
509
473
474
437
332
349
450
2842
449
360
361
450
382
391
5275
353
359
463
450
466
329
323
450
2335
125
56
377
452
531
309
339
456
497
450
450
363
590
461
368
466
450
450
450
450
477
450
465
450
467
450
444
364
197
2560
2978
473
484
493
452
443
375
323
347
359
323
495
358
371
325
350
324
326
450
580
3744
3035
558
468
462
344
337
343
490
462
517
477
343
486
2527
499
445
503
334
71
926
456
531
5794
401
450
377
385
450
365
439
361
449
450
3999
431
359
343
463
315
350
319
312
443
383
450
336
352
383
436
471
356
368
355
346
380
399
354
323
341
377
332
402
113349
112562
113468
370
375
466
363
336
387
324
318
450
362
372
325
352
462
498
427
393
415
340
381
335
361
340
447
450
656
331
496
327
375
334
394
329
377
377
390
385
1383
355
322
390
602
330
344
347
470
439
376
380
393
484
118
697
307
372
370
451
547
539
330
502
87
375
436
531
3153
368
383
694
344
393
368
368
334
267
382
381
314
325
7867
337
361
324
333
429
393
550
394
348
348
341
350
356
383
354
315
360
342
450
334
5675
547
346
377
450
450
639
319
449
450
445
436
465
2641
537
374
466
508
447
1176
345
922
52893
53691
1820988
1820821
320
471
337
389
467
333
325
957533
956598
331
572
394
1135
441
397
361
461
444
450
365
331
345
466
478
457
479
5461
368
500
451
526
497
452
450
363
571
481
453
437
137062688
69
447
347
5844
488
500
349
380
1335
331
34960
34804
450
322
892
182
124
486
299
506
50881219
392
365
347
473
366
431
320
353
365
615
408
492
339
2473
472
375
376
355
450
748
374
504
448
431
450
450
2820
371
377
369
373
350
328
345
354
344
390
353
984
468
348
332
528
450
348
363
1008
369
450
450
365
450
329
496
452
1102
388
384
378
355
400
450
380
368
425
363
340
322
375
356
438
441
338
444
461
435
444
364
423
341
427
334
339
336
441
472
430
450
532
466
476
302
439
355
345
434
450
3123
8236
465
449
428
452
503
437
441
517
327
487
403
544
431
362
450
351
450
450
349
280
364
362
119
361
369
450
450
450
988
1006
450
450
450
450
450
450
450
450
450
450
450
450
337
338
382
363
350
442
367
717
362
285
450
450
450
450
360
436
4295
1438
2049
43
1304
319
454
482
449
460
450
233
2189
2254
450
469
459
207
330
352
519
383
343
329
1404
358
323
98547
101168
336
353
334
367
354
312
352
334
1372
332
71174
351
378
112506
362
402
333
355
317
347
320
396
352
2181
1177
325
360
382
359
382
388
329
357
321
141842
348
61026
321
450
450
450
450
450
4031
369
370
421
276
349
385
383
372
358
333
377
424
462
377
429
394
437
466
454
41756
38509
39292
393
4108
459
3333
440
456
484
478
461
912
372
458
386
542
489
450
450
450
450
495
330
861
446
370
449
449
475
427
2385
369
358
356
349
450
434
447
5361
450
441
351
502
355
436
562
497
480
441
450
469
462
486
514
519
449
336
665318
664251
334
426
418
496
450
441
477
1977521
380
396
774
897
21757
22617
4163
449
457
602
452
324
335
356
368
385
450
368
384
388
329
350
396
322
587
43382
450
19378
29948908
18720
29929894
461
5128
359
5978
453
240
433
347
342
386
438
449
450
309
5188
5043055
323
384
326
348
383
319
515
480
351
444
331
353
312
345
333
364
626
447
420
428
450
554
4219
432
5063
9659
3860
340
605
4013
19931
19253
434
495
401
466
361
1489
309
450
329
334
450
450
462
452
391
329
433
395
458
469
413
359
520
450
450
465
80
463
62
42453
433
495
360
366
389
517
462
381
312
309
337
505
488
360
87
345
316
326
354
496
368
312
450
450
331
351
517
506
770
722
534
444
438
352
355
331
439
367
329
360
622
364
354
350
360
391
467
375
355
346
443
491
368
397
379
80530
4296
450
526
455
451
418
502
462
495
23
449
498
500
442
448
10113
438
356
531
372
791
514
1631
2936
729
469
370
373
1091
378
347
324
106263
105987
425
1986114
340
336
602
321
398
336
341
391
346
1257
163
207
118
1874
367
711
375
340
362
366
372
723
334
346
450
366
938
342
1117
381
322
363
343
334
374
85
353
2251
656
1380
4300
387
323
429
348
373
321
366
311
311
338
374
347
334
328
350
318
358
396
6198
455
366
450
474
339
363
412
362
331
386
403
385
362
377
345
343
327
397
328
376
315
385
358
367
444
370
344
342
327
347
784
347
365
385
367
336
387
431
360
352
376
696
350
366
350
513
14881119
14881759
450
392
385
346
405
385
366
301
346
450
450
399
464
381
353
5636798
5636156
469
408
450
352
362
333
337
457
328
353
446
372
1361
3107
317
390
335
339
430
430
373
396
368
347
388
466
330
392
336
361
339
375
342
320
24469
424
485
338
485
23350
457
431
148858
450
450
83964816
319
392
556
331
450
450
520
302
94353
450
450
449
6118
458
513
356
477
432
6140
431
355
346
436
469
455
351
354
375
134941888
388
385
444
489
460
362
450
450
450
451
510
377
491
484
49080
457
338
569
374
314
376
336
598
384
316
342
344
451
1268
381
331
1358
320
318
341
360
339
376
334
375
362
386
6922
483
600
466
450
450
524
498
311
362
491
2204
337
429
450
394
450
450
525
274
116
23
81
349
289
353
363
348
7174
395
5749
560036
1542
422
350
17524
339
7044
554813
553760
552697
350
306
11018
10272
355
363
8643
547446
357
768
238
85
284
367
376
378
536443
356
347
425
349
329
370
1721
365
341
333
361
374
336
351
356
356
347
352
517450
415
344
349
360
379
358
355
348
351
367
424
483470
502694
381
355
314
346
322
309
352
388
347
359
348
221
368
384
380
362
350
351
357
5673
362
353
366
378
161
371
382
149
351
351
364
22183
345
337
341
336
450
1459432
1770503
565097
326
437
402
488
559
450
450
450
450
339
574
523
450
450
506
339
369
325
492
462
453
331
5913
466
346
6270
6091
5532
3120
318
451
3058
31052
474
655
384
20230
491
998
342
498
459
481
443
450
450
1459
354
376
483
117328
189530
242048
241333
481
47262
35910
32371
64300
64511
65870
109000
450
450
323
332
449
320
366
336
326
363
153
511
490
420
432
365
555
450
450
459
6099
450
612
397
462
497
6066
450
437
502
448
522
499
447
498
331
432
387
486
356
474
2446
11093
481
450
360
436
449
6149
1912
4298
2156
517
450
450
822
450
450
450
6066
494
6070
328
462
450
470
450
450
473
473
462
450
348
465
467
315
1047
590
2678
501
2635
465
662
450
321
387
1929
2618
507
490
3949
333
2823
473
1172
431
333
383
455
506
437
100406
502
344
487
449
468
6012
464
470
483
3168
361
495
502
437
469
440
13416
453
466
472
431
520
45885580
45883756
45884624
45883792
45883616
493
450
450
429
528
328
1050
453
313
526
465
437
459
450
334
341
371
380
2133
491
462
38
337
474
439
450
467
465
462
647
481
481
2643
8672
363
450
4447
355
350
317
478
338
4963
337
389
472
2335
510
439
345
230829
120140
239285
240379
103314
118364
3431
458
314
8169
415
477
456
1122
1996
465
466
482
419
450
450
361
864
313
457
380
337
27288958
27289820
55904
450
468
475
444
510
450
316
486
442
450
370
551
328
450
440
328
81322
457
471
446
5970
465
9022
379
369
499
478
512
450
450
462
372
8145
7488
373
2456
350
626
468
5762
6222
79
450
362
449
361
525
450
335
472
5053
4304
8494
499
2877
450
450
1965
395
1841
561
386
450
484
461
487
476
389
473
450
192
919
383
449
354
450
468
693
369
448
475
355
442
372
503
1536
318
1068
325
396
450
1649
480
498
349
371
354
3204
1485
453
459
489
1833412
493
468
2470
374
331
344
385
382
808
3726
399
367
365
335
505
517
308
369
330
2111085
2109969
2110407
345
384
464
444332
443751
369
360
365
562
346
378
476
343
363
346
450
450
488
328
6305
391
794
324
8906
471
490
354
444
355
361
366
405
450
379
687
330
416
512
385
356
357
342
313
410
450
450
450
372
353
280
364
361
372
340
354
1352959
1338416
1339052
1330572
1331156
348
1306591
339
363
334
366
369
364
382
348
348
371
653
327
309
354
346
498
366
387
318
91524
92207
91359
90491
84364
344
84137
91375
91360
91616
346
92376
331
399
358
317
393
346
336
381
510
401
370
350
363
378
386
378
460
294
406
404
360
351
337
427
384
350
1631
398
356
374
327
385
350
629
363
402
474
498
393
3209
371
568
525
331
503
391
383
375
677
326
354
319
385
324
357
461
464
1234
364
352
452
327
339
471
366
485
383
350
385
462
2644666
2645306
410
450
450
450
375
357
450
387
491
481
475
485
450
501
1985
356
329
503
468
1140
337
378
362
384
479
638
476
544
450
9510
477
532
468
507
519
455
444
423
112799
113722
780
2111
424
323
1583
1131
438
506
469
13538701
13536201
13475949
13410127
2324
450
7915671
7916436
2976
468
537
452
430
475
587
463
354
510
2908
509
439
489
125
274
5177
2116
1442
95
450
428
488
427
341
466
357
394
323
367
338
450
345
327
429
487
481
424
450
450
3118
465
387
483
527
489
455
324
360
348
456
398
534
535
347
449
46792
354
455
400
450
1882
306
450
450
612
9711
395
5212
320
326
316
1026
2261
450
450
450
428
37176
450
351
117893
79401
333
364
117315
49804
419
74256
358
336
106706
314
339
332
41
344
450
318
337
367
319
50237
378
178
450
450
350
314
37
329
416
364
343
310
164403
450
4062
2903
9323
213692
114870
61870
317
176682
70477
356
163265
20417
19995
350
346
1062
340
394
352
449
384
5122
476
146886
450
360
2289
372
517
450
448
483
324
325
450
319
351
449
364
1163
450
486
442
10328
6121
379
497
501
450
450
1978
440
337361
458
449
3046
519
450
450
480
471
337
436
427
346
427
398
367
348
492
3019
327
377
453
325
339
450
450
451
450
450
377
465
460
380
491
465
455
417
482
523
449
401
338
450
479
316
474
481
466
557
487
450
422
5178
320
331
470
362
451
476
484
226
450
524
458
452
489
322
489
429
2584
467
450
450
664
459
372
497
2374
473
431
448
506
394
499
427
478
450
467
410
449
84
368
2423
2498
430
488
470
487
308
450
450
478
494
434
499
496
465
4503388
4504290
462
6108
450
512
489
466
453
448
514
459
460
6119
377
466
506
372
450
431
439
450
493
450
512
1375
508
510
450
450
4101
3575
454
456
466
459
369
464
555
468
431
353
449
450
319
483
805
3424
461
4727
578
447
335
473
452
342
449
1167
2054
484
517
474
332
331
330
339
328
493
974
933
420
429
450
450
476
434
395
368
378
6047
344
1079
411
416
336
367
337
348
450
383
317
506
437
346
378
1727
1366
362
7876
322
406
540
433
394
1048
339
367
446
427
329
360
320
372
4183
35244
392
566835
567710
359
381
585
461
308
1766
4906
451
514
450
478
356
455
483
494
470
5904
1098
79
132
338
306
335
474
352
3992
20106
2244
364
6084
461
320
468
450
450
379
502
432
1109
487
450
453
328
370
374
450
355
471
461
500
463
520
450
450
423
7896
8664
8943
450
345
514
492
488
340
960
383
450
511
419
447
474
777
7922014
431
367
381
493
458
327
356
376
450
836
4622
450
432
354
500
576
465
389
374
313
582
333
391
1577811
1578363
1372787
342
329
305
327
375
315
325
330
419
576
451
365
2640
377
325
376
349
436
308
382
366
342
320
494
349
373
1829
370
351
388
371
839
122173
331
370
450
381
370
420
381
385
381
325
383
315
340
357
322
356
450
55519
332
362
337
511
390
320
576
364
379
325
319
348
322
408
507
384
450
392
3824
1135
23640
358
381
436
375
1956
464
450
450
354
465
493
423
335
450
505
389
456
504
3862
430
518
503
339
457
441
887
348
436
335
349
453
381
480
497
491
190
450
354
419
390
30767
30055
1336
436
451
450
510
322
454
356
371
361
2413
430
323
4553
117003536
315
336
798
8214
519
944
314
494
341
317
330
352
381
974
483
325
466
408
471
434
533
707
369
475
347
450
6114
343
450
22512
31042362
387
337
450
346
315
326
335
459
436
343
2618
155542
156446
346
315
522
5627
5801
84444
1803
113895760
384
490
327
372
351
328
384
403
550
1111
372
372
1178
1536
313
74488
85182
84172
1882
8601
54451584
96939
96080
94647
94160
95144
2955
350
368
316
338
368
464
212
833
43298
98815
55862
42960
86929
87681
49819
450
19953
58595
450
85128
59686
46461
45319
7802
38216
37378
2211
479
38415
37341
345
37061
38899
38705
65280
65584
63150
61841
61682
61741
606
62601
62637
61273
36027
34821
35719
34394
35305
35276
35383
62209
62220
34427
62131
62202
61280
62217
35922
35147
60177
59244
60154
60193
43933
58953
42130
59540
58633
59508
59458
1542
498
1393
25398
25066
26033
25157
450
26828
25921
26832
25249
26099
25230
15322
450
2682
472
463
1233
103077
102655
103919
102802
103562
102707
102790
103989
103183
98264
1056
949
96503
95580
96902
96054
95919
96804
96082
96840
95802
450
96676
4947
557
485
1110
48364
430
450
393
519
556
312
340
368
366
330
397
330
429
371
367
373
384
1202
377
322
3326
11334
465
345
346
369
359
370
377
315
459
356
451
358
554
435
465
353
319
379
470
502
350
319
484
340
613
478
326
323
352
451
387
373
339
439
364
347
386
356
435
353
312
353
455
336
436
430
479
499
343
417
490
451
315
496
450
450
450
450
2214
450
450
491
450
450
450
476
487
737
6053
487
48763208
80915
39609
1434
37992
423
331
3233
9971
6044
451
434
466
439
420
2628
394
391
2901722
2901531
2893001
2892077
2892157
2892775
2897168
2865845
2860978
2860583
2715082
2874646
332
326
220196
384
8897
1159261
2975
332
401
309
3998
4919
474
345
351
3482
362
78124368
385
379
1369
374
377
450
320
361
2028
460
450
450
450
450
791
450
450
463
644
482
474
364
65
1469601
1470312
315
418
1541
317
6086
578
577
476
13915115
113
6626
9695
75920888
841
378
349
306
322
473
356
522
370
6875
472
474
352
429
5203
449
438
21775
480
339
374
450
69318
9648
375
491
2109
1109
888
450
69635
4697
452
450
450
472
492
403133
402630
1660
6097
468
508
6189
507
331
510
450
416
352
347
510
68
450
466
375
340
503
355
450
32
429
1059
456
363
308
912
385
449
1750
549
448
538
841
431
4466
450
509
687
25468
461
446
449
415
435
477
496
382
449
328
7197
7736
377
329
360
1071
478
358
386
383
365
476
434
363
347
364
452
378
448
1140068
381
450
330
450
543
491
522
450
450
330
1668
326
377
1338
580
481
506
450
452
328
618
450
349
357
468
440
450
450
428
431
6325
6073
492
447
413
474
510
980
165
449
470
452
796
461
378
529
390
525
439
1991114
1991542
396
524
495
438
439
332
571
469
450
1435
443
431
431
495
373
457
511
361
467
443
380
345
377
429
344
484
462
70873
367
338
318
434
328
377
314
376
329
1107
5735
351
346
3825
450
513
7364381
450
1202
7357306
450
7354227
505
461
354
311
327
335
350
349
177
369
469
401
374
792
432
375
323
495
348
419
375
352
495
431
439
337
366
391
402
31480
389
361
360
403
374
366
349
325
502
471
382
453
337
346
7504
319
358
386
376
392
450
450
326
361
400
411
180237
60574
35808
341
378
350
326
507
342
450
450
354
329
386
465
438
389
352
371
422
352
392
321
450
450
377
1667
377
372
342
369
361
327
359
370
444
383
376
344
367
334
376
346
358
387
387
354
470
380
468
489
457
362
408
440
342
510
512
377
457
347
2296
1682
382
351
622
373
388
495
360
375
353
361
335
352
358
335
347
449
338
385
678
358
362
366
337
367
386
341
580
317
404
333
334
385
446
372
326
369
1769
325
383
353
357
368
339
345
331
458
633
372
385
384
337
489
412
403
398
522
337
334
319
333
354
478
387
635
393
520
357
450
396
383
516
386
371
329
1769
2667
363
385
136
687
484
346
380
387
376
393
450
356
450
392
578
600
500
1275
372
351
372
302
141373
346
359
368
378
325
450
616
1062
345
341
381
337
365
366
371
361
357
350
378
360
477
407
5949
917277
902987
317
383
322
347
384
365
355
374
384
450
347
493
371
450
450
450
466
1381
450
536001
534335
1860
440
474
493
344
335
470
450
402
483
442
449
512
330
458
370
534
2305
499
443
330
358
4780
455
1992
453
377
380
366
383
360
21618
22173
1922
318
470
470
478
446
447
8553
6344
450
1731
450
3588
450
372
425
339
549
483
442
489
430
112696
3043790
3044399
491
467
453
480
3474
428
1507
2704
4793
1593
342
2946
1319
329
338
22739886
512
459
2834802
2834140
354
394
20410098
20410034
20409184
9777141
9777864
801
363
431
458
449
382
479
15214
371
661
5517
11587568
451
509
506
453
7165
344
605
396
360
342
357
373
331
384
345
521
386
314
366
383
431
519
383
17189786
55417680
345
450
450
501
466
370
377
311
518
48801
48543
178
450
419
548
392
450
527
4393
527
447
225363
565
481
426
476
385
350
2352
344
625590
364
340
331
510
356
439
6053
7006656
362
6899965
6170957
373
456
569
450
450
428
86
401
3248
390
365
367
386
469
397
380
374
360
366
360
373
378
341
357
330
343
1471
361
325
376
329
393
331
450
1974566
423
357
8397
306
3774233
47823
328
327
354
324
318
317
140626
130853
318
381
450
1273824
357
450
450
450
358
401
346
1383043
1382567
348
354
336
333
336
346
4318
419101
418106
323
366
91936
348
450
392
372
335
346
359
450
359
325
360
336
526
339
250
364
3599
15981
38258496
450
302296
302541
2750432
4125951
4126702
320
395
326
362
2296
689561
688617
382
559
393
360
2309
502
387
337
227561
338
369
6204296
394
7238328
9316439
373
450
450
5783201
5755285
324
5438333
5438684
369
5293953
5294397
35073996
361
370
438
395
403
321
345
450
450
450
450
450
450
450
30282288
381
345
17463
12249
465
1072
329
450
357811
377
372
358
441
384
387
506
450
396
399
1222
372
355
391
358
349
363
339
2838
343
372
370
338
450
339
379
388
350
401
392
346
41257
499991
25680176
25535338
451
449
332
508
450
450
451
459
472
939
460
450
639
443
481
476
457
458
371
4825
1716
471
335
533
1584
509
504
2214
335
466
5041
6127
742
427
461
505
450
6142
491
462
3306
6555
488
362
1822
347
381
328
368
443
359
360
363
377
339
354
402
369
322
13138
326
450
450
450
2473
450
2265
3390
1387
450
450
2187
2252
314
450
262
450
450
450
450
450
450
488
450
450
450
757
3180
450
450
8623
330
353
1091
366
355
316
355
360
2578
4277
981
358
452
495
363
364
342
330
327
388
393
485
338
341
670
349
321
489
324
465
450
455
478
443
378
539
346
334
359
344
353
531
333
478
329
372
351
359
466
436
460
450
466
486
6513
474
450
373
343
345
476
450
307
354
6089
473
430
546
476
604
653
461
3532
552
558
508
153
310
449
511
513
360
450
450
462
5633
423
429
442
432
370
388
450
495
360
490
358
379
342
331
363
375
11590
375
352
328
336
448
482
510
14290
13706
13467
450
388
567
433
446
365
450
930
339
768
379
638
362
364
341
326
334
386
6763
8552
988
388
372
29089
450
450
450
450
450
450
33516
31462
32287
31448
450
9649
450
450
450
450
138524
450
36807
35880
18824
18051
18944
36051
56920
57002
36873
36998
450
450
18648
18600
18663
20085
19988
19166
2367
3338
1470
10823
10082
10904
9692
9656
369
481
456
4571
446
452
465
524
345
536
3486
450
371
332
397
361
495
310
346
374
386
4206175
4199613
4089808
4050028
497
2154
830
398
3600547
3599773
364
367
388
342
450
450
450
450
450
450
450
357
340
2616
345
389
488
361
399
187
732
326
386
239
347
606
330
332
308
355
339
473
370
338
387
341
382
1132
360
380
375
750
373
362
335
389
450
396
500
692
362
367
305
368
395
404
360
382
399
433
391
424
371
334
385
372
344
345
385
376
372
374
333
613
349
385
380
344
352
368
426
410
314
517
578
373
402
347
373
349
420
345
383
311
329
351
346
372
1017
782
376
395
322
352
336
1297
334
404
330
540
385
346
459
341
363
335
399
391
4029
386
371
374
320
352
494
757
316
384
29671
30209
374
364
787
318
398
392
391
326
370
5029
387
315
401
323
365
358
366
382
324
390
3580
391
371
373
339
2727
498
337
1366
351
387
344
348
382
333
593
394
369
325
363
353
373
557
384
342
398
352
446
538
322
374
311
334
385
357
383
361
754
481
331
360
463
342
4741
573
627
2123
575
491
430
315
473
449
361
807
395
459
351
495
378
456
900
348
471
466
450
359
326
104195
347
375
363
450
450
441
473
330
324
450
450
450
450
450
450
432
483
342
361
479
460
448
480
428
386
449
1349
981
360
419
381
493
383
450
392
370
450
450
389
368
345
474
367
358
324
489
320
480
440
18564
3997
158
456
146
374
333
362
450
433
373
450
450
308
369
400
472
450
450
450
450
518
392
478
456
482
368
11302
330
1607
330
382
318
450
343
482
350
463
428
1009
381
450
363
325
402
155192
521
354
5198
483
375
452
455
3982
2385
335
349
352
348
381
344
355
351
472
3030
393
399
336
367035
350
356
856
363
367
363
360
383
345
396
393
369
362
380
372
394
345
390
390
359
383
357
363
387
406
360
379
376
368
376
362
365
349
501
738
351
2089
439
390
368
346
343
450
450
341
10792
449
380
450
450
450
474
375
399
666
426
427
357
368
488
516
450
450
331
323
374
449
450
5695
5678
10292
1362
8785
3513
4387
449
377
493
379
446
471
430
515
493
380
450
489
347
5432
528
434
450
443
492
493
450
364
371
362
3099360
462
551
354
328
486
548
390
1114
3108
510
462
157
450
6071
6355
335
449
4070
677910
454
432
380
464
1053
461
443
478
463
9579
472
396
375
311
456
369
589
520
390
451
389
513
8351
464
357
361
461
5536
450
458
338
432
469
510
428
616
348
807
432
425
450
382
330
450
504
440
301
460
492
525
346
511
350
388
344
488
343
347
383
343
363
31
464
450
336
325
485
454
332
457
455
497
522
480
491
362
499
457
429
438
536
453
454
485
3136
485
456
463
469
430
437
1412
217
533
493
323
450
392
427
479
1325
1785
162
569
656
483
6711
516
391
325
439
367
359
361
369
477
551
468
6030
476
2660
2416
455
370
390
694
6110
6416
450
450
487
359
348
450
450
387
400
405
373
491
397
62
2913
450
450
370
333
467
349
804263
803166
803294
6115
354
400
1055
302
456
316
497
922
473
505
337
351
346
249
359
450
440
464
449
327
533
1497680
1498429
327
367
527
396
450
368
474
363
375
368
406
363
344
450
392
316
360
446
365
348
365
368
391
378
450
319
378
968
366
327
345
383
319
379
329
343
396
374
378
382
37046
38052
37127
514
392
341
350
382
396
842
73
318
403
359
378
613
401
375
370
343
319
506
361
316
682294
681357
449
334
445
383
375
313
1158
530
340
361
395
380
348
324
343
348
340
323
394
386
358
377
364
324
379
450
850
376
355
450
2290
357
500
663
350
351
348
1533717
450
340
800
1081884
1082744
339
482
516
501
485
1283
467
363
326
1217
440
374
350
347
448
542
375
450
445
1209
570
475
485
460
448
339
468
486
469
431
603
19116
447
461
391
388
468
486
355
387
435
466
500
14899
476
450
450
1188
975
430
453
448
458
374
485
530
370
368
343
349
355
477
450
494
1349
428
510
881
366
5076306
858
363
324
384
435
356
383
370
368
335
368
446
1224
537
349
376
353
380
350
376
324
177
2754384
2754491
450
450
364
356
450
2631734
358841
339
450
450
350
356
323
450
19654386
341
350
19640890
19640550
19640076
388
363
370
450
351
307
19605350
450
19610294
375
450
309
1151
376
375
360
367
22988600
22984684
22985092
27378360
27362132
350
376
450
450
450
22592118
22593300
22590826
22587564
22586892
21564838
22530878
22530572
360
465
366
366
450
450
360
528
340
349
381
404
450
450
350
344
353
328
381
360
395
458629
431
1017268
317
901
450
450
450
450
450
450
450
358
356
450
391
402
314
406
322
1098
342
331
68847312
343
367
462
5280
544
1239
352
357
383
380
474
336
490
324
375
457
472
192
450
450
343
372
361
448
381
2347
18705212
336
582
317
367
478
605
354
2646
355
441
483
317
347
1953309
1952566
376
375
460
990
479
436
97
335
462
34728328
450
448
477
524
3000798
3001643
358
362
459
336
340
379
450
450
2028
317
445
450
388
392
341
329
356
332
465
5144
2709869
1128
2889
359
499
362
399
313
468
401
376
389
346
1049
494
675
338
450
333
543
376
499
331
489
2649
450
976
450
426
371
351
450
450
704
307
783
485
450
450
457
456
325
136
431
319
437
2001
489
346
349
3099
327
378
344
467
316
181
581
449
329
5242
12504
6440
344
347
329
361
371
476
486
380
6773
461
117
493
5322
10429
474
467
450
193
368
491
473
2743
343
25
387
516
370
368
314
392
315
388
347
362
521
450
450
385
489
489
396
341
355
1035
319
359
347
361
512
428
313
1928
356
425
1281
323
338
374
318
1387
423
370
393
397
356
450
450
450
450
450
450
470
450
450
450
450
450
450
450
450
480
450
450
450
450
450
450
363
344
372
375
376
364
397
385
343
344
365
499
387
369
376
331
831
451
373
308
635
337
329
347
344
348
329
449
346
329
380
501
490
331
377
450
450
1099
1176
448
399
395
396
395
381
384
344
450
366
370
471
323
474
384
391
343
343
321
393
394
334
377
374
332
390
364
382
372
3580
450
429
1107
314
550
393
353
367
381
390
401
396
476
508
368
372
356
339
271
540
353
490
328
338
369
415
272
338
384
343
394
2483
351
372
382
385
410
354
364
355
369
375
348
411
382
1009
1398
346
384
383
450
349
15631
476
470
422
425
431
309
313
319
511
334
379
384
427
428
367
366
334
350
341
339
311
353
372
378
1121
370
361
371
336
381
366
478
332
351
316
377
347
393
346
373
421
536
362
385
356
306
534
335
363
279
349
359
318
341
319
321
376
367
373
360
350
359
520
495
277
317
335
437
345
449
451
609
360
450
369
350
375
364
359
318
363
336
483
876
507
761
325
391
360
338
311
342
357
308
366
1119
340
358
371
362
531
313
343
384
358
353
401
360
444
8940
341
378
346
364
365
319
349
502
382
388
336
361
329
500
342
373
2471
534
349
331
344
404
315
2145
364
334
334
377
383
416
375
358
315
420
711
336
354
324
534
409
376
4246
358
331
317
837
356
348
350
439
628
351
364
341
357
358
358
444
331
337
345
333
375
333
360
5100
450
341
11622
10686
376
354
358
792
422
454
377
450
450
450
498
338
322
497
450
450
2143
457
878
450
450
359
450
2375
363
28965816
454
545
338
331
474
378
314
329
488
450
732
416
354
406
167
403
391
398
385
474
343
365
450
4134
365
497
329
342
313
1858
4194
396
383
369
320
373
28625
29665
129
342
313
685829
684985
200
2794015
2793763
2283
2789643
331
311
371
450
382
367
345
360
373
366
339
343
349
3215687
423
6531
361
347
371
317
8737492
307
348
339
152
477
333
474
322
457
450
454
601
6124
318
486
338
320
457
536
4712
358
334
338
488
403
450
450
2122
450
450
450
450
719
316
450
450
307
325
328
365
469
312
449
486
374
450
1990
469
2567
336
390
898
450
384
327
15881
14889
440
388
60390
372
471
386
11059325
11060320
346
458
484
62290
380
597
455060
2535
6062
9065
2392
526
500
1576
335
444
347
370
318
256839
257494
409
383
483
382
339
315829
316936
3220
182251
182512
180651
339
349
354
337
450
450
450
450
12641387
12641456
12640714
12640582
344
327
19840
18670
359
353
351
344
527
387
323
299
5530
21398
16979
2333
20328
421
20796
3093
16835
65966
322
372
337
10674
60051
386
230643
93253
373
384
362
379
377
546
379
378
366
360
361
410
379
350
403
90133
370
379
364
357
370
377
375
370
382
388
364
361
363
713
397
365
364
385
380
351
373
392
377
37
380
772
382
370
367
7396
9539
365
372
361
1430
377
101
830
29
361
361
523
387
377
450
45922836
414
25
1430
384
357
366
368
377
374
380
375
376
375
372
389
45865712
369
381
381
378
699
383
367
383
356
380
358
398
390
365
851
370
541
356
384
353
378
387
350
379
374
381
379
896
341
405
349
386
450
359
212
386
362
372
378
356
399
149
8028
14684
25420
355
366
450
450
450
6632
17381
450
361
356
355
450
10750
335
367
45517364
450
378
426
365
389
450
450
450
450
450
450
450
450
450
450
450
450
450
450
450
4103
23563
358
404
342
1696
356
349
368
352
346
337
356
392
390
375
364
379
189551
185564
26924
331
184814
382
60
60525
55494
349
341
316
3838
344
342
4037
336
362
346
332
333
335
379
348
323
319
322
323
331
380
328
338
346
307
370
366
450
348
402
14602
370
376
382
1119
1337
1892
384
421
387
386
429
355
423
425
359
769
3406
359
6709
6799
16498
4703
470
450
450
450
450
450
352
383
365
370
1562
355
334
373
411
313
318
621
395
354
352
543
675
480
454
389
366
321
323
341
399
358
349
403
389
334
367
382
383
371
304
327
524
472
357
935123
365
525
470
376
305
373
358
318
377
371
1635
514
2020
472
95978
56418
450
310
355
3316
555
486
6096
551
425
351
367
446
346
450
343
429
483
339
394
431
494
500
348
362
381
438
353
375
367
2560
495
424
160
102
342
383
343
354
540
450
521
479
565
382
475
511
341
1506
328
328
338
455
334
466
1659
354
495
326
52690
52785
61043
450
716142
3176
464118
450
688538
449
17853440
432
622
450
390
474
345
1286203
1286898
311
343
1546
383
496
322
2743
333
501
365
340
478
370
367
393
340
327
382
368
442
429
342
450
400
153349
1428
421
450
4606692
4606286
313
378
384
363
390
389
404
361
450
3479969
386
921
71
450
367
373
392
394
356
359
340
450
366
450
391
394
425
377
358
391
336
472
326
344
773
3793
547
332
310
361
384
361
367
370
586
494
559
507
5179
4201
363
330
316
336
337967
350
1649476
1453447
1329923
1330012
1358193
332
379
371
450
317
366
322
328
364
171473
50672
311
314
339
334
354
798
1621
326
348
314
311
400
357
336
1340
135
383
45548
386
320
364
370
382
384
208
1550
1483
375
0
42
213
518
356
1348
122
514
1756
367
133
351
16416
15247
24623
355
339
348
12411
342
373
5177
11032
13969
386
10146
359
357
374
450
6200
3196
346
335
408
378
426
13148
364
316
376
352
335
375
331
12862
357
311
310
369
648
346
392
391
4189
43553
382
382
312
2379390
471
348
375
338
462
430
396
461
4339613
3968614
175528
450
1272743
450
450
1273673
61112
513
450
376
378
506
371
379
450
450
450
450
450
450
350
327
490
504
362
372
91874
29164364
449
424
49606
48811
2543
422
489
372
5313
470
511
492
524
312
380
512
1615
441
507
484
450
13898
450
450
450
450
450
450
460
394
2054
276
421
570
418
393
335
329
463
436
381
424
321
2185
2055
442
343
495
450
344
110959
359
378
357
477
337
344
311
358
334
492
364
981
481
450
359
394
2569
341
346
303
327
450
364
358
368
450
347
327
118
348
312
326
5459
5083
449
475
370
584
380
488
424
56995
57569
14789
376
345
479
476
450
504
504
359
565
450
397
432
355
542
351
450
450
559
462
453
319
324
479
491
491
483
349
421
350
372
364
331
3078
364
316
380
346
2330
1033
538
470
395
512
357
376
389
2583
363
461
433
513
272
423
311
346
356
1216
438
515
359
302
335
359
450
448
376
353
321
318
364
340
493
433
517
362
466
1054
359
429
367
377
349
346
392
486
507
922
2258
455
440
428
450
450
474
6137
376
450
4529
503
340
365
391
372
412
319
444
483
339
501
372
517
450
488
349
360
450
369
339
388
529
2212
373
472
309
423
580
451
367
381
321
326
360
514
316
453
366
451
463
384
391
375
399
345
343
565
341
334
345
26
6009
10144
9543
5582
3730
366
336
450
450
450
450
450
846
232
454
249
379
349
466
450
450
529
468
375
452
443
331
455
464
352
450
374
514
398
544
325
331
330
384
355
380
286
381
817
388
413
535
305
2527
491
399
346
778
874
334
338
382
388
363
388
387
381
358
331
350
390
529
396
380
454
382
338
383
364
778
561
374
371
358
378
343
388
366
378
387
387
319
348
373
338
139
386
342
307
380
354
343
366
657
352
339
450
360
361
855
397
365
324
393
383
356
393
350
349
446
482
622
363
389
1213
143866
4075
324
354
327
360
349
357
314
12398
14078
450
450
341
337
399
381
348
370
349
388
361
450
344
318
346
413
538
345
390
373
353
356
531
341
75
345
363
369
367
323
512
383
364
377
401
508
329
374
450
450
450
324
347
69926912
69961488
605
504
21708
19686
369
539
382
325
340
21684
45277
368
368
426
390
390
405
64372988
397
345
1585
2317
535
467
1620
436
362
1081
353
349
388
509435
510314
1135
508
348
450
450
1455
383
965
556
429
488
326
503
349
309
450
433
460
493
352
373
504
450
348
439
20661
365
450
323
391
323
335
450
394
488
450
450
466
440
345
323
450
450
467
354
476
490
334
5654
430
450
3915
423
370
518
423
612
356
322
474
442
428
401
459
530
449
325
379
7817
398
456
476
426
450
450
446
289
304
450
462
183
97
594
479
342
430
420
454
450
450
441
466
528
475
483
434
381
1799
449
377
364
372
391
358
336
389
342
374
326
3567
554
473
340
1736437
1737116
1670329
434
3432
577
376
1020
2298
6397825
6397487
373
267
1378
23720
381
315
425
391
382
1061
357
7484
483
343
4686
673
355
544
324
393
39986188
39986732
39891964
39363408
39362744
39153184
39153848
33712
34611
450
461
250415
183813
184666
363
330
684
869
374
384
304
344
342
360
1456615
1604582
2591048
1086474
1183175
2573223
1165389
2471599
622226
1218448
323
38137
791734
297065
359
69037
56280
21600
45938
53395
30754
164007
122294
880
4073
21821
369
5228
6563
2013
320
357
673
382
6931
352
304
501
499
351
547
382
450
450
450
450
450
450
450
450
450
450
450
450
450
450
450
450
450
450
450
478
311
373
365
20457542
1234
457
4474
348
456
314
386
352
501
363
141
450
329
5067
5083
427
473
339
17728
351
378
436
342
372
336
367
346
341
426
363
373
341
2740
338
360
322
355
324
325
371
348
383
380
420
360
371
362
1402
336
343
526
397
497
398
355
1884
376
380
373
367
347
367
331
322
456
366
317
22862
21972
337
276
379
336
378
343
462
380
127942
128885
390
340
322
450
450
337
352
568
345
323
363
372
351
336
381
375
450
450
450
535
369
358
878
450
376
450
355
408
37297
1512
10170
10727
376
350
29095
37346
514
457
960
489
450
340
423
433
354
324
438
435
475
348
381
356
347
499
447
383
379
393
510
476
358
463
355
339
376
454
493
6920
421
373
450
450
2383
548
323
322
406
321
442
1386194
1386669
1386899
442
372
618
450
450
452
383
6086
1044
468
5697
350
22947
23771
44
429
450
450
425
327
816
449
475
498
710
1015
480
396
421
333
460
365
3930
381
530
495
448
174
458
5504
369
474
497
450
452
346
334
344
372
363
330
360
483
362
470
535
505
369
496
511
321
356
361
383
353
402
338
84
347
75063
450
349
377
422
337
377
382
339
355
365
440
325
399
328
415
512
325
368
380
353
322
364
1750
597
364
12820
885
411
451
359
388
264
388
2060
443
756
239
350
377
367
516
372
370
5167
350
381
341
453
375
313
384
393
374
321
317
62990
356
350
330
311
1553
1646
344
372
450
450
450
450
450
413
396
341
360
520
7987
858
365
387
328
1277
339
452
371
349
450
450
450
450
356
353
1143
358
479
363
428
361
450
450
384
527
324
356
354
340
457
450
389
965
563
106924
106017
128585
337
340
354
19761
20616
441
435
1042
125555
92264
91531
85458
179344
700
381
165557
388
962
21712600
5921733
21712070
21554360
348
449
40324
39727
387
14506
15484
299
450
48199
543
54296
55124
55140
54736
55582
54746
55597
54765
99704
27089
28156
28962
27707
70467
28852
29202
28364
30046
72598
41706
20501
42416
450
446
42064
450
41567
493
360
792
937
1864
369
1263
450
369
344
448
1152
440
478
399
356
355
529
458
464
398
450
450
451
331
394
433
524
483
421
339
411
471
78161928
99512960
78180616
481
431
419
451
524
368
345
487
2089
451
536
97137
2754
450
450
472
447
400
438
354
314
2360
335
307
469
346
335
356
332
339
337
363
455
395
1909
569
450
4294521
4293475
4294420
4295152
366
328
344
385
375
339
316
329
373
373
370
370
375
395
346
365
352
383
350
381
367
373
385
358
347
346
385
393
392
348
355
367
522
363
371
4123
346
450
6640
1495148
2420387
2423210
325
339
326
970563
343
359
1321103
341
367
338
322
354
311581
316
319
313165
355
336
340
354
378
337
319
300
370
327
357
356
343
1384
13589
327
3458
368
350
7974
335
839
1461
526
741
376
319
1594
329
20
3374
450
378
363
364
371
332
70
327
3373
359
2794
1723
349
450
5838
450
450
450
450
450
450
450
552
441
568
898
534
450
450
450
450
12821
360
399
521
445
458
450
2132
385
465
460
442
6788
473
460
18941
18821
396
377
314
503
466
357
451
344
372
372
633
384
317
382
475
331
362
1232
466
342
686
338
343
346
354
393
505
335
366
414
318
439
343
346
348
347
352
359
344
360
361
334
347
372
384
427
450
450
334
378
469
350
453
446
370
370
350
311
378
309
450
349
367
365
336
352
380
375
349
377
322
348
450
436
450
450
428
450
1224
3275
431
354
448
358
450
450
194089
195033
194976
482
482
376
338
580
455
303
339
427
462
315
373
349
728
923
373
381
451
2749
257
2162
448
1474
1600
505
469
532
361
359
463
350
357
400
454
377
481
153
3681
419
313
345
310
344
7078
6949
616
496
466
520
2938
466
363
539
465
450
776
420
875
105
431
4562
343
548
456
362
330
443
493
495
500
345
486
1159
311
348
324
2758
391
437
320
361
355
522
481
2158
338
450
434
389
432
370
355
459
367
366
4703
491
21350476
370
447
339
364
458
463
459
450
419
524
393
393
481
378
293
362
316
367
370
336
450
681
450
404
374
327
368
353
315
383
376
353
341
450
359
336
377
339
345
369
351
348
365
325
367
382
342
333
358
376
378
345
418
343
461
440
427
450
1607
2306
385
352
369
345
376
484
325
324
504
344
340
370
311
351
429
353
334
343
343
358
334
437
344
337
509
492
326
367
451
353
450
450
370
357
311
340
314
466
411
336
365
328
514
385
355
335
12466
450
386
440
339
385
342
350
361
364
368
313
334
365
418
418
450
37881
38176
37455
1761
450
527
375
359
375
343
483
308
354
311
380
260
399
6140
483
7197
450
490
312
524
348
640
59
306
428
325
508
358
354
363
337
365
1504
518
480
537
547
349
491
364
378
409
487
456
372
369
354
436
486
382
344
599
352
337
450
329
212045
211725
134074
358
296325
282789
282176
275554
274883
549
678
343
330
374
379
347
375
384
329
364
444
370
317
335
533
406
363
350
388
375
393
375
391
362
383
369
333
1133
356
477
373
360
121
776
630
383
387
385
365
350
348
312
320
1162
986
433
342
377
370
326
396
347
342
380
365
508
436
347
373
383
319
363
375
302
329
365
489
15896
11411
10330
5503
11418
5764
450
450
5670
324
450
24790
41222
22736
450
6543
54356
349
450
264
47497
47496
408
418
450
419
424
450
358
319
384
312
331
315
350
333
325
383
381
490
1563
362
493
450
450
455
450
450
450
421
5852
663
128217
1057611
326012
821583
17847
31268
1049355
12791
279204
294477
790102
293108
96765
559082
76361
379969
619705
303355
101308
312554
494881
395
450959
663445
321
193325
554662
366
239007
450
200110
361
326
59872
205003
330
350
354
329
323
308
339
339
375
331
450
354
364
450
330
333
305
450
309
450
450
449
450
380
332
392
450
450
450
450
19430
19269
391
509
364
368
1577
500467
5197901
5188319
5058765
5058147
5055147
5054770
5054163
1724503
1723603
327
330
333
433
438
363
394
372
535
329
372
394
367
344
292
34
477
366
1421342
1422135
1423052
1421796
1420920
1421788
450
1424907
450
450
1424997
1424429
1425001
450
1424874
450
450
450
450
497
419236
345
370
373
450
356698
681
509
450
450
465
497
504
383
450
450
450
366
387
128
382
323
350
337
386
478
436
450
480
134339
134341
135209
450
510
573
6002
445
321
479
388
386
475
389
450
316
339
507
389
488
336
484
492
368
477
516
378
2881
343
318
307
437
1333
444
358
365
476
469
391
53338
52827
691
8304188
1679
332
354
381
306
376
348
388
643
447
427
497
423
1505
312
363
461
473
493
502
442
3179
2494
420
5773
318
439
338
6030
466
509
369
489
442
363
71240
500
1955
512
454
429
449
367
436
843
471
480
449
450
450
450
450
450
450
450
450
450
450
450
450
450
450
450
450
450
450
450
450
450
450
450
450
450
450
450
450
450
450
450
450
450
450
468
389
2032
150
508
510
430
346
497
455
528
499
541
3288603
3287792
450
450
388
470
3329
4076
3888
485
340
2584
356
595
373
483
505
436
309
497
473
450
377
352
394
455
95
483
326
449
344
489
450
137
450
387
779
216
462
341
336
455
503
471
1584
1102
527
450
450
450
361
1959
473
539
450
450
464
360
339
489
449
458
394
393
482
526
345
441
4279
341
388
450
367
336
350
2316
462
496
463
428
450
450
520
442
471
529
394
455
450
450
429
427
375
455
4755
450
450
384
434
380
341
370
501
463
332
311
495
393
369
377
353
319
325
450
346
839
340
459
390
328
340
320
365
372
330
381
376
359
385
355
352
329
402
376
330
436
650
1011
336
352
345
350
371
348
398
340
377
377
402
499
504
381
322
335
755
371
379
358
341
389
376
364
464
340
316
409
370
404
369
375
377
391
450
475
370
342
379
392
342
335
356
358
3930
375
391
368
384
383
397
333
612
375
361
378
318
350
372
380
353
392
1870
1694
450
377
345
366
373
365
367
431
353
332
459
2084
330
476
450
335
341
494
331
73875800
73875216
338
35203
34292
37136
46612
334
341
433
485
450
450
480
24028292
361
1429
499
10364
762
446
496
429
347
340
353
450
342
1102
475
450
450
387
343
351
345
349
323
474
347
480
1847
9490
342
495
450
552
436
4018
444
337
363
7862
435
262
60331
28076634
389
387
473
462
362
450
450
489
450
16110132
480
446
137634
141018
366
2576
359
351
383
528
369
373
382
363
328
484
314
483
347
3410
431
364
912
508
359
341
456
581
449
26640
27175
1483
342
384
431
443
336
391
490
19715
376
372
129
3166
362
332
519
171
361
426
371
399
380
453
322
1110
434
28050
450
352
369
721
335
365
375
450
327
360
350
369
438
480
417
370
334
370
328
30983
31827
307
372
346
337
348
363
450
474
532
361
361
355
353
414
323
487
466
512
336
8819
355
450
327
4249
450
453
361
450
557
306
324
533
474
345
450
461
399
396
490
450
450
450
421
370
453
404
378
318
450
357
301
393
943
398
360
36
459
8500
7581
15655
450
14735
450
450
450
388
371
386
374
470
333
345
1091
369
326
354
388
354
530
341
427
388
464
392
403
450
450
432
457
343
333
486
344
335
360
368
319
337
381
313
386
392
326
384
328
450
450
380
329
352
334
447
356
360
336
337
387
312
359
397
379
450
450
799
403
355
373
338
384
369
349
338
319
357
2486
375
371
795
372
325
379
408
456
369
374
360
402
373
119026
120053
120404
344
119031
442
364
119272
384
59549
388
143709
143231
393
42962
117025
354
18943
17864
378
427
380
13120
370
379
363
380
386
27959
363
386
422
9490
450
1569
420323
450
450
389
450
379
258306
450
259179
258398
450
9834
464
25089
24234
25067
25018
24136
25059
24159
24095
25047
24220
421
23912
23818
112745
450
81252
450
450
450
394
46468
45600
450
331
392047
342
357
507
450
444
450
450
450
354
450
1553
343
358
352
334
371
372
360
367
450
11991
345
450
450
450
450
450
348
376
338
344
371
323
321
374
362
340
336084
376
325
384
327
384
381
381
342
8194
382
360
450
482
387
9945953
319
363
337
2985
376
376
373
390
388
369
341
376
329
397
153
314
325360
324525
270049
387301
388142
215633
214738
140768
206615
207498
50568
50435
444
487
1783
398
377
329
348
469
504
431
374
384
328
502
353
398
2685973
2683693
365
343
536
450
450
450
450
360
1989482
1989048
934621
346
434
435
424
434
483
465
389
450
359
464
371
449
310
524
1160
498
542
416
348
361
335
358
388
324
361
341
466
470
337
330
344
324
326
378
338
95577
96372
369
336
334
357
342
336
381
507
628
361
363
329
355
384
473
453
451
371
314
480
349
351
3243
6256
459
1587
467
377
449
514
304
486
458
362
338
358
357
469
376
340
365
464
432
401
431
105
426
330
321
325
484
353
324
324
372
430
501
369
3234
450
450
480
475
494
450
375
2924
448
478
5700
406
361
387
1406
457
542
484
324
2230
325
430
331
449
485
357
350
356
391
346
360
334
327
2659892
2617268
2615131
317
360
384
373
361
341
341
2132616
2170383
2170968
438
12278
354
2078
387
509
362
826358
825610
797495
792458
783242
346
345
12385241
3499376
385
515
500
453
1209
471
730
1499
450
594
2921492
310
464
402
6109
6378
525
3173
6094
2306
5750053
332
347
355
490
367
450
341
340
497
517
372
450
499
376
350
469
383
473
564
307
468
443
469
430
358
492
486
142
20216
19057
458
473
444
346
1148
859
435
2010761
1967896
329
1933763
62668
355
381
631387
501
331
506
373
335
483
469
425
367
352
363
386
541
328
350
343
344
376
355
382
356
346
400
394
354
509
343
381
461
343
353
285
356
333
382
548
514
395
328
337
311
375
476
343
383
337
338
376
317
357
376
385
357
357
376
424
386
327
346
458
341
1271
370
361
328
341
379
377
331
450
450
347
375
357
340
498
355
502
450
349
347
364
381
321
374
313
344
314
344
397
387
328
369
323
352
440
364
369
369
326
391
370
450
320
317
501
450
450
435
370
324
385
336
364
348
446
353
399
331
325
506
362
1583
404
369
460
307
391
333
349
479
324
323
2088
365
368
421
464
452
349
320
394
331
355
381
346
54990064
54990864
2911655
340
362
367
394
568
380
1623632
2192756
2133414
2083466
6055
351
383
172332
5896
368
516
442
423
359
476
496
352
310
450
346
360
1115766
373
7171537
382
345
442
1757
359
450
360
362
466
360
2122
1852
450
450
347
462
472
512
450
374
360
450
397
71204
70223
507
317
328
172
3055
432
533
763
349
4
446
492
637
468
371
345
344
28
397
402
360
307
371
341
58962132
58965356
58966228
58965052
19
58965304
58964828
58964612
58972800
58972492
58973612
58973056
361
58705612
58706444
334
348
361
378
376
363
333
373
335
305
383
326
394
337
374
359
380
363
375
387
386
386
425
367
196
390
450
372
75532
364
359
362
414
187
379
378
348
361
347
462
340
343
397
360
1435
450
450
347
450
450
352
347
327
359
381
450
450
450
341
372
373
346
333
1008
949181
369
11819695
11815551
360
348
369
364
354
11805410
11806920
6949678
5641
6435
11803569
8842403
11791479
374
376
373
11803722
345
455
389
11795189
373
347
318
335
381
329
387
380
364
46075
46844
2803
380
375
320
380
504
365
372
346
395
450
450
325
16092
6465
12831
9760
420
337
6886
370618
1566743
363078
557884
975027
22185
314
194008
347
335590
347
376
321
1099807
725413
324
189213
339
371
287115
226940
316
10601
385
365
364
431
1033
423
345
360
3371
373
371
364
391
359
372
369
341
456
424
440
386
453
373
2524
69
485
300
381
504
365
484
473
468
337
312
361
448
434
333
354
454
43410
42599
311
63795
63120
364
324
446
514
320
844
381
377
341
352
472
336
3108
337
340
431
501
494
361
356
500
330
437
508
462
372
185
421
439
336
368
538
470
377
328
313
354
382
480
310
354
344
344
450
307
396
336
368
388
323
341
360
450
315
321
388
450
420
437
4430
3419
323
320
4246147
4244624
374
344
370
4196103
4196835
377
355
375
3373
450
327
327
337
334
7690
8652
374
431
501
385
334
360
442
346
2058
349
337
393
364
924
351
360
453
450
450
4912
367
393
373
13300
442
387
326
449
587
361
208
579
447
487
480
333
378
369
355
463
322
328
367
519
2689
2767
348
470
396
323
357
605
574
380
375
358
410
389
493
6269
5701
464
389
521
450
368
150
376
397
351
386
390
347
356
337
83
3028
335
388
1087
1508
342
325
396
323
301
388
335
367
486
395
481
376
414
362
351
379
390
364
363
373
370
388
325
395
362
493
349
389
371
324
326
336
340
532
365
369
433
381
396
334
363
490
384
441
457
464
366
435
457
372
1378
250
331
356
364
366
450
336
326
347
359
314
335
351
404
506
616
359
370
475
1768
373
375
354
271
362
391
475
507
385
354
344
450
377
382
345
602
377
351
363
376
323
311
345
484
390
373
686
367
339
364
1229
359
313
1080
358
350
391
99
1365
421
403
362
386
379
361
352
363
328
398
313
345
930
480
414
589
344
355
322
315
317
398
336
1339
945
334
126114
334
373
1065
372
374
375
328
351
492
471
381
322
338
325
352
353
372
474
375
384
366
365
522
709
481
383
322
465
1267
369
344
456
372
344
530
386
377
450
450
305
355
366
1393
338
450
450
438
450
393
340
379
350
345
472
337
339
372
308
479
586
311
324
367
474
386
1397068
1660
372
3221319
4815366
4817156
4817864
4252
474
476
503
331
329
341
359
359
328
384
379
911
350
317
356
352
450
450
352
1048
384
450
450
328
363
333
396
466
498
373
348
330
3536
539
1703820
332
348
468927
469660
459936
352
383
286493
287542
287453
284945
285962
285854
474941
426661
427258
390876
1077
29801
382
62
4930554
383
340
340
328
450
102568
103173
4956903
4089199
367
381
349
376
367
381
392
386
5160
6170
1849
4223
376
388
4463
143
4654
42
1672
4467
401
399
418
433
406
374
432
381
622650
349
353
415
363
412
404
3994
400
414
871956
1280306
141566
1213535
614540
424
774320
420
406
480388
414
423
423
402
392
361
406
44498
1498
326
42
346
353
381
336
373
603
387
377
403
6523
311
1044
348
5029
307
410
381
367
3635
450
450
359
378
379
374
747
341
392
377
349
383
382
450
450
450
450
465
444
382
471
459
384
366
3127
315
377
315
333
334
382
382
348
337
332
324
381
362
340
381
329
394
319
476
446
349
379
384
323
370
354
369
396
462
240
450
450
1724482
485
378
378
378
323
322
326
384
342
341
386
2431
337
319
443
378
498
361
345
341
7077
54922
20009
19087
351
11917
10379
6355
392
378
366
325
328
337
375
340
358
334
346
328
377
450
387
323
347
322
325
73811
1307
338
366
397
327
487
467
485
336
597
334
915379
673755
635529
636142
312
510
313
887921
887100
352
329
18629984
320
329
364
450
450
318
714
1490
368
2931
356
450
613
326
372
487
382
373
313
341
357
372
450
312
476
370
374
359
334
326
408
439
450
332
425
496
423
410
426
320
400
2150
395
373
356
449
350
329
324
328
360
1819
346
412
349
1044
2256666
359
364
386
368
334
470
336
392
353
456
408
23525
319
1019
360
457
365
368
460
523
497
501
378
367
340
2237
386
450
388
1075
325
351
552
505
392
348
513
447
550
364
338
326
345
450
447
342
487
361
496
7245977
342
574
372
450
450
362
335
450
455
349
305
389
431
373
373
374
318
349
400
363
329
345
327
360
342
331
347
3124
350
335
389
351
340
429
495
450
512
362
313
401
341
1221
348
337
362
358
396
343
339
331
352
482
383
379
447
450
383
342
370
519
1944
364
363
336
348
379
1060
528
316
698
375
305
392
358
371
465
450
392
364
386
950
1020
326
338
486
372
50016
376
322
328
380
805
364
397
369
347
420
363
315
356
360
337
381
364
337
324
450
372
615
346
361
355
372
328
1131
471
395
336
364
364
376
305
342
424
365
390
588
333
323
486
481
311
450
462
450
343
334
504
444
374
449
724
504
1610
333
473
352
1310
452
473
508
363
480
546
542
461
2091
339
1369
339
1625541
1624945
442
309
361
447
1666
33328
339
373
336
350
450
761
343
319
364
461
354
323
330
370
426
250
378
355
346
424
398
350
461
393
450
450
450
450
392
450
450
348
347
329
1642
2784
66398
59895
150483
160766
27738
4948426
44234
24135
4937210
4865690
4885001
450
346
352
341
362
337
318
319
330
322
343
2162058
346
2744857
310
355
375
334
319
334
323
354
56659
374
19352
4064
20595
822
610
340
328
380
326
361
366
365
228
450
450
346
365
434
476343
451
454
451
806
308
439
749
8951
610
476
485
580
497
460
459
460
385
368
333
321
336
11361
12030
504
445
439
443
316
351
334
605
491
359
423
480
469
3573
2290
1022
450
450
450
425
553
344
5408
715
449
451
387
342
510
334
341
513
483
450
462
372
468
338
430
429
450
384
450
450
504
497
469
450
450
4020
335
122
385
316
359
328
1993
348
669
379
372
443
435
542
335
477
469
389
361
339
6679499
490
480
485
438
391
353
397
360
361
512
491
2332
8233
450
450
492
517
499
439
461
371
450
413
487
450
450
845
472
463
471
512
352
376
396
451
372
341
310
1871207
1871480
1880
389
391
329
395
341
382
2719524
377
389
343
373
347
430
1188
379
355
348
350
344
488
3062
394
389
478
355
344
329
932
375
378
383
312
332
383
346
339
338
390
374
275
360
332
395
311
385
392
464
377
363
2171
375
325
339
340
326
349
392
387
474
465
335
392
387
322
369
314
395
374
450
351
460
338
1405
365
351
353
752
560
255
359
349
370
318
333
394
450
303
382
371
342
329
390
391
677
351
361
356
380
506
429
366
365
383
337
365
337
339
1306
417
377
359
328
308
377
371
341
372
331
363
402
431
365
393
385
393
345
381
386
383
339
336
308
362
374
335
368
335
365
368
377
387
380
386
1367
450
335
2470
1261
375
360
374
334
347
375
346
356
374
1346
348
322
367
402
321
384
316
369
332
314
335
364
391
401
364
365
343
386
376
371
437
369
325
374
331
554
322
995
327
373
345
126
340
337
496
375
358
589
363
397
306
337
305
1041
369
392
388
391
377
479
462
373
594
383
406
381
481
315
335
369
463
352
369
319
438
16394
374
365
383
368
143
503
15
374
349
381
379
370
368
346
352
344
373
511
348
380
379
450
450
2994
8096
450
450
316
364
372
336
376
402
450
20966558
339
373
316
330
373
322
380
344
379
379
395
382
397
384
145440
38586
39489
1567
4113
345
355
376
364
423
458
477
364
331
1183
351
390
349
371
385
436
342
321
369815
370522
319
352
380
1811
403
3088
337
332
361
351
578
102263
101651
578
364
198267
192700
192169
340
450
450
301
356
373
365
370
358
342
324
399
565
496
393
384
367
341
408
387
368
380
346
388
352
490
333
351
360
357
317
360
392
375
350
407
347
393
365
355
310
324
346
347
372
375
351
361
402
365
379
449
355
326
354
82159
80486
15909
374
357
361
360
323
305
58611
59556
62032
376
456
341
386
82983
2548
327
482
370
363
368
544453
543851
455
469864
366
355
2040
375
5185
507
367
366
368
4519183
104106
450
142938
362
419106
419684
450
450
551
386
383
519
458
95100
94139
384
450
450
361
380
374
334
307
330
348
479
316
713
374
351
361
365
327
371
317
726
356
346
346
334
338
392
4764
317
344
450
382
5096
400
954
34416
33572
366
366
112
367
328
542
692
327
313
1901
356
369
357
450
372
366
370
353
389
391
6020
378
388
349
520
366
516
4343
332
333
402
495
2321
459
407
365
357
363
387
389
464
377
433
302
311
340
450
2306
450
252
81
450
450
450
450
450
450
450
450
450
397
450
1392
450
333
397
364
365
352
360
363
364
501
382
366
383
493
443
571
307
429
746
338
318
450
333
323
330
342
354
383
363
491
483
355
345
371
360
325188
325705
317595
317243
316649
310130
309556
308633
293645
31876
168655
169323
66841
67880
377
388
381
397
346
371
4642
389
2452
3487
2731
355
316
545
459
450
371
351
347
334
346
341
377
696
393
337
323
373
387
331
385
378
339
339
340
362
346
358
366
333
364
369
385
361
383
383
321
332
376
89763
90306
351
1120235
469
342
334
389
454
382
544
347157
456
346
382
366
335
327
450
387
355
316
346
348
443
517
337
349
382
332
379
326
359
369
367
503
379
331
465
478
357
322
337
386
365
346
314
347
439
373
394
358
358
330
334
380
348
330
396
382
361
657
338
353
365
388
551
327
455
449
334
357
442
1615
425
1650
295097
294397
675596
676095
393
36206
35378
26203
27092
2062
359282
358
29970
28831
30009
29806
466
2811
39964
39350
72714
73722
37594
36599
369
423
381
132
331
389
406
362
18670
608
279832
343
330
390
394
390
56370
375
505
63331
64238
230090
409
373
339
365
907
319
366
398
364
472
342
438
485
365
343
376
9126
10023
358
346
479
342
374
335
344
523
453
352
367
386
745
335
396
355
355
482
389
360
329
414
467
309
491
339
366
337
323
387
365
658
1761
361
359
401
319
355
332
416
1713
33114
397
366
48
3292
304
457
359
484
392
380
3938
450
389
331
443
398
492
501
450
450
466
376
331
481
473
450
450
484
487
450
347
3570193
320
450
334
469
456
454
956
316
629
377
530
524
369
381
400
582
4161
308
520
401
368
364
359
350
361
363
383
450
2723
454
368
378
378
495
80832
374
399
376
389
341
405
361
378
450
335
384
450
467
3741939
3742623
3738088
402
1264
316
341
5154
361
365
362
5082
371
3069
613
78709
11685
23067
2249
2621
75
363
341
340
311
343
351
374
351
1867202
567191
323
450
1752953
3394
450
450
85334
2845
450
1119
450
450
312
354
450
450
1431
450
450
450
428
450
450
1048447
6817
280
8844
2307
9222
3851
450
450
450
450
450
363
450
450
699
4518
163
514
1482
315539
282
346958
82040
313823
345906
450
7231
7344
450
352
450
450
450
370
450
1372
425
450
365
377
450
450
450
450
450
450
331
450
420
439
2683
352
359
404
450
450
450
308
347
365
1298981
30967
423
414
44087
31797
408
421
20046
409
450
250
450
683795
450
331
450
324
368
361
450
1513
2831
629922
626671
334
621716
390
450
1188615
450
380
1183943
2736
371
450
450
450
450
135710
223394
441734
437204
436286
450
450
450
450
450
450
1536
450
753034
324
355
335
341
346
506
371
450
321
361
450
450
450
350
450
450
380
345
421
450
357
938252
450
450
450
450
450
450
334
450
1019
450
529
450
315
460
14296
411
428
450
337
450
156393
450
337
374
450
1858
323
346
370
346
450
450
317
450
343
450
450
314
375
354
380
353
361
65
366
333
3466
147
14487
396
15381
20155
254
17428
20071
3202
11860
6543
2063
1157
351
374
5565
13943
4428
3578
374
354
353
118095
358
190
376
357
6835
418
364
342
366
391
365
334
353
371
490
539
401
354
1961
722
347
330
379
348
386
3308
361
491
2463
367
476
322
479
346
368
342
324
336
326
354
369
350
369
360
385
345
498
551
447
468
361
449
371
364
376
388
449
453
350
365
1212
2741
364
2568
450
450
475
438
332
375
431
360
329
325
345
317
490
418
354
447
382
362
355
348
374
335
618253
383
334
383662
382955
380
399
320
344
322
359
435
497
379
342
336
160
346
378
478
422
433
368
127939
450
364
1732
374
351
333
329
336
362
352
354
503
448
369
417
410
6043
509
450
450
7473
357
338
363
389
385
366
328
450
450
397
382
362
387
477
366
332
365
432
346
839
167
311
358
381
396
394
403
350
496
387
381
471
329
304
369
327
492
429
367
459
356
375
471
373
345
379
372
371
353
1723
385
335
346
928
407
477
343
407
318
327
359
326
400
398
378
355
450
450
357
404
384
394
380
370
337
333
542
325
450
450
397
378
327
313
361
367
369
351
503
352
375
346
405
849
379
396
339
343
316
363
378
375
374
332
353
318
358
387
1930760
335
423
37397084
450
36607536
363
349
425
352
3530789
308
400
317
358
330
396
345
450
368
367
352
370
450
378
369
450
450
450
450
450
382
450
342
370
329
450
370
318
393
450
381
1015
382
450
334
303
360
334
348
337
393
366
351
384
331
422
426
368
333
348
2701
3022
450
364
385
350
450
450
369
450
450
336
515
359
450
418
427
371
55703
1473
450
450
52226
52924
450
450
334
341
450
364
345
350
362
450
377
450
324
344
450
450
356
450
450
450
361
450
450
450
450
450
450
555
405
377
352
338
392
588
366
382
389
390
383
356
386
355
362
358
381
420
370
361
369
390
450
376
387
6738
331
450
368
381
390
400
171
365
329
450
450
359
373
358
450
372
336
377
931
331
3421
450
450
318
478
339
450
351
343
450
363
3342
377
450
358
377
450
383
426
342
354
381
14710072
1328
18562
18729
19545
384
374
450
388
485
444
444
1325
450
352
449
506
521
332
478
450
450
310
517
450
450
1903713
1427475
458
450
499
450
454
359
110
626
572
6578
359
490
586
486
502
439
379
389
368
560
362
345
368
352
358
398
450
366
450
442
325
334
450
458
389
364
333
436
639
390
421
476
355
334
344
518
520
463
469
376
347
363
437
338
4822
688
456
444
355
426
464
430
563
476
450
408
385
561
368
338
501
381
381
402
518
335
341
476
442
344
381
338
317
363
353
390
358
388
380
391
368
670
403
499
332
371
391
77106
77630
17548
18250
457
317
342
310
370
397
386
340
343
360
405
379
319
342
349
369
367
383
363
133
342
350
338
386
356
1818
1659
368
335
335
328
396
381
371
379
402
344
321
356
374
386
1394
1327
331
397
560
357
14
334
385
371
349
390
390
363
375
450
450
450
359
562
450
4614
341
361
1263
2356
284505
304
313
342
422
336
384
551
450
256955
333
387
336
450
450
382
358
332
347
330
322
342
325
334
331
364
357
352
367
330
363
450
450
450
450
450
486
342
450
379
350
353
367
335
363
433
370
336
343
414
375
327
450
450
450
376
361
386
374
366
379
343
394
387
376
385
382
506
487
366
460
23412422
359
394
347
420
346
450
354
364
375
433
359
2832
1606976
450
1302667
367
725
373
387
1542
376
371
411
385
385
388
380
356
345
362
1265
318
308
321
329
3378615
350
352
387
335
326
366
334
502
364
355
352
485
48413
450
450
450
21886
450
22737
450
23092
23105
450
450
450
450
450
450
64627
517
475
337
395
971
1330187
1329374
382
450
384
339
1983
327
2603
2833
34937
367
959363
344
342
331
335
442
361
2634
355
256951
296682
295597
295609
296459
295620
384
431
1753
377
439
351
374
378
330
347
345
359
357
358
319
332
306
380
359
371
402
362
373
339
390
385
409
321
472
450
430
330
514
990
395
366
6428
6446
5540
450
53054
390
347
352
4747
450
450
400
381
383
333
398
323
341
351
392
331
336
339
354
384
1028
351
367
347
347
382
343
386
398
349
375
520
393
373
334
355
369
352
355
380
347
355
368
386
380
473
568
329
334
453
373
346
363
1646
3039
532
451
388
359
445
341
437
395
458
968
71
365
417
343
957
503
382
382
307
370
377
793
320
342
429
360
404
335
326
373
310
491
535
344
526
341
346
449
852
389
450
375
365
322
345
450
450
355
314
450
458
529
327
370
4
352
353
354
356
358
378
345
380
369
399
388
319
381
469
352
363
540
346
346
399
349
340
409
409
350
323
372
348
325
79547
183
18339
418
374
350
5869
351
368
376
369
378
370
364
396
353
387
351
338
9803
387
359
413
363
2693
359
389
399
4962
15897
362
486
6819
376
380
355
371
346
374
334
370
365
450
363
382
410
348
380
367
364
318
450
378
382
3127
3758
2408
1168
711
354
646
1954
373
382
360
5291
322
807
342
450
369
342
356
388
323
302
342
1320
450
450
355
372
390
489
450
5250
374
356
374
450
450
335
333
341
490
3414
1614
3713
425
1273
2304
3988
6180
404
1547
2163
422
403
450
394
349
450
450
450
374
344
836
329
1584
3796
375
381
389
375
380
391
450
378
7576
359
2364
362
363
1539
1686
388
458
2830
501
305
368
333
330
328
331
423
353
1065
330
373
11383
899
333
2823
2051
450
450
1013
279
4889
362
987
485
352
365
7186
6996
327
497
7349
320
370
336
316
3124
378
386
347
450
450
320
970
450
451
579
450
450
450
450
367
344
739
450
333
11069
382
450
548
325
344
5811
338
252
495
355
314
337
901
1841
354
450
400
343
355
348
687
386
2275
327
5086
4282
26653
344
9040
6977
1880
6239
4423
400
450
330
321
450
450
450
450
450
450
317
450
450
450
361
349
339
333
360
344
339
6297
396
326
364
376
427
450
342
322
1112
343
391
422
396
4908
7376
10146
2988
367
439
2771
340
338
368
368
401
450
346
353
450
384
378
393
394
367
391
390
357
813
365
2147
450
450
376
375
350
357
587
5732
450
348
450
450
403
450
450
321
337
361
369
371
357
346
348
333
51331
56610
8017
31409
35688
43058
67152
76891
87386
133652
1122
48824
450
450
27986
34304
44406
58211
70036
81200
126626
94492
106410
473
708
384
2515
8332
14854
23536
29140
41214
49885
63232
106826
72763
88251
3464
16467
21710
32665
43505
54358
99090
66841
9970
10043
23006
35509
48273
91084
59186
5238
11204
25470
37607
81115
49411
383
7406
20513
32568
77202
44489
56763
4517
11778
23065
67634
56167
24657
450
33984
46007
347
355
450
353
348
450
30610
327
429
330
343
319
450
394
11522
348
367
339
10465
351
381
361
450
353
362
387
450
450
450
344
450
450
450
360
450
450
450
450
450
374
353
328
383
725
350
342
1320
326
385
334
322
405
349
348
352
363
418
350
450
450
3459
329
356
13703
376
394
379
367
380
865
369
359
359
403
371
379
342
370
41576
41678
42553
42602
362
2216
9431
319
450
415
393
401
349
14919
18298
138
14908
19427
4913
2030
7910
357
10094
16096
15171
366
358
450
378
369
392
379
353
400
368
375
387
381
450
379
359
382
379
381
407
381
387
361
379
367
367
366
357
378
384
386
2932
1062
330
384
365
15232
467
475
370
450
343
342
450
450
450
450
450
450
450
402
449
450
450
450
