358
316
337
16134299
341
385
397
881
337
496
449
326
344
330
313
1240
303
350
376
341
325
342
522
370
312
65342
53311
332
353
782
625
366
369
304
333
364
355
344
366
344
324
310
334
482
350
316
349
242
13267
11148
327
334
347
343
337
349
330
330
328
361
346
411
358
363
349
346
348
340
341
374
366
348
384
359
303
365
372
323
309
327
341
478
350
240
335
348
385
356
400
366
330
324
310
369
321
423
349
346
400
327
295
287
338
299
350
359
437
437
343
301
340
437
368
313
437
437
437
401
473
587
358
366
362
363
487
377
301
664
51
408
328
368
363
402
437
326
1502
2693
312
323
309
324
437
357
317
356
374
326
323
330
299
437
335
359
2063
335
299
347
373
328
322
320
348
350
317
322
336
333
326
437
437
326
2195
315
403
327
390
332
307
300
348
144957
312
5418
313
437
437
353
317
1938
1115
1884
295
19430
18476
350
449
326
363
352
437
332
323
21627
22533
403
352
300
368
315
332522
329769
50610
49992
39093800
349
360
407
416
437
437
1561
449
365
321
377
431
368
372
462
314
405
366
298
344
344
563
345
699
340
325
347
343
52595
448
335
384
316
24584
23638
22057
323
441
358
350
321
394
204070656
379
337
335
319
437
346
437
317
300
348
490
419
324
296
367
295
326
354
393
2877
432
125717
117260
374
304
344
349
327
348
336
370
326
302
365
331
311
349
349
1234
363
325
325
364
416
320
350
326
347
446
360
437
331
340
318
358
352
319
355
325
318
307
344
314
360
311
335
301
353
337423
437
1011193
437
918476
1103386
354
395104
160
1346
437
346
437
437
437
437
338
334
333
359
296
379
326
359
323
379
324
36425
340
344
346
343
331
337
319
25620038
311
437
437
437
329
318
424
329
308
377
358
349
317
1187
281
331
326
651
326
464
437
326
322
437
334
346
323
437
388
338
422
358
456
437
326
329
439
324
356
346
316
338
303
362
314
320
422
357
347
363
302
337
347
471
454
318
347
450
363
451
146
379
371
353
342
304
361
351
319
436
359
313
354
319
315
314
352
318
330
336
376
437
437
307
437
454
499
434
335
304
473
479
253736
211099
219686
332
323
354
341
360
361
505
331
350
437
418
371
425
330
383
502
352
344
330
370
342
328
717
62
330
329
354
373
829
1368
515
437
338
329
326
360
434
3722
479
346
436
437
437
468
3868
477
507
437
951
479
437
307
301
461
437
437
882
326
483
358
334
2412
425
2830
3256
459
324
529
14617
341
6133
313
473
343
371
360
861
431
431
340
366
461
432
505
299
463
324
358
380
483
437
443
450
463
496
417
298
8318
45534
437
535
490
408
451
3368046
353
454
448
350
384
322
350
360
376
337
484
1223
483
157
152
302
6224
911
528
443
415
339
442
651
436
1637
369
631
6736
356
358
482
437
85
324
570
459
332
308
437
714
2909420
2908887
574
1395
437
298
337
367623
368519
437
1135
515
516
678
1266
321
11
55
848
433
2896
375
52190
51326
435
361
323
462
499
494
427
472
77103
488
431
437
2054
1135
466
954
7605
437
475
2543
1437
319
546
326
334
327
4284
23615
24525
487
499
2602
310
437
368
437
2507
396
332
564
327
6128
440
460
445
305
310
423
447
354
314
437
437
437
437
442
338
389
354
334
328
317
331
324
340
319
319
337
335
333
341
331
329
334
361
1094229
318
309
306
333
327
331
324
337
66384
1082964
318
328
298
337
341
322
321
305
307
312
322
290
304
437
319
331
1651979
322
310
336
344
325
353
330
329
311
327
341
332
294
355
322
316
303
360
353
343
299
348
352
332
444431
293
295
290
305
311
307
330
338
314
327
333
339
313
306
320
304
297
306
39332
1439512
305
330
310
318
337
311
289
338
304
307
357
348
312
321
343
325
322
218166
1486941
321
331
305
305
340
338
802835
331
308
321
351
340
336
338
319
353
318
310
314
338
347
334
324
320
315
318
1129273
310
314
311
312
307
320
312
309
323
392
315
338
307
316
309
340
313
307
311
312
321
322
357
351
361
324
294
344
323
316
314
304
331
310
330
319
322
318
350
317
312
325
299
327
299
313
292
304
325
311
330
320
387
299
327
336
1195397
347
299
324
336
361
940757
343
309
340
311
371
321
342
312
341
342
321
338
315
317
328
297
346
304
324
297
316
355
289
303
321
313
330
306
321
309
303
325
318
306
297
339
324
320
323
727583
297
313
323
342
293
368
345
361
327
297
309
339
331
329
343
308
316
340
328
296
320
327
340
324
371
325
314
314
320
329
322
324
324
332
333
293
366
318
353
334
296
341
315
336
737830
323
334
317
313
400
293
328
305
338
308
296
303
327
340
342
327
301
351
315
294
337
415
311
317
347
347
342
97560
323
326
322
315
308
330
355
299
350
339
322
326
306
314
316
315
299
303
333
329
520810
355
311
335
373
352
314
327
333
304
304
342
329
338
335
318
313
318
300
291
309
324
319
301
316
328
297
330
314
308
365
314
309
373
322
327
293
345
316
296
311
339
327
318
304
343
329
299
330
303
325
334
324
347
317
301
331
339
332
312
334
318
308
318
316
330
323
324
310
291
297
312
305
304
308
340
301
304
307
338
316
324
333
304
302
315
320
330
357
320
295
307
314
987186
1113077
353
289
308
336
322
318
294
314
317
322
332
301
326
330
311
325
350
314
303
319
309
319
336
338
322
290
302
297
330
290
326
343
320
305
315
326
303
307
329
317
328
324
317
307
317
352
325
308
316
323
329
309
303
322
414
296
294
349
323
340
301
313
317
312
316
318
322
314
320
301
332
320
332
322
311
318
295
328
298
321
315
306
317
337
305
329
292
296
319
326
332
299
300
337
323
311
299
309
291
310
321
333
308
301
296
319
322
344
330
307
293
330
325
331
318
351
328
300
322
294
312
309
321
326
337
349
292
372
314
369
336
334
314
313
365
317
340
334
310
325
305
306
324
327
293
61350
300
298
319
330
326
351
350
292
580879
298
314
297
298
315
294
300
305
292
318
298
361
321
338
307
326
339
315
347
309
336
309
336
355
324
324
321
333
354
380
315
305
318
332
324
356
366
322
319
303
315
303
331
306
323
382
298
351
293
306
337
294
340
321
339
336
347
307
340
325
347
311
325
327
373
381
314
301
329
290
340
328
309
327
319
312
300
327
301
313
321
309
302
367
331
302
314
311
311
327
300
298
361
331
299
321
310
398
319
313
314
312
321
328
326
302
299
325
22433
329
312
322
312
322
315
329
352
302
320
319
334
325
411
315
300
290
374
323
325
299
328
306
303
313
301
329
329
305
304
320
317
341
300
305
325
351
322
329
300
315
315
313
310
335
348
335
321
318
296
318
355
303
345
314
339
412
388
317
322
303
330
337
297
317
371
318
320
314
334
316
317
314
325
321
311
344
317
320
334
313
319
326
311
302
318
323
332
337
314
320
307
345
329
296
342
332
361
317
316
340
298
299
311
325
310
125687
359
314
325
321
414
323
309
315
321
293
328
335
437
298
348
301
345
330
318
344
317
339
316
360
314
360
305
322
323
321
336
316
308
337
341
322
302
336
317
335
322
354
297
315
312
306
358
363
370
354
314
292
315
294
325
325
317
342
333
303
411
316
344
312
299
408
342
306
305
308
316
330
347
1929
346
522
349
345
325
1800
337
437
313
400
355
320
437
313
437
360
348
1274
367
334
325
360
331
331
297
338
310
317
346
365
358
399
413
374
414
64791
332
308
313
327
333
387
331
380
325
318
292
375
318
329
314
325
342
346
318
306
338
320
356
354
308
322
360
345
341
418
306
321
338
349
351
329
330
397
353
297
342
393
346
804942
329
331
355
344
437
437
437
2582025
2254350
364
298
437
437
347
323
347
22640
365
368
427
336
346
454
333
356
437
469
485
333
340
345
309
314
327
351
334
379
365
437
301
480
343
314
385
347
24443
3976
320
341
22963
22041
661
304
324
327
323
371
332
348
348
358
353
372
352
197
351
401
370
349
338
347
369
374
303
424
310
321
2250
305
329
326
108668
109288
454
502
446
2465
976
64572004
314
549
444
333
467
450
472
343
81673
344
464
377
322
368
312
332
437
437
356
455
297
418
350
336
437
437
417
366
346
350
1216
437
320
437
437
14087721
437
437
33151
35213
32574
1663
953
309
380
328
365
418
430
418
412
320
488
5374
325
437
459
1045
378
313
344
580
334
457
437
354
315
339
790
366
457
480
340
345
533252
534670
312
602
335
437
437
358
368
324
6107
464
437
454
505
565
6449
789
464
634
333
315
455
313
437
437
2142
334
437
413
434
856
536
202
332
2788
462
338
429
1520
2657
303
437
437
344
330
310
435
333
319
443
357
343
320
311
321
333
334
351
379
349
355
390
360
317
463
358
437
423
341
309
372
434
314
309
353
373
448
414
65
91
349
490
440
317
4950
340
144
744
3639
778
334
319
7931
8163
469
483
364
437
315
346
349
363
1507
337
314
321
437
437
437
468
519
416
315
421
414
415
514
291
582
477
467
6160
452
475
511
437
437
437
461
437
326
325
446
437
719
427
6418
437
437
348
345
345
367
332
519
321
345
480
459
321
319
114089
115054
493
447
321
458
449
486
350
345
333
332
312
304
526
309
497
423
339
336
439
378
402
405
387
424
480
470
320
351
356
352
321
390
370
399
495
332
498
406
297
8345
376
330
320
330
353
352
332
354
349
294
325
316
330
423
352
344
291
348
492
1403
306
338
437
376
417
506
362
351
349
1287
376
357
365
332
478
325
428
302
311
2284
788
412
433
140
312
307
975
495
506
477
343
461
329
444
300
437
437
437
437
437
437
296
332
437
1029
437
437
388
398
331
340
318
437
437
382
322
355
635
353
320
371
363
349
333
393
505
439
334
28199
27740
5904
5241
321
49360
42136
862
437
304
6061
511
317
6164
349
482
394
437
437
212487
211365
203164
199967
437
346
343
319
304
364
379
297
6513
339
342
322
353
428
361
342
324
338
346
465
397
533
916
318
302
413
374
532
306
344
338
322
303
525
358
359
335
362
339
422
330
460
371
349
4079
3687
356
1365
1887
4602
367
299
336
366
52
343
459
456
455
315
404
383
325
417
458
322
346
671
343
398
440
344
318
354
351
534
343
490
321
343
363
437
437
351
332
397
330
329
723
325
339
322
363
916
345
618
435
437
437
437
342
301
308
6124
441
438
345
361
516
443
438
310
418
1714
330
332
482
448
436
437
394
340
413
474
349
325
749
82
359
1442
352
323
306
363
426
333
404
339
352
321
457
359
437
437
307
437
437
437
473
314
433
488
463
2350
730
148
402
313
434
323
426
331
433
3006
426
350
496
417
141217
453
368
344
319
349
383
368
436
511
325
353
373
346
437
339
455
297
437
329
437
437
371
359
342
341
328
325
332
356
317
322
485
325
355
328
331
333
315
354
355
357
308
292
336
3926
5612802
344
309
437
485
474
332
463
40776
428
432
478
419
557
457
311
473
350
350
456
437
332
11964
437
437
437
2778
437
299
352
323
343
331
558
437
305
364
342
372
333
354
350
315
372
450
9840
1963
452
490
395
358
439
361
319
448
468
1645
2254
1230
330
300
75941096
332
433
331
473
2007
416
325
355
345
431
550
456
518
469
530
317
437
7770
311
331
314
371
312
437
323
326
308
335
318
389
345
341
355
360
527
456
452
344
310
307
410
333
424
337
298
437
437
430
542
322
324
344
313
387
352
108154440
1125
319
305
5361
358
311
359
475
632
338
318
427
340
354
324
343
330
409
449
360
357
328
346
340
352
336
518
329
335
2416
537
1922
15511
437
449
8392
4613
316
319
460
341
361
469
296
318
443
26715
26087
336
347
338
373
465
438
370
465
383
356
328
24284154
24270064
24259274
24252866
362
389
320
343
327
376
344
315
328
299
380
340
536
17980
362
158
361
347
3021
2880326
5978
293
358
346
336
339
23668006
432
436
421
3100
3434
7164965
7163431
7153628
653837
651680
355
5789
327
388
338
350
322
4838
327
489
334
2518
319
398
325
391
363
342
338
335
349
315
17
338
334
400
394
388
343
325
317
336
368
1154196
347
1151651
340
349
343
338
362
338
335
12639
332
5612
7190
6351
327
299
5590
6630
3173
387
1053
304
364
342
342
339
320
321
1570
863
437
359
370
321
370
343
329
339
383
340
378
330
354
315
372
437
437
353
393
437
437
364
333
344
293411
333
321
321
342
310
320
313
307
356
348
335
320
295
352
318
334
349
368
323
298
274090
336
305
604460
341
307
381
353
325
330
393
299
318
372
307
357
317
326
338
320
340
302
323
300
309
332
354
73565
339
301
318
331
304
307
315
326
314
306
329
336
374
320
341
437
437
345
343
329
300
306
328
316
335
409
175
299
306
1598191
314
330
320
456457
455665
1990
1814
350875
307
324
437
335
1342
373
295
312
451
481
2093
345
486
463
376
373
437
349
317
352
414
418
473
329
337
1583
5349
350
317
329
793
344
330
143
343
350
401
381
297
373
322
437
437
874
3496
7132
3553
476
394
52
437
555
425
469
436
363
367
450
528
1292
395
490
337
542
613
480
342
337
351
323
507
459
446
492
340
299
871
505
1653
1759
8641
342
2545
367
342
340
384
295
298
310
355
476
711
499
446
346
348
18020
437
437
449
318
325
346
691
318
1092925
1092329
489
386
313
342
6
471
335
352
365
299
308
350
371
437
365
344
338
437
437
437
342
437
489
470
469
443
320
308
3435
480
328
412
343
333
350
489
494
418
437
456
656
467
320
423
355
14271
429
484
459
7151
465
437
469
341
504
3439
308
543
1781
364
482
351
490
439
414
437
2559
337
474
467
490
437
448
437
437
1796
331
320
437
437
437
437
313
2084
352
1166
455
414
6076
299
289
358
343
378
2467
313
304
498
316
422
333
417
360
437
437
523
490
322
449
321
427
6412
319
335
518
419
327
3845
9109
10786
11006
6745
5538
8367
3886
6660
3184
482
352
483
435
469
469
363
688
484
475
492
1345
2415
332
9645
440
437
487
352
351
1298
491
473
319
427
440
350
418
698
471
9287
437
437
437
510
477
462
459
434
437
315
358
378
472
477
352
472
409
489
385
336
6131
364
437
324
420
324
368
320
329
348
357
352
351
437
509
327
369
326
437
303
324
435
438
2323
321
153
47
442
310
489
484
437
437
551
464
324
318
437
386
502
437
437
437
440
310
8120
449
494
2562
3037
452
316
991
332
438
314
304
305
302
328
437
370
317
585
3735
3060
531
423
414
465
466
305
330
480
436
349
2509
455
316
70594
71281
5348
435
91
1031
802
343
333
534
1135
407
423
437
437
437
437
320
430
437
418
437
334
418
315
340
341
451
347
452
379
441
401
318
344
327
345
345
355
322
364
319
327
338
332
298
393
315
332
113484
469
321
437
483
437
481
394
452
329
311
351
324
348
372
2082
348
497
410
341
414
344
335
383
358
330
436
374
378
437
376
340
341
339
351
664
332
397
437
355
465
383
319
374
359
350
371
371
394
307
335
370
389
1339
352
313
381
613
372
398
334
320
335
752
311
345
326
359
319
400
377
338
372
526
330
434
303
317
308
308
380
351
362
539
324
498
527
559
494
398
503
126
323
300
485
398
547
3128
393
364
542
359
321
390
437
1265
331
328
316
342
353
388
312
324
416
345
356
348
318
378
347
414
332
345
301
363
326
657
1019
313
389
514
346
347
437
324
441
308
4039090
4038092
346
341
457
447
437
493
2642
361
418
357
332
369
333
3875
496
3220
8218
4468
482
330
1476
461
296
330
849
469
554
350
354
343
52732
52933
53730
358
343
342
425
864
359
342
957529
956773
956622
437
372
328
323
346
330
350
360
470
437
1823
348
344
280
491
342
338
332
437
437
465
461
409987
5446
502
443
374
486
457
624
492
6060
419
437
346
456
8715
1999
413
353
360
333
363
5868
1345
347
437
350
338
358
464
458
361
434
316
415
345
298
609
339
329
473
592
387
330
437
437
2499
479
315
308
352
323
365
366
349
796
354
468
482
357
373254
372731
361
338
323
327
437
437
2808
381
359
375
307
336
336
358
327
349
329
3915
317
342
346
1007
476
314
308
370
323
302
314
459
294
355
323
469
348
371
359
333
303
301
293
803
358
328
315
329
342
363
448
386
334
341
437
452
309
295
510
307
338
465
11715
367
359
349
430
437
334
517
378
437
588
1312
327
337
376
449
359
446
437
320
357
428
498
333
352
418
529
368
392
263
336
3137
5531
8204
471
458
324
448
459
414
323
331
320
523
1043
414
453
330
54666536
437
437
437
437
105
356
353
248
348
437
437
437
437
437
1889
437
693
437
437
437
437
437
316
437
437
437
437
437
437
437
336
364
339
359
363
328
421
320
294
359
659
338
282
331
437
437
437
437
431
1438
2037
43
469
1337
338
470
437
550
487
2256
440
437
312
437
485
352
362
329
337
334
537
302
41
331
342
221
1339
340
332
349
380
335
317
98591
328
332
341
407
329
334
353
331
339
1373
341
341
454
111710
70660
333
332
342
462
335
310
316
306
341
330
336
52560
343
328
1350
375
336
342
364
368
310
115532
210623
219235
141850
230295
25546
350943
312
366
8351
62768
342
437
437
437
437
437
329
318
349
305
3276
329
335
322
349
300
331
396
317
340
344
328
2203
5009
2039
495
41809
437
56704
38511
39309
437
3336
490
426
415
437
458
908
450
2248
458
437
437
437
437
436
459
429
346
462
1221
455
418
2397
448
334
295
370
370
437
450
437
497
505
481
465
499
450
491
438
472
363
305
368
434
366
532
330
343
318
413
414
355
312
421
345
347
521
469
1977492
308
345
393
337
349
345
546
436
22719
4228962
4146
327
468
567
312
337
342
344
329
372
437
105
314
348
441
379
330
423
339
43454
437
333
5544
5702
418
19359
18722
449
499
309
324
395
356
399
452
1302
478
437
414
297
416
300
322
354
336
351
321
391
355
365
338
332
337
973
345
461
345
328
378
358
344
730
296
583
1120
483
4213
5059
9678
3882
467
19974
19294
444
447
460
351
6373
1664
442
475
439
289
1444
437
437
437
535
437
426
328
489
433
332
1180
167
331
339
327
428
338
464
492
437
437
470
439
344
158
42472
432
437
437
461
513
381
475
366
500
473
340
98
474
292
437
437
311
586
320
437
437
428
373
363
376
333
479
491
490
755
354
373
332
372
417
307
334
359
423
478
338
352
352
437
341
529
322
655
318
395
465
448
340
316
377
335
489
577
368
79501
80588
339
337
4276
4445
504
468
445
330
483
481
1025
466
500
349
437
515
437
458
5411
470
476
457
7952
2148
427
584
10268
10095
425
342
344
442
789
512
1641
491
442
715
480
371
322
345
1122
372
319
304
402
312
311
363
336
316
394
305
314
106093
105238
335
266002
317
338
350
326
411
13781
388
385
318
336
354
327
331
841
1267
165
245
1842
731
322
59318
353
320
357
132
58438
347
329
360
330
304
785
331
324
328
448
1038
360
303
300
306
384
331
373
125
387
701
324
333
379
353
365
309
304
365
321
321
336
387
6153
347
325
398
324
340
356
362
333
337
368
323
329
297
312
323
321
404
1412
293
312
344
369
332
345
337
368
305
440
312
393
318
357
371
310
351
297
318
329
420
426
320
769
409
397
320
354
338
322
332
358
341
369
338
556
358
335
309
309
390
338
349
336
437
350
432
437
437
418
342
330
5636747
5636065
397
437
31843818
442
360
475
347
303
352
401
381
374
393
1331
3507
354
327
333
311
435
346
391
339
321
326
466
330
361
331
1136
362
357
369
374
532
335
534109
354
437
376
442
454
360
461
23359
423
9752
148934
437
330
441
206
298
343
469
391
330
551
318
353
476
333
456
93695
94422
437
437
427
906
6125
317
481
459
442
6140
437
350
475
444
423
343
357
582
353
363
335
318
450
439
470
490
487
437
437
479
513
489
4452
5113
2750
3354
487
443
308
49124
4176
424
408
394
340
456
565
312
89
480
447
372
473
420
338
334
324
332
326
1261
415
294
338
343
319
296
332
318
302
529
348
335
335
324
338
472
432
469
481
437
524
459
445
374
2207
2297
345
436
316
490
305
312
297
103
210
364
338
2027
347
1402
6292
410
3
328
9163
4537
7051
552770
362
44
1191
239
335
937
547653
263
8194
342
863
782
247
383
342
299
29315
353
362
346
341
388
536354
527584
437
323
337
341
350
367
343
361
336
327
345
319
341
343
334
337
343
397
319
340
334
358
338
414
345
502686
437
323355
300
313
315
297
319
344
358
368
346
340
321
326
317
337
230
12741
350
343
344
303
221
364
344
347
201
347
351
334
331
330
324
1296198
348
356
334
1770517
327
232226
382
321
488
314
359
437
437
437
437
502
422
433
312
437
437
327
327
494
478
1040
322
462
346
358
6091
418
350
490
3068
492
489
3092
608
416
437
20268
466
358
453
436
20040
437
986
436
327
421
461
324
437
437
437
447
449
414
337
319
428
515
444
494
94612
95548
458
474
162872
47288
65892
64545
428
437
437
311
437
335
360
411
436
172
473
488
351
624
437
437
433
419
330
323
475
348
437
437
502
329
304
6116
435
2152
433
6060
437
445
512
478
475
478
358
336
461
480
492
430
441
470
452
382
3553
347
336
522
420
453
504
11067
456
437
469
346
4642
6121
1903
4262
1637
426
311
1211
351
437
437
1223
437
437
437
434
6096
322
309
486
359
458
437
484
437
437
442
421
461
445
2270
481
488
448
427
2620
418
513
1923
2587
3921
2825
419
558
437
418
322
341
429
431
455
556925
430
100328
463
318
332
352
507
487
330
8718
6049
463
520
3180
311
446
416
412
487
497
470
339
491
437
437
541
318
412
441
479
324
359
325
1643
449
420
318
358
347
437
347
352
343
3006
443
316
439
421
413
2330
489
429
655
485
2621
447
448
418
4459
343
320
395
440
367
344
332
300
434
413
306
372
327
470
121025
120009
120177
102434
102314
1648
387
302
353
942
328
365
437
384
575
529
428
475
457
398
437
381
347
321
461
319
863
319
344
427
437
437
449
457
295
437
413
470
387
328
80403
81368
467
2421
203
437
437
647
871
8045
7542
7038
371
319
2476
310
437
435
445
413
6042
437
437
480
1613
390
366
324
496
437
340
320
437
5040
8543
292
461
437
437
1840
336
437
435
471
318
6010
464
446
352
310
226
874
1085
301
437
437
346
417
328
437
469
6834434
424
470
334
437
437
319
453
1537
627
312
437
437
444
329
437
437
325
319
618
346
474
306
347
317
467
464
459
351
332
1334501
1334033
332
437
468
442
329
2456
366
341
334
337
292
1180303
1181184
339
3716
3993
378
2606643
2606233
399
340
381
513
433
363
327
308
344
333
514
515
457
561
308
2109942
2110447
315
328
340
330
500
495
180
354
285
2186
831
2036
306
355
537
423
315
437
437
477
632
305
6307
755
299
787
356
8880
312
329
407
322
498
472
331
462
333
315
378
392
437
346
340
359
353
346
340
328
437
437
437
376
325
351
336
336
347
337
333
350
335
394
323
330
336
299
1306606
1306896
342
311
321
400
360
353
923
657
311
304
333
318
375
340
295
354
353
91964
325
323
91248
91357
84840
90497
309
84334
366
91383
91636
348
92455
390
361
312
353
326
334
330
317
374
343
505
317
439
2473
349
439
335
322
325
360
329
341
339
335
400
294
425
318
357
349
331
356
349
369
347
1709
443
323
345
334
402
677
413
3239
606
495
318
362
376
329
348
322
337
299
307
342
404
429
454
1209
366
537
349
327
314
345
385
363
397
437
437
432
309
316
348
933
343
481
319
461
418
325
420
450
437
317
455
1169
448
482
346
341
335
443
546
336
524
437
437
9559
437
341
6318
329
433
465
342
303
348
307
412
491
372
350
112845
113692
313
1153
427
361
13591851
13580374
13538749
13536136
2320
437
7916516
437
328
437
437
322
2943
497
471
475
388
215
5217
333
437
1327
413
459
2088
1474
40
437
343
410
539
349
345
422
366
438
60687
1455
437
350
458
443
437
437
378
362
453
532
362
504
311
315
312
319
357
327
437
437
46051
454
411
695
505
437
1884
2701
328
339
523
619
9774
582
322
328
353
1788
458
325
5231
317
333
329
346
352
352
1120
2229
307
353
369
437
437
198420
404
242438
37163
437
437
423
418
398
117906
336
342
124235
49827
89687
74234
305
437
349
320
106729
333
437
338
324
310
98
54129
327
24613
320
324
339
323
350
43042
345
349
345
327
345
437
437
330
374
330
307
254
209
352
350
352
324
362
344
343
395
340
164453
437
4081
2908
733
10767
264288
9338
213761
307981
221690
61893
302
136668
141005
70522
41836
163294
356
87173
20421
67866
336
361
362
337
327
396
323
383
366
341
346
5108
297
339
437
480
419
338
489
327
458
437
423
491
342
358
1191
322
307
352
311
420
10330
6156
6439
631
493
361
437
437
1931
394
442
450
424
322
337352
524
456
339
362
334
437
322
300
482
322
336
375
512
325
380
378
322
350
332
334
461
434
361
328
438
367
326
384
356
330
437
312
437
316
460
458
463
487
460
383
331
332
437
457
372
296
309
356
371
441
454
315
417
428
470
2737
458
437
418
7072
77712216
437
317
2562
446
311
3189
466
472
674
436
585
2335
459
348
490
438
388
349
325
345
315
483
471
437
468
293
175
449
386
2405
974015
974600
2513
374
467
437
437
4777034
314117
454
479
451
478
463
303
437
437
493
443
448
480
483
6045
437
316
220510
416
1713
491
508
311
518
424
6055
437
350
457
484
418
502
446
331
437
437
326
420
3004
458
422
1395
501
491
437
437
496
348
316
352
471
507
306
438
507
420
442
381
376
437
437
457
453
588
2549
442
909
418
437
415
819
467
323
482
359
492
495
274
1178
2032
461
349
312
296
315
311
318
525
420
536
945
3459
453
437
437
318
339
334
347
358
391
425
6091
369
332
347
302
321
437
304
366
329
317
348
5536
364
336
1696
305
1341
306
345
311
337
300
341
346
346
307
347
445
397
363
383
1143
322
338
494
680
324
4251
412
345
566903
437
349
360
447
349
320
460
476
2225
437
427
964
322
363
318
388
462
489
466
1182
1481
41
351
295
387
307
390
348
470
309
342
343
334
456
361
321
6081
346
335
7676
360
417
1109
361
319
328
437
450
3394
433
437
437
311
326
367
425
455
1532
437
447
1107
326
328
329
463
530
511
472
483
338
419
289
340
443
448
773
453
7922032
325
314
337
352
327
476
430
307
459
313
344
340
312
353
485
340
379
418
352
303
436
516
381
2007947
2008415
1577550
1321566
336
343
361
381
333
313
461
541
336
2669
321
357
312
327
325
431
337
318
424
340
362
349
350
348
331
352
383
309
612
347
480
310
999
4876
344
522
352
839
292
122225
359
437
324
317
324
317
339
308
332
313
310
309
355
331
371
328
335
812
331
317
337
328
334
304
311
335
489
321
1464
468
314
322
343
333
326
408
465
437
366
362
22523
23641
351
360
328
382
440
532
1959
437
437
475
430
329
336
356
354
437
355
417
452
330
321
266448
539
378
1102
457
875
320
318
333
339
313
397
490
328
427
160
504
437
366
333
30613
1341
437
484
377
362
318
372
442
350
318
458
327
801
8206
26116
505
1083
6077
312
515
458
296
327
333
971
437
330
494
557
2697
684
339
437
6111
437
312
446
437
307
22529
322
426
311
336
338
327
434
364
485
458
327
322
565
325
339
480
362
2642
499
155545
156473
488
437
59453
5604
5775
54014
1808
431
489
307
317
342
332
437
437
351
320
351
328
369
314
357
1547
307
85129
84332
94170
95022
340
2862
3003
314
342
368
316
352
499
837
284
98745
115375
55908
56672
115294
8647
55944
42935
43635
103954
43714
106662
49878
437
50355
58613
20772
437
86048
437
46530
45595
437
46094
45300
7826
38171
37424
2265
37345
37746
37090
35420
38810
38701
38008
62617
61762
62704
61818
626
62696
61275
35700
35019
35955
415
34418
62193
34487
35240
61253
62220
61272
62255
61175
35233
36081
60079
42171
59630
58592
58689
59528
58690
59451
58693
1574
575
442
1414
25496
26316
25958
25991
26019
25949
26936
26829
26034
25534
25274
26023
26034
16461
2685
421
437
103108
102648
102957
102852
103609
102713
433
4100
103243
98325
1079
941
96470
96295
96878
95989
96067
96806
437
437
4989
328
567
517
472
473
362
307
301
2694
4854
298
334
298
347
1170
362
333
334
328
11283
323
335
328
368
307
317
374
438
349
324
487
559
321
336
321
479
462
3413
3409
547
331
311
466
702
326
453
317
352
353
417
364
321
314
347
441
312
355
345
421
302
363
340
366
347
437
368
402
272
317
474
427
347
322
457
406
437
437
465
451
437
437
437
93592
92915
462
480
435
747
6111
355
39699
1437
38008
386
353
3235
10008
6038
491
333
454
483
334
296
2901746
2901513
2892163
2892862
2892847
322
2901191
2861271
2860600
312
2874593
331
339
335
816553
220175
335
321
6992
6051
343
2880
333
354
364
4113
4923
378
544
339
348
339
327
354
352
333
376
341
453
1376
337
419
360
340
1363
486
595
447
4729
2031
465
132
437
437
437
830
2400
381
41
365
954
430
450
336
1642
360
427
456
309
457
471
416
325
501
352
315
336
334
452
451
362
330
10393
1173
491
554
449
335
500
5162
21809
456
441
69297
1609
9612
474
2096
1066
437
437
4715
414
440
437
437
355
482
422
329
25185
6105
477
457
334
1984
6185
320
444
550
499
358
319
367
310
103
326
349
328
351
437
536
417
456
356
482
511
462
329
410
373
102
416
1057
489
454
437
331
930
293
433
443
518
364
480
455
428
355
313
851
471
437
453
25465
413
370
456
477
312
328
507
468
345
444
301
323
1055
402
448
376
361
386
300
361
438
353
468
223
543
450
351
325
331
482
445
463
510
437
316
327
293
317
352
382
483
470
309
480
417
1588
505
490
331
338
455
302
437
437
422
463
6068
479
437
12466
461
321
133
341
437
463
291
316
6121
420
996
782
316
352
472
470
438
316
306
327
530
379
378
489
367
374
372
437
447
475
1482
434
1266
435
418
488
1110
1060
438
418
348
552
506
454
333
336
70904
391
577
367
394
382
328
597
2546
1072
312
3833
312
464
442
497
461
348
361
416
441
330
425
338
360
3441
342
149
356
396
323
835
1904799
343
1197
338
314
458
467
446
389
385
342
22502
152037
359
341
441
376
342
303
304
330
1762
3064
856
425
312
399
3783
440
7485
326
353
369
349
444
437
437
312
364
449
373
381
164748
60697
157768
158711
338
316
345
586
388
437
348
338
343
367
335
387
342
339
464
329
403
349
248
441
437
437
351
413
1699
325
333
390
358
356
388
362
323
332
346
452
368
461
370
379
336
855
328
387
326
388
366
308
359
337
314
460
382
340
298
437
334
400
349
423
359
344
387
461
345
488
324
2338
1731
716
396
411
381
357
325
485
351
324
358
342
404
348
320
313
297
336
1089
323
339
318
336
351
344
328
417
290
713
321
357
334
328
312
380
393
1953
363
324
322
373
437
689
374
349
1100
355
319
314
343
354
336
315
348
343
300
321
367
346
368
369
570
307
399
346
383
349
344
316
387
549
305
314
365
444
526
313
351
292
389
500
322
437
437
392
389
317
337
447
349
662
345
1723
2607
504
320
408
393
697
355
501
342
330
346
358
365
347
339
437
437
356
334
337
329
303
327
375
395
342
940
318
343
341
317
428
354
348
486
331
1059
543
316
443
312
332
754323
1683160
1684062
669730
310
359
361
311
351
305
414
346
339
917271
356
350
370
328
385
348
311
335
323
471
358
338
340
342
450
353
437
509
468
437
437
437
1364
513
416
1857
449
306
5610
433
454
434
310
483
352
429
470
310
292
2008
361
359
21687
22145
1931
470
469
441
463
2403
350
463
308
3457
437
369
322
437
578
484
471
431
112559
112763
3043734
3044364
496
3463
1479
2728
4871
1501
319
483
2975
324
373
2089765
2088903
487
22739968
22739688
435
483
2834784
2834253
20410058
20410046
20409262
9777100
837
437
482
310
358
344
480
2015
16025
15193
15231
19583
541
310
11587643
361
318
338
309
368
432
463
450
348
7187
348
325
551
299
377
441
391
361
387
468
354
363
339
366
435
17189834
55417712
334
437
535
356
335
296
326
294
152
437
298
4413
501
521
417
424
445
473
225367
475
106
454
367
2339
420
344
356
336
444
520
351
377
353
353
328
332
6670830
344
297
340
6035
457
7983
312
317
7111919
7006646
340
6900020
6558168
339
388
368
388
331
453
341
437
437
303
387
3134
455
345
330
362
327
331
1716
363
313
364
296
346
344
306
333
328
329
332
336
325
381
375
352
352
315
380
337
348
347
324
346
437
347
411
375
343
11166
3791273
2388079
3513922
3777744
363
321
313
330
356
298
1566405
315
300
317
336
358
311
310
488142
320
301
297
330
140558
130840
344
368
58
437
1273661
437
437
386
1383059
1382594
334
333
308
318
342
329
335
331
342
326
333
94010
322
374
400
371
334
351
437
341
437
332
438
2618
315
360
305
346
325
514
345
16419
358
315
339
384
323
356
241
348
3693
16013
11749
437
38267312
437
302295
4125846
4126733
324
429
367
328
324
359
483
2280
680
689547
688788
688617
388
453
539
339
238
393
341
331
342
329
318
349
397
316
320
2536
9694653
9691397
324
372
328
386
6152554
437
375
7238254
334
339
337
389
344
5866177
5831407
5832127
437
437
5783265
5755331
5731088
5438328
5294363
35073936
35074396
314
338
418
552
328
437
437
455
437
437
437
437
30282298
30282912
330
370
318
340
321
331
468
350
442
17445
12302
474
366
320
305
406
357
1087
368
341
437
299
440
346
393
327
327
309
437
306
368
362
355
329
369
1263
349
357
295
330
2827
329
323
319
318
318
437
362
369
332
323
336
346
301
425
469
159442
499121
350
325
324
25680286
25535294
365
358
352
458
318
484
442
415
437
469
465
511
432
1072
351
422
468
605
462
318
532
1557
437
484
491
2255
365
458
25862
26438
353
433
397
322
305
6115
708
314
460
439
523
6128
338
336
325
243647
460
345
403
363
363
363
320
347
314
335
347
308
326
342
372
316
337
348
317
326
367
353
329
296
332
360
330
2814
437
437
437
437
2217
2547
437
437
2215
1404
437
2196
2508
437
310
437
256
437
437
437
437
437
437
437
437
458
437
810
437
437
437
8641
394
336
2572
354
317
320
343
340
338
316
498
2843
3413
238
359
318
342
52304
53214
316
484
434
740
468
318
469
331
379
440
340
473
339
327
355
334
347
437
348
480
487
682
443
536
437
313
327
348
312
437
437
6065
510
462
514
418
474
513
420
470
501
415
356
315
3023
468
373
337
322
465
530
352
350
334
298
331
659
328
342
302
365
435
417
365
373
296
419
489
452
2065
477
437
328
437
425
453
449
926
354
803
335
514
320
374
419
466
339
452
333
343
326
397
319
388
6739
8570
1060
369
347
348
481
25424
26364
437
437
437
437
437
437
437
437
30832
32254
31473
437
15044
5305
9697
437
437
437
437
437
437
437
437
18638
35999
18863
18039
18890
37116
18945
36098
56883
36907
37704
437
18563
18718
18491
437
19976
19064
19280
19123
10770
10026
20680
9606
437
479
343
437
310
600
342
533
3476
437
469
348
6698
326
354
426
291
332
415
336
318
377
4089862
4050851
4029933
357
304
333
422
3878694
3463375
3462922
386
463
348
392
339
390
1414
315
1674
346
317
356
437
317
437
437
437
437
437
437
344
341
355
2618
490
357
361
427
436
437
327
426
395
5598
184955
178862
306
412
696
365
397
319
1291
333
315
574
314
308
326
450
482
332
3662
466
449
461
390
344
349
319
1377
313
340
398
326
299
743
392
396
437
423
456
323
348
294
523
362
417
555
394
449
310
332
328
393
384
338
352
312
318
383
319
583
337
382
351
260
384
348
547
330
363
325
334
355
629
617
458
344
426
300
327
371
350
326
321
349
355
302
346
317
354
978
760
417
417
341
308
534
335
333
312
322
345
375
352
294
341
337
350
391
398
314
2778
379
469
365
473
323
393
322
308
375
324
389
347
325
326
430
302
437
560
394
352
298
317
306
304
323
314
535
381
363
326
29623
30269
343
331
330
323
358
343
338
433
338
384
351
343
5104
313
330
366
342
355
310
318
336
3774
355
379
350
310
345
362
366
485
312
442
2713
331
325
491
337
1334
360
340
329
317
350
332
378
358
309
349
322
295
737
394
376
1200
359
323
396
299
326
336
448
377
542
296
393
322
355
338
327
344
624
1739
737
337
342
387
681
475
329
3833
440
362
465
310
2104
463
318
327
331
481
334
462
399
320
524
449
418
345
349
923
4454
352
437
355
337
472
313
364
348
1675
367
463
439
428
341
4773
242064
310
474
452
362
437
437
437
437
434
420
468
437
413
509
466
1150
1338
467
984
341
443
460
547
332
316
313
308
241
494
437
391
437
437
317
99355
100030
344
18531
3989
239
345
421
365
485
502
330
437
358
860
437
485
355
364
2054
2702
5535
3420
2703
12730
522
480
336
538
11255
361
340
371
429
437
412
1007
401
437
328
333
353
2617
437
437
437
327
334
327
429
155152
456
441
291
394
5181
338
465
331
350
362
453
3973
333
318
2419
368
370
366
321
341
356
365
353
333
350
340
358
282
345
355
365
350
375
359
405
332
327
339
328
375
323
311
366924
337
362
341
356
357
874
332
335
349
332
361
339
363
360
386
361
337
359
344
340
344
326
335
358
371
346
365
345
364
346
360
389
369
397
366
319
324
447
2079
19117
493
368
319
329
386
347
358
323
437
437
336
418
452
367
441
461
516
392
437
437
437
478
347
360
360
453
475
544
354
477
379
324
486
496
320
314
347
319
316
437
10969
5718
10320
1377
8718
3498
4388
298
436
505
434
344
357
313
323
521
437
437
437
325
317
490
437
319
439
472
446
343
305
320
312
435
358
3099398
455
449
527
435
335
1073
441
484
89
437
6084
324
4136
1102
3580
106749
107592
324
297
368
1613
484
487
577
450
327
326
8435
481
366
340
292
312
437
443
330
545
439
456
1138
470
417
342
475
368
465
325
423
492
4859
437
342
349
304
330
326
491
429
485
459
1240
476
360
343
464
437
338
333
352
295
354
437
421
325
335
437
82
437
335
478
321
313
514
448
312
443
485
346
463
421
512
345
403
433
428
7647
524
529
479
437
442
520
3139
518
432
548
495
2289
472
493
81245
437
437
437
335
443
501
471
331
458
437
326
505
446
479
512
337
469
334
350
355
395
554
449
321
336
463
432
425
312
6054
2400
465
369
326
348
6161
437
413
371
455
553
387
463
27
347
524
369
345
382
330
437
437
320
424
329
384
595
804286
803305
336
313
315
323
319
316
327
307
398
370
475
367
487
947
425
321
336
332
215
347
349
404
318
339
437
353
362
357
425
320
331
2334
334
312
335
324
376
516
437
448
311
339
329
339
342
351
329
348
354
361
437
366
298
334
307
354
348
544
337
1078
168
338
292
325
375
349
384
360
354
331
359
343
323
363
437
331
359
331
918
342
363
350
369
344
352
362
331
37091
37967
1947702
1947880
377
361
350
353
338
319
393
402
848
350
345
490
316
343
2219
345
343
464
406
313
296
304
351
326
392
330
376
372
294
1012
1440
525
371
302
356
309
315
383
324
486
319
340
314
520
310
319
339
349
353
357
437
332
296
359
833
794
572
470
359
448
437
435
646
422
345
365
424
473
326
522
480
441
1533776
437
437
320
1081911
1082822
327
475
489
485
1279
1699
365
326
321
459
313
341
1037
454
465
471
437
423
471
444
1202
557
477
468
437
504
472
462
488
339
2880
436
475
313
506
416
325
471
427
560
310
356
415
441
487
194611
460
351
316
316
345
326
437
459
335
530
493
498
516
329
437
437
374
509
440
341
5496
485
437
436
478
1348
481
420
304
919
1296
303
351
323
308
327
329
355
340
353
374
382
334
350
320
597
397
326
322
351
325
330
351
1277
467
377
318
306
418
342
440
341
176
2756115
307
437
356
2631700
316
437
328
324
437
19654422
340
19640812
19640564
19640176
333
351
362
303
341
360
341
437
313
384
333
2140
19605412
19611230
358
437
19608934
1168
335
2186
388
377
22988608
22985072
303
27362118
27361526
27281486
322
370
437
437
437
22592148
22593272
22590966
22587556
22588184
22586926
21564820
22530894
22530632
951
455
331
336
437
437
318
323
440
305
419
311
437
437
1704868
354
346
318
317
352
375
437
349
437
355
1017277
353
437
346
371
437
437
437
437
437
326
318
331
400
911
372
297
362
328
394
297
310
337
345
449583
346
68847336
393
348
354
399
329
411
476
5223
416
489
1213
324
334
355
16
349
465
430
327
452
320
411
337
326
351
442
457
437
499
338
437
315
7524
307
354
501
447
426
2472
333
365
481
18705150
437
355
340
437
437
455
517
442
341
443
455
414
503
477
334
337
353
509
331
377
533
445
460
322
354
1953374
1952545
460
469
1038
335
315
514
394
339
34728220
329
437
501
345
344
3000835
454
343
180528
420
324
437
437
2003
448
327
332
339
369
350
351
347
337
317
339
304
336
361
329
321
316
368
342
314
346
309
322
344
359
399
310
1138
466
437
437
324
313
2563023
2570382
467
451
323
329
467
502
319
332
329
339
374
437
437
346
2541
1722
445
334
840
408
487
2632
426
437
1011
437
340
484
447
408
702
293
774
254
5168
4026
384
1499
369
453
451
107
484
745
424
2030
344
451
3122
325
166
616
450
431
455
350
437
352
457
379
337
486
512
338
324
315
6786
348
346
480
454
432
476
8507
518
437
454
317
466
323
434
437
492
319
320
358
376
350
368
332
328
337
332
372
332
326
314
350
321
358
347
504
437
437
354
351
352
396
353
356
320
334
346
344
318
301
334
345
732
437
366
326
446
345
312
1955
363
352
367
368
318
323
336
344
377
324
1322
349
303
305
303
326
539
373
344
437
437
538
437
437
437
437
437
503
437
302
341
352
314
321
342
370
359
370
306
355
356
1134
345
357
350
355
359
343
309
347
361
299
342
335
322
408
448
333
344
354
502
473
355
437
437
369
476
350
368
366
358
353
405
330
333
336
349
339
336
307
362
341
371
328
398
298
383
338
362
305
437
553
319
1166
355
339
333
366
306
364
371
317
343
390
377
402
467
355
391
399
327
375
329
361
371
376
403
333
162
337
397
306
327
328
360
2482
315
404
305
358
369
413
333
353
342
370
320
337
846
1001
1411
356
327
357
355
341
350
401
357
437
15654
555
442
308
329
372
357
308
413
304
387
349
325
313
342
341
342
344
392
327
355
2309
306
357
345
364
356
334
724
335
323
326
299
318
364
360
372
325
316
366
357
360
319
409
346
315
372
303
296
313
327
344
317
349
296
313
330
320
317
353
341
455
322
1061
347
1332
329
313
309
437
335
463
412
372
324
346
332
304
316
317
341
463
481
322
366
364
307
344
355
320
941
391
319
373
334
517
325
340
349
310
325
337
1116
324
345
370
1249
346
328
314
378
503
305
344
350
461
294
371
389
524
350
314
325
320
312
400
301
347
354
346
297
389
318
349
352
301
376
385
313
483
361
323
325
306
343
310
2146
318
348
343
341
332
320
353
375
315
364
493
336
328
318
318
317
334
475
355
490
353
416
309
4354
338
425
371
346
834
324
330
357
1283
447
315
350
331
416
328
327
312
364
301
329
339
326
325
332
319
364
5424
5221
437
329
311
361
338
349
816
419
497
113567
114439
437
336
416
364
669
339
319
313
325
367
394
437
1138
490
424
322
437
437
2174
483
1140
429
918
437
1798851
310
341
368
317
353
311
316
314
437
471
422
400
343
551
497
354
326
453
358
290
418
361
351
507
337
338
305
326
335
289
372
334
328
5471
332
506
502
300
440
366
468
418
437
47
411
1393
361
359
808
478
444
353
506
392
353
340
394
347
376
203
326
359
338
348
386
304
418
453
336
331
437
353
341
456
341
488
682
437
437
352
313
382
340
330
337
324
337
360
346
301
425
4226
437
375
293
422
351
321
317
368
341
437
437
345
334
467
437
437
362
354
338
360
333
108671
421
347
329
298
326
324
335
344
359
216
341
323
340
324
350
346
322
480
320
288
685861
685023
418
185
2794004
2793774
2287
2789613
482
301
298
324
330
340
332
315
352
314
352
337
354
12911
323
7454
323
443
303
484
316774
352
351
361
382
337
340
347
357
344
370
311
343
398
397
362
353
388
368
377
315
335
368
363
338
337
336
354
1012
307
334
319
329
340
376
328
317
332
321
326
335
343
328
326
328
326
414
379
3215675
3216310
305
423
6516
26851
368
377
341
409
465
339
272
327
7186
10458
2723
336
367
347
336
328
364
363
139
475
329
321
372
314
454
375
353
307
329
340
340
328
472
348
2519
330
334
336
316
631
1232
4102
2676
457
325
645
6089
420
423
5777
420
30551
13661
482
451
525
437
447
4744
410
489
302
375
79
505
779
372
437
382
437
437
754
437
437
345
640
354
364
335
322
457
334
465
298
437
357
482
4133
313
337
494
364
333
442
310
396
482
428
373
326
347
451
327
437
232535
231905
465
834
1119
314
337
321
337
322
311
310
2637
318
108102
313
322
524
462
415
336
332
891
342
506
328
351
295
4650
437
304
461
309
366
353
379
160697
161239
436
330
484
28
474
368
331
331
358
368
347
563
427
48720
361
345
476
471
440
327
382
349
368
329
430
489
327
62295
323
364
592
412
455150
6087
2148
2872
327
513
3030
3260
392
342
483
56837
2489
486
329
437
459
409
322
3554
346
308
1553
319
453
484
694
522
345
487
570
333
333
322
1776
334
326
314
256923
257567
329
254
340
368
334
321
437
1367
13173
315798
3287
180641
182563
346
380
328
326
341
322
342
344
401
341
337
345
339
307
397
374
342
345
391
387
353
347
339
353
353
343
345
371
370
354
369
342
405
350
348
367
329
344
383
357
368
309
388
437
392
370
319
341
374
369
378
361
368
362
356
45866552
376
323
397
407
343
386
393
348
387
354
333
329
364
335
387
343
407
334
332
376
366
358
389
384
437
340
356
280
387
367
373
349
325
377
339
355
345
347
333
24523
437
437
437
14615
603
498
344
5815
437
437
437
437
437
17459
9961
437
437
437
437
437
320
45516952
345
437
437
339
437
437
437
437
437
437
437
437
437
437
437
437
437
437
437
369
332
366
353
337
335
343
363
345
367
357
333
383
377
347
1615
622
6551
2506
346
341
437
437
362
336
332
342
344
369
297
518
337
378
301
392
327
388
314
330
389
334
336
682
346
346
335
341
315
483
361
484
446
339
327
365
296
541
356
342
291
327
354
536
306
482
452
347
313
330
437
488
385
342
347
351
337
328
299
366
317
1628
397
479
443
49066
49415
27900
437
367
350
370
534
333
953
501
522
6070
428
607
1283
308
333
391
586
437
488
305
503
437
333
439
490
454
324
440
425
321
339
372
300
479
334
457
351
2549
186
87
327
380
326
365
357
477
337
437
461
356
449
442
470
326
463
335
313
338
486
1513
317
491
5750
366
310
517
415
431
332
508
327
321
482
346
511
586
456
331
454
52796
344855
437
437
437
1675
21689404
3169
408146
3921
3829
437
437
688514
687996
9534179
16520
435
3857
4094
437
437
318
1285
298
437
361
62
1340200
514
325
524
319
447
349
355
1561
309
323
437
491
419
341
486
293
354
461
299
363
429
351
437
395
1434
441
314
338
361
437
437
11726
10859
324
4606394
4472087
346
369
370
363
376
354
132
350
3783939
376
392
338
348
384
437
386
867
61
335
357
348
364
364
329
437
350
344
409
322
381
373
1204
312
453
364
350
757
3766
552
238
332
351
333
375
339
345
349
425
492
350
331
479
5098
426
322
366
325
225290
337929
306
325
1453465
328
1329915
329
306
336
315
293
317
340
897802
362
317
320
345
186841
171475
351
309
313
315
339
790
991
346
337
339
363
320
341
318
333
325
317
343
309
327
338
335
65
380
355
350
337
341
5639
8930
286
7636
440
11242
16850
353
1967
342
95
13402
327
2397
348
10965
24
3157
2320
684
334
13166
372
359
357
339
336
337
337
348
367
384
356
339
345
391
389
345
372
816
357
25973
347
305
393
339
2379437
2379940
450
428
366
344
365
329
366
349
393
493
491
377
466
360
330
425
325
348
4289466
175562
437
1272742
437
437
1273677
322
537
437
380
364
321
437
437
437
437
437
437
437
354
321
348
325
557
449
417
473
371
1374
576134
503
492
49666
48767
464
5316
465
434
324
460
1646
5575
5959
437
437
437
437
437
437
437
518
258
340
331
511
439
340
331
432
383
357
375
341
367
1959
469
345
495
8375
360
972
341
583
335
367
300
491
355
1037
320
316
463
432
10120
412
437
437
368
316
366
341
318
349
447
321
320
365
378
317
437
328
367
506
351
338
323
444
332
383
337
324
314
368
300
412
450
329
319
5440
5014
448
435
351
491
376
579
373
57010
57540
2129
15691
14804
357
334
354
335
437
472
437
309
444
532
438
1210
350
433
406
437
354
345
539
351
364
789
339
348
447
484
429
399
491
350
1237
347
369
347
357
353
3080
307
364
353
336
303
326
1049
358
339
325
328
7775
359
1184
339
334
348
308
408
339
390
2599
332
348
293
310
343
321
552
314
476
409
334
358
340
352
325
356
1293
325
356
342
406
311
302
299
359
333
331
353
333
437
342
311
365
512
472
304
310
372
300
331
332
344
387
344
443
587
486
935
2266
429
435
388
428
6118
303
393
407
300
358
437
412
479
457
350
453
420
321
318
468
326
469
363
318
489
375
309
422
329
338
342
480
379
310
323
339
354
418
424
2173
498
339
364
316
434
353
459
344
333
329
367
364
327
303
445
339
339
351
348
337
0
6075
10128
9611
5600
3733
437
437
437
437
437
437
437
838
388
198
383
461
326
87
478
347
331
339
368
437
437
437
455
370
427
320
508
412
397
332
409
376
470
337
337
437
371
652
488
345
318
307
297
406
369
338
496
278
360
377
347
337
342
359
398
803
325
332
564
298
926
322
345
351
359
393
394
323
335
294
328
364
319
353
360
337
336
484
385
314
357
321
330
312
354
334
339
373
304
395
349
329
476
322
348
383
354
341
418
351
402
358
333
344
421
301
347
329
654
356
461
1191
1276
322
395
377
143807
355
345
340
356
364
318
4998
976
381
437
437
351
548
300
489
339
401
309
345
355
392
317
305
357
301
347
357
558
321
374
356
330
368
125
437
333
316
408
332
327
318
545
241
302
305
388
317
351
460
332
388
395
437
437
437
351
69926880
69961528
659
446
344
345
353
322
339
304
373
361
21723
321
530
346
383
355
377
397
340
316
348
363
364
314
320
5066
24718
331
1658
320
348
354
343
1061
431
351
1064
509384
510302
350
419
321
356
437
437
405
358
472
329
464
332
495
483
494
459
312
437
322
437
353
292
366
325
460
22333
345
471
465
2128
297
367
470
437
437
394
9115
9348
326
320
437
437
453
329
433
423
5650
909
317
437
510
3906
333
323
465
495
437
382
333
463
462
1009
476
313
7875
339
390
442
334
452
487
308
556
357
167
42
464
495
335
473
437
4466
826
512
428
484
350
489
448
437
421
341
1799
315
305
482
446
305
352
366
339
338
355
495
6131
404
352
299
343
361
355
343
338
326
358
327
374
1736514
1737133
351
1071
6397770
6397494
374
319
722
328
410
307
376
23692
350
317
360
1011
328
340
340
470
340
338
344
340
343
535
352
341
40354784
40354232
474
39363532
39362808
39153320
39153816
322
325
353
347
370
574
337
311
375
351
5053
440
358
364
339
349
299
337
337
42972
56319
179521
36669
30801
164019
132562
342
860
4109
449
254128
254589
356
332
316
4154
336
339
325
332
338
314
299
316
333
324
333
629
437
437
437
437
437
437
437
437
437
437
437
437
437
437
437
437
527
353
339
1146
772
479
327
4456
318
362
353
330
488
330
363
2104
305
488
448
327
452
301
312
437
338
5113
738
325
324
310
328
298
361
332
331
323
306
344
335
526
437
437
349
361
367
2792
330
298
316
386
421
342
354
386
318
349
369
320
392
318
362
319
372
324
347
335
375
1384
607
364
335
359
455
400
337
456
324
356
338
370
339
310
1926
304
328
437
329
22945
21958
351
332
328
378
366
338
490
337
350
127963
128870
399
341
328
329
370
437
296
336
340
336
354
448
338
329
1975
358
442
333
345
365
437
437
437
437
356
334
323
437
379
437
412
331
37386
1610
437
302
350
296
36481
37353
520
978
306
320
454
330
381
437
325
389
341
346
297
356
315
318
327
509
371
355
355
419
513
334
340
344
294
342
534
338
308
341
316
346
473
307
418
461
453
338
437
477
530
466
303
437
433
355
328
339
437
450
305
477
429
25350
457
437
2301
1386160
1386753
355
17060
351
437
437
6112
3905
4069
509
446
2386
2202
22972
357
6110
158
437
437
426
460
468
192
4061
2141
3100
452
1177
453
427
478
493
461
367
450
444
618
495
312
147
469
5522
29123
30111
357
472
336
437
419
437
124
299
518
16935
17542
368
335
424
313
4484
413
329
359
329
418
482
323
322
323
457
334
302
391
489
497
344
342
340
345
417
396
367
380
356
3866
308
328
305
74963
353
348
432
340
435
357
396
311
347
348
319
420
335
343
328
300
326
366
407
317
434
313
733
395
483
458
294
1698
332
493
307
398
341
358
489
316
362
347
247
332
465
134
317
363
338
318
364
327
306
348
340
518
486
409
352
390
525
365
387
367
62988
466
348
419
452
326
310
721
362
352
336
334
397
346
409
314
318
363
437
437
437
394
403
313
321
366
344
311
442
370
776
364
437
437
5880
5707
323
437
437
402
335
437
340
310
348
437
448
343
329
1968768
1968203
328
413
767
337
322
444
315
316
319
437
357
437
437
342
468
360
328
316
347
354
456
437
372
908
306
346
327
299
106961
106059
128697
332
327
341
320
324
369
351
19738
20584
452
1035
92274
91628
87681
179374
9306262
165622
395
1002
21713878
21712062
299
21554778
40293
39683
320
15469
293
437
437
48255
487
468
318
54331
55153
55184
55637
54786
55577
54745
54781
55589
54809
55586
54842
25807
99718
55654
55481
98073
30169
28926
70527
28609
69962
28473
28897
437
71535
30062
41678
41569
41648
437
437
41606
40813
456
437
319
784
11010
1262
437
465
320
373
522
339
421
493
468
598
416
549
332
1128
542
326
455
306
308
315
321
366
410
471
647
575
437
437
333
501
445
411
303
445
78161928
99512928
78180624
78179856
78182656
441
490
473
7030
315
67
360
565
444
2092
302
310
476
437
437
97201
2745
437
437
525
454
347
339
370
369
2382
320
347
369
439
465
10771
431
331
310
343
357
375
335
358
339
341
362
348
343
340
387
391
388
348
358
342
356
372
355
404
348
334
338
335
353
371
330
366
383
357
330
321
370
339
322
372
377
306
389
344
364
350
343
337
371
391
329
371
342
324
337
331
437
6647
20101
343
334
325
418
325
295
323
299
970542
298
300
345
335
337
323
1015491
344
293
302
318
290
292
344
293
327
325
305
313
332
325
339
324
311593
219937
340
315
331
330
323
327
328
357
349
305
514
1355
353
319
326
85368
329
300
1378
336
2756
310
542
496
339
6164
6346
347
328
338
308
340
315
341
345
342
362
329
362
346
313
373
361
1558
322
363
308
351
437
423
377
330
343
305
458
5218
442
3431
1652
437
5772
437
437
504
446
443
457
487
477
427
420
835
437
437
437
437
342
347
7262
437
437
2108
532
6811
295
351
456
18832
359
328
549
368
2232
433
2916
339
353
322
315
331
505
338
361
353
362
315
333
311
336
322
331
333
336
350
323
1759
320
522
318
305
472
317
333
423
307
317
334
318
338
347
325
335
319
343
320
330
355
327
468
380
438
437
343
347
339
326
349
341
340
342
347
353
351
340
437
328
338
346
324
389
415
348
371
352
367
422
437
10747
17063
5554
1237
3218
346
1054
449
568
437
437
145526
195058
194089
327
330
339
283
443
507
354
337
790
407
330
350
2786
2119
428
1604
437
437
437
437
632
437
352
487
339
316
348
103
455
485
7003
440
4651
533
624
528
485
440
2908
315
323
522
494
437
920
134
351
332
4666
433
361
356
293
350
375
464
474
344
317
430
357
506
341
523
1222
356
1967
324
334
317
2779
2630
321
289
456
311
326
437
445
360
355
331
309
332
845
928
344
392
482
327
21350488
457
298
326
440
515
304
437
437
447
486
428
437
350
375
400
370
325
368
321
336
329
343
339
346
313
338
437
690
437
327
356
325
339
307
309
367
312
356
336
300
331
338
355
363
342
353
363
497
352
413
390
423
357
299
330
372
343
311
351
373
363
308
358
333
302
350
491
334
317
369
326
340
322
348
340
364
351
437
437
341
347
317
331
313
395
323
310
322
457
317
351
388
332
354
325
320
317
336
335
314
335
493
349
370
368
337
328
366
310
347
299
359
307
329
344
394
393
38054
37386
437
362
301
314
339
429
416
372
400
318
447
313
337
328
317
369
325
344
103
196
327
480
465
424
437
426
532
320
367
420
338
303
455
352
321
327
310
3169
363
354
372
1492
313
477
326
1036
320
467
394
349
340
325
317
370
325
333
1958
337
320
418
344
343
386
345
310
211935
323
167549
134168
340
372679
296552
295861
282946
282194
275510
274895
532
718
347
343
321
310
357
361
342
509
319
316
317
320
313
344
346
368
346
398
335
356
343
343
326
311
338
372
348
361
317
404
349
331
382
357
325
326
340
496
301
324
471
352
332
409
302
351
355
1296
1140
321
394
386
334
1850
296
322
358
461
328
346
368
354
314
333
312
356
445
332
401
15968
437
334
10338
5772
437
5690
24858
297
41233
300
22781
437
366
395
6585
362
212
47531
412
414
437
437
437
397
404
399
373
437
410
312
383
355
335
346
333
313
1329
338
347
1401
437
351
1642
437
437
1405
437
418
390
437
437
370
323
681
437
330816
314
968831
326013
821638
17904
31307
874406
12775
279146
294495
790128
328
341
299
312
309
914138
343
328
297
559116
379981
619737
298
101327
771381
319
494916
370
298
302
450898
663468
317
292
315
323
441921
12327
117235
104192
36893
554669
299
353
239072
437
127119
303
200107
322
320
345
59929
305
324
211881
334
331
303
313
302
321
315
350
311
437
339
333
295
328
337
215672
327
340
340
318
335
322
304
317
437
301
296
339
299
437
437
437
315
437
437
332
350
357
365
354
437
437
328
441
479
291
304
383
501522
500459
5197935
5188220
5102886
437
5058882
5055119
5054759
5053996
5532574
313
437
437
322
1724503
333
305
324
335
321
354
435
620
502
303
385
334
367
318
299
65
1412304
1413394
1423043
1420852
1421800
1420956
1421786
437
1425010
437
437
437
313
370
492
361
431539
431165
320
471
437
409
356798
357077
356438
356722
351
495
474
384
437
437
137078
137735
534
437
437
312
361
2180
46
351
380
346
478
558
437
134369
134335
135174
482
424
578
6061
359
320
349
437
338
307
350
553
419
445
373
476
348
480
13669
337
2917
321
351
1345
442
319
330
340
302
327
352
325
325
461
495
377
53343
52963
52757
681
8304228
1682
316
409
484
705
465
333
437
360
667
349
340
296
461
335
474
451
339
471
474
1318
350
411
435
429
341
3242
2503
455
315
336
380
317
307
5775
360
467
292
453
309
362658
359
499
304
333
307
467
508
393
416
522
431
444
407
475
514
495
459
463
479
350
473
530
567
421
880
466
514
458
437
437
437
437
437
437
437
437
437
437
437
437
437
437
437
437
437
437
437
437
437
437
437
437
437
437
437
437
437
437
437
437
437
437
437
437
1614
397
326
177
422
447
543
437
437
348
328
361
351
3933
489
427
315
308
491
1414
421
491
17
529
472
350
404
482
464
463
314
5303
386
344
349
428
432
423
475
322
486
437
458
465
61
316
312
437
364
437
330
298
454
316
460
489
449
1690
1111
437
437
1980
444
436
351
446
510
437
1497
458
350
326
358
486
660
389
386
421
328
453
4267
359
338
364
346
437
437
343
361
342
341
348
360
2313
456
418
437
437
624
495
482
538
447
761
323
485
390
483
447
611
354
340
539223
437
437
304
445
343
319
470
1149
350
326
298
324
338
514
295
366
426
425
363
434
499
455
349
340
392
374
333
351
321
337
437
314
341
867
348
299
307
338
345
324
402
329
331
332
299
314
364
317
363
340
331
302
316
324
331
351
318
315
320
322
336
366
321
331
348
358
346
636
312
352
482
626
361
339
343
337
388
354
325
343
388
454
387
354
324
335
345
366
313
1554
362
310
351
318
373
339
513
328
296
351
350
357
367
368
388
319
382
568
360
343
344
352
340
329
336
397
396
379
357
331
345
359
338
317
443
307
364
314
330
360
336
349
345
352
333
1742
437
315
317
367
341
343
345
367
315
364
437
331
319
310
466
313
485
2033
1757
347
341
320
437
323
348
325
307
340
464
73875152
343
37109
41416
23838
24652
391
824
437
437
1440
554
482
2714
372
496
818
475
322
317
379
460
485
489
437
437
339
354
424
494
503
437
437
859
480
323
298
330
325
320
462
338
406
333
326
334
316
351
443
437
347
552
345
1836
451
371
447
461
335
443
359
328
343
363
437
437
444
437
437
16110234
411
503
407
437
344
137695
141042
362
2500
300
331
334
386
314
345
1589
437
418
430
325
640
439
220
412
418
489
3374
456
298
352
352
376
310
341
538
487
498
2268
1658
344
533
323
453
438
27237
327
443
418
457
451
459
309
357
330
338
437
437
349
367
331
298
354
291
380
3153
315
399
338
1087
305
761
437
335
317
5503
369
309
478
1117
415
320
339
340
334
324
330
437
31019
31896
31119
31841
30972
316
355
437
330
318
329
434
549
387
335
524
518
345
365
354
477
313
317
330
321
330
660
437
339
292
445
310
499
506
8755
479
4249
437
528
313
317
662
416
491
493
427
437
437
483
450
350
536
437
437
437
333
353
315
331
483
373
332
357
350
437
338
453
498
322
422
336
398
461
320
46
393
327
15657
437
437
14787
437
437
437
361
469
482
511
461
418
334
340
314
332
489
455
432
320
308
335
337
552
444
382
382
333
437
437
333
369
545
490
378
376
318
329
364
336
372
319
308
322
315
341
335
323
330
362
364
336
370
314
382
377
365
309
330
369
373
326
377
330
317
350
371
313
357
437
345
456
345
322
328
387
437
809
356
349
328
331
359
342
358
500
1004
369
326
336
398
342
119132
120017
120417
431
352
119366
119187
119388
120222
361
143732
143265
385
117008
321
19020
17909
336
73174
328
359
349
360
341
344
376
325
362
333
28845
29013
8781
9572
332
364
437
1530
420436
437
437
259346
437
547374
437
413
437
24230
25074
25009
24108
25034
24116
24148
23922
81203
10933
11985
11074
315
46557
46651
30238
369
437
329
335
313658
337
382
343
344
437
437
437
437
346
322
437
334
320
1620
309
411
325
321
367
320
328
341
361
350
352
385
8939
437
390856
437
437
437
589567
437
372
1028243
346
333
338
374
394
347
325
329
324
437
384
364
367
388
316
219
8262
334
370
368
355
473
322
359
358
393
318
9946026
335
345
307
345
360
346
372
1602
369
368
306
318
1113
356
404
346
314
339
231
337
325
3852
315
344
387325
215913
215136
305974
140873
207764
206861
207474
207398
172084
352
350
1023
408
373
324
469
453
464
459
470
439
389
390
335
2683717
317
343
383
389
488
437
437
437
437
308
1989125
322
914304
913723
316
313
381
304
348
444
483
425
435
344
364
437
415
452
466
424
480
338
296
375
346
531
337
328
346
475
1135
488
551
403
3078
3921
308
335
305
327
340
314
350
226
341
361
306
365
312
448
336
335
336
375
338
344
375
316
362
433
359
369
329
934
348
337
336
398
79002
80187
336
325
451
316
408
430
327
419
437
374
310
339
349
291
325
486
363
326
342
293
317
445
6252
434
342
358
350
328
328
617
887
338
455
332
315
447
483
312
359
333
336
348
459
320
437
311
351
223
463
1796
1666
453
365
351
332
370
368
469
313
342
520
362
317
448
341
417
331
333
342
348
301
437
437
437
353
461
308
521
485
340
1071
2955
406
452
473
426
366
343
359
388
357
570
349
463
374
5110
341
468
460
351
451
2209
319
385
309
306
427
418
437
506
347
358
325
316
2659891
2617195
2615195
320
417
315
302
321
320
348
339
344
326
2132656
2132192
2170436
2170964
293
451
12287
391
1254
459
353
826075
825611
797517
783306
335
12385263
3499408
315
469
546
426
466
334
18088
310
439
313
334
309
456
352
355
6100
329
307
345
427
405
324
333
313
488
358
437
368
308
5750071
346
502
359
321
339
352
440
437
339
355
332
304
333
456
329
320
495
401
437
437
451
308
458
1693
7666
5273
357
330
331
359
474
338
353
310
395
464
416
453
398
437
218
445
442
624
362
1121
964
843
444
2010740
2004644
2003857
1972407
1967817
1967214
424
6546
345
389
340
294
447
631364
508
309
541
337
464
358
918
485
335
2500
372
315
318
340
360
387
349
1003
347
346
301
380
325
335
350
375
369
455
343
331
313
323
360
353
396
441
421
405
335
339
370
393
340
372
301
332
315
357
331
344
344
400
13423
361
401
1258
369
347
359
321
437
437
342
363
366
333
321
331
324
321
324
345
361
363
339
340
340
418
339
343
513
339
338
352
321
347
383
341
349
329
328
335
383
473
349
307
355
370
398
390
343
574
356
349
437
317
316
438
437
437
335
347
374
350
300
320
340
314
375
344
348
372
320
356
305
366
325
504
371
1587
344
346
368
308
345
340
393
319
2041
350
389
339
448
361
339
351
464
347
407
341
331
2911567
357
338
338
337
344
320
351
354
344
1623525
2133446
1087
6112
338
324
437
360
5866
311
487
442
350
171918
158862
142420
474
437
337
302
1115918
329
7171587
501
375
346
378
349
499
376
445
381
355
379
325
443
461
322
437
315
311
437
437
310
71233
70268
441
109
3077
373
458
54
326
436
666
364
363
331
337
348
342
357
6
402
334
365
335
334
338
321
313
307
58962112
58966136
33
58965308
58964828
312
335
58706428
313
364
328
365
350
303
322
346
362
317
343
337
309
438
311
344
342
442
328
354
363
401
304
302
343
374
17854
395
437
389
341
210
437
110031
344
350
380
341
333
107
588
353
340
355
330
322
362
345
369
359
310
335
201
322
349
397
307
437
437
324
348
437
437
330
325
437
360
332
323
437
437
437
331
323
339
353
348
325
359
324
339
105787
337
349
345
340
353
352
339
346
11805678
296
340
7545
11806879
11797539
335
3602806
6468
11803583
1699696
328
349
330
350
348
11796805
11801316
11795081
370
305
326
356
336
333
334
1528355
327
328
356
363
363
336
46887
2796
437
341
374
343
374
338
342
346
368
326
375
339
334
373
437
312
319
322
331
304
16122
6440
3247
436
1917270
317
5704
1566703
363146
418339
437
345
22199
1740994
194054
867213
1531831
335614
356
316
309
729948
323
189132
320
330
151171
299
365
336
355
370
349
328
615
346
331
328
348
342
337
315
315
332
437
314
342
311
306
495336
477
355
349
358
2480
330
295
398
317
485
349
318
332
337
519
2562
339
13036
13817
416
344
492
456
402
43437
42559
71800
63808
63119
404
468
311
359
838
364
362
454
2492
335
311
332
385
3120
298
437
437
411
471
490
348
539
436
428
451
573
321
356
263
458
318
446
333
344
398
340
342
433
314
339
346
362
357
342
437
323
437
341
512
4468
3487
363
328
4196172
4196811
304
325
315
315
520
437
334
353
355
7709
8543
353
433
519
300
331
443
554
304
374
332
359
329
313
323
357
334
338
290
864
334
437
437
4922
336
469
13320
934
525
220
416
429
483
315
363
575
331
320
363
349
326
320
343
472
310
366
326
383
341
427
411
371
349
577
603
633
315
313
350
322
460
445
392
312
449
392
336
369
6340
5713
351
377
473
354
315
333
386
437
333
336
299
335
280
398
332
318
162
534
2936
342
344
329
1
1508
390
506
295
364
314
309
299
378
318
382
392
375
402
312
324
348
435
308
475
302
300
347
405
409
324
345
295
332
336
363
377
329
313
339
325
358
340
317
310
305
360
503
329
393
391
316
358
340
392
613
346
421
383
694
362
90
324
329
331
437
318
1080
361
325
437
437
308
349
344
688
294
321
319
351
1792
354
392
332
312
354
388
350
387
485
497
334
318
371
366
384
308
341
337
456
378
317
336
321
334
345
1067
328
319
321
318
368
303
620
335
417
407
359
352
327
335
299
310
346
345
334
366
343
363
371
340
318
354
342
323
350
886
564
336
317
336
327
348
318
326
323
381
297
333
1326
320
367
401
304
368
1094
344
337
397
332
310
330
344
323
348
334
350
316
373
346
323
302
352
314
317
337
347
316
429
375
111
328
470
362
344
347
329
372
386
327
352
308
348
437
437
335
357
359
316
1422
437
437
437
347
394
356
341
347
472
452
295
320
302
328
331
359
446
424
366
459
1027
466
482
474
1669
436
478
307
3253591
3221227
3039563
3021356
4817158
4817849
4268
456
316
339
344
320
325
321
817
357
3709709
445
434
310
331
327
333
350
317
347
337
437
437
40272856
2166903
1058
298
437
437
321
327
353
309
489
351
328
527
329
469625
459961
447583
446644
426240
422736
286576
287569
287530
285005
285773
5556893
285884
474329
475077
426756
427332
386
363
119
3288460
305
360
14
339
334
4361904
357
332
336
348
340
407
367
1955
159
6183
363
4461
455
4559
63
4407
2282
334
437
370
173700
3869045
3816547
399
401
341
393
324
291
299
400
334
361
374
308
307
318
416
437
338
19
339
340
371
370
381
323
341
349
570
338
350
368
389
355
1077
3769
364
398
353
375
437
350
314
352
340
345
318
342
386
359
359
363
437
367
437
370
3868
350
455
330
423
3162
357
432
315
388
350
361
724
311
316
308
6007
293
330
324
289
356
340
328
315
291
439
446
406963
343
346
803795
312
343
328
343
358
368
333
485
316
327
314
298
325
365
305
444
326
348
337
364
341
183
28438782
28438002
348
332
350
331
106301
76954
434
1724507
12820
375
437
499
321
437
3464
409
450
302
336
9235321
9234874
317
351
368
366
378
304
336
360
355
438
341
381
315
367
328
351
479
316
352
355
333
352
342
342
409
389
6628
5783
421
7105
8097
21153
55168
54805
20056
19173
17125
10364
16458
15553
318
321
324
349
377
341
457
437
349
308
368
310
308
368
337
360
348
302
5078
2249
1315
324
303
326
377
341
360
390
346
564
334
450
523
19346018
710025
673782
674480
670775
658376
656538
593694
438
436
493
441
481
318
2322
330
382
21722272
21721638
4428
18637364
18632004
18629870
325
372
1183
431
484
437
335
372
357
1395
321
532
351
479
357
421
341
339
370
71
437
299
494
363
333
326
352
331
346
437
437
466
367
346
345
416
363
537
308
312
383
367
374
2135
337
358
6130
345
342
294
341
329
377
321
348
373
333
295
337
931
398
357
2095
362
350
428
379
332
343
471
333
316
342
317
339
486
377
331
316
315
363
348
353
302
360
401
432
37337
23610
348
351
995
344
359
319
3238035
3239037
330
452
321
376
437
437
351
461
513
490
340
5828
5563
441
341
466
345
376
362
344
356118
357055
357297
384
331
347
342
321
452
309
303
363
449
452
6113
300
437
437
465
344
372
360
437
437
330
882
437
449
382
266
394
312
316
313
310
348
326
304
445
320
317
360
338
437
337
389
309
3129
350
510
492
461
437
343
297
493
367
321
349
314
340
353
308
338
322
372
322
309
1185
318
328
461
330
450
357
341
423
345
320
342
3132
327
437
327
340
348
364
355
308
336
338
373
386
437
452
395
328
377
365
463
391
437
340
356
1017
368
481
431
332
336
355
50047
324
311
375
311
322
337
772
337
361
395
305
363
343
334
326
332
329
372
409
322
327
343
370
343
704
654
319
331
408
402
334
345
305
326
508
1122
334
458
342
332
340
335
352
299
332
337
341
348
712
366
496
983
502
437
988
371
336
302
437
517
386
374
1374
517
520
1631
449
320
348
1341
353
613
449
451
470
446
455
302
341
1375
467
379
1625630
1624819
1624198
1616658
1615149
344
1604
326
311
336
339
395
409
401
437
298
335
334
359
447
349
328
1029
356
354
364
364
308
387
384
403
437
331
359
19589
475
437
437
502
437
335
391
395
342
326
378
433
304
570
321
2447
360
794
354
215412
185730
99817
59945
150517
160720
4948492
44307
24141
4865768
4885298
4885009
4912395
1747168
3886369
437
334
361
325
307
307
416
320
343
347
333
303
339
306
353
2744899
336
343
326
321
300
306
326
306
343
306
338
341
301
315
437
319
341
330
341
327
56642
213348
19306
4096
23833
851
330
347
360
340
429
319
445
364
343
309
345
437
437
437
303
323
331
324
1265
420
475730
476288
340
430
435
305
343
836
771
8988
322
565
458
5466
454
419
558
1835
483
318
437
520
474
426
481
345
335
316
377
349
587
499
354
323
395
449
436
419
6908
3561
1010
445
326
426
459
684
446
502
324
358
309
311
340
477
466
354
1006
601
441
327
437
378
462
346
304
356
343
580
408
332
418
445
376
437
327
476
437
437
337
324
99
337
17
305
434
315
437
437
2005
677
337
428
498
504
409
378
369
310
460
522
469
511
442
484
1483
327
314
381
326
362
347
386
440
320
457
481
343
498
2304
451
437
437
463
433
516
444
358
526
564
452
437
444
357
450
532
457
722
884
242
505
476
508
431
463
545
488
383
362
503
311
332
365
361
611
356
376
338
372
327
461
355
767
390
319
448
1235
374
480
341
363
374
474
361
428
326
1246
330
593
305
394
884
360
341
412
317
335
329
461
414
369
323
318
312
335
400
295
314
484
313
422
380
316
330
294
342
331
333
352
363
356
363
385
352
320
335
312
314
335
325
324
345
325
293
435
934
401
358
336
360
388
363
360
337
369
372
345
362
392
392
364
435
316
371
300
323
321
349
367
342
339
342
396
721
482
323
329
547
359
437
379
316
305
36
395
348
321
313
338
3151
2069
335
345
363
533
361
327
388
352
371
310
352
408
307
284
392
340
495
392
330
364
361
330
371
357
330
371
318
358
391
321
300
326
329
389
18081634
358
318
329
449
342
361
347
580
346
301
320
338
326
315
320
329
328
344
345
311
403
316
340
1267
375
321
329
351
333
437
356
369
2588
363
391
334
349
344
355
332
328
352
730
453
329
308
299
333
328
329
344
317
340
153335
154036
366
305
315
327
317
337
330
319
338
326
317
360
380
333
537
1060
173
377
347
308
384
358
563
563
305
351
344
316
396
338
525
352
339
317
369
348
373
326
373
316
329
318
482
357
11716
314
315
316
319
390
348
335
360
334
351
2044
352
336
360
980
100
536
3
362
335
343
376
398
317
317
301
344
332
319
363
325
308
367
317
345
336
469
480
314
352
324
295
350
377
346
313
298
380
437
437
437
2983
437
437
437
437
437
231437
347
360
313
9881
357
373
306
406
312
330
362
333
351
355
350
390
338
488
323
334
332
349
345
334
334
351
333
319
345
316
324
366
330
327
375
347
347
363
340
353
350
354
341
299
384
292
38524
39473
39908
447
370
314
4107
333
309
388
345
335
304
339
310
337
1183
362
375
339
327
372
354
369844
370419
367011
327
341
338
1843
306
378
3118
351
331
348
102234
101676
309
360
198259
192677
192023
437
335
328
437
319
354
298
368
339
370
358
315
335
351
323
392
321
319
326
352
319
329
518
329
6922
362
355
339
332
304
468
328
490
330
328
317
330
313
1694
319
450
371
363
377
321
399
348
542
358
357
310
306
432
345
368
316
329
311
325
322
322
374
397
345
437
360
5270
350
367
372
153099
338
82102
80417
363
182348
431
317
507
476
455
355
352
358
366
377
338
321
340
337
58816
59465
62031
61177
320
369
389
341
332
437
357
319
83729
83068
2537
330
442
321
369
355
313
348
437
469953
333
316
350
346
332
336
2118
458
456
481
321
315
133990
48026
419159
419712
437
437
364
2740
2529
304
379
487
95125
94154
339
437
437
374
364
357
382
375
370
1429
327
466
343
697
355
315
783528
382
4159
311
324
304
325
118512
365
342
358
320
359
317
339
359
437
5099
334
365
340
349
341
34423
31170
332
331
50
335
346
339
353
551
696
351
341
430
333
1908
369
317
356
345
343
394
360
353
386
375
384
340
378
404
369
345
341
397
362
390
473
323
453
4326
340
310
2845
299
2313
1978
372
355
371
436
321
358
328
346
342
343
310
312
374
378
379
356
390
422
362
316
346
2331
437
322
330
272
17
383
437
437
437
437
437
437
437
437
437
783
437
437
437
437
437
313
344
311
211498
437
211097
207817
58399
394
356
319
303
331
344
300
339
327
329
333
319
945860
334
300
304
336
358
348
641
293
320
282
322
331
323
704
341
367
426
49
4186
437
343
313
346
308
371
332
311
344
358
354
360
327
337
345
347
354
301
357
492
321
301
366
386
317
341
344
360
509
2808
352
31879
337
168718
169229
169489
335
67898
338
305
428
330
308
348
316
430
380
435
319
375
338
343
388
2504
3562
2772
361
341
361
451
386
345
359
560
437
309
326
309
362
363
324
41465
41881
332
333
334
684
356
362
320
348
354
1185
326
304
308
336
369
358
320
365
984
367
322
362
360
316
329
497
411
410
370
354
348
315
309
311
316
329
557
334
339
361
350
324
328
330
437
330
425
330
345
333
317
337
326
339
384
368
313
340
368
346
361
331
316
331
328
317
357
354
442
370
326
399
334
330
340
329
322
371
339
346
316
371
397
325
333
313
351
354
407
312
336
4629
573
367
327
1624
698
294
351
1653
341
332
355
337
390
361
354
1247
334
1640
269219
268258
295215
294302
675562
676079
346
367
36193
35470
35053
36092
363
27494
374
2041
377
359183
325
349
29805
28988
2820
303
39884
39323
304
72751
73787
336
37374
36454
37565
36630
323
333
332
332
309
357
352
341
460
362
5198
336
330
384
317
370
19783
18684
279432
321
312
463
425
394
335
353
57177
56311
475
358
341
77711
354
431
335
356
299
337
335
344
339
1153
345
647
918
651
335
354
342
334
386
370
314
497
346
351
396
9133
9877
10063
321
494
362
355
381
343
372
340
365
357
459
328
371
760
330
383
518
346
356
334
358
333
330
330
369
190698
379
358
326
461
315
337
365
344
338
337
512
346
356
316
336
275
1736
354
362
2705
433
352
1703
33070
302790
303384
385
2064
359
3288
312
428
467
321
316
483
310
481
308
364
324
361
363
339
362
364
452
437
331
304
329
335
487
1392
425
437
437
484
468
390
425
437
439
437
437
423
7743
40366
39160
321
297
437
379
987
335
475
365
349
380
364
442
498
340
308
433
315
432
314
330
537
395
4191
3585
303
465
432
386
400
338
349
358
341
337
547
437
318
2723
417
368
464
547
532
335
338
410
338
393
332
390
364
362
746
303
332
336
374
437
470
379664
378849
334
310
308
349
367
321
341
380
5124
344
1940
353
1936451
1934993
336
9625
358
23078
2294
2576
407
341
315
328
321
315
351
333
329
289
299
302
328
298
335
341
344
365
307
1867230
567197
328
437
553647
437
1752969
347
437
437
437
2868
351
1016
290
437
342
437
354
437
437
1503
358
437
437
335
437
437
336
437
331
437
437
6851
8867
11341
351
2150
9268
4760
437
437
341
437
437
437
324
437
1747
437
437
437
216
3757
4510
446
2224
302
123280
400
313829
317
437
7213
7390
327469
339
437
437
369
363
437
359
339
437
437
292856
437
292638
337
437
307
355
340
467
316
334
322
349
341
437
437
437
323
1298985
380
22049
408
407
392
31838
400
14
415
416
437
437
683809
437
333
317
316
353
328
437
344
2883
629885
339
621751
340
437
380
467
1089557
437
389
322
1183853
437
377
437
1187949
442094
457
223363
92040
437188
436277
437
437
437
437
437
437
437
437
437
1493
437
753006
488843
314
332
334
330
523
329
343
330
306
380
338
437
351
437
437
437
1916
437
437
346
335
322
300
315
437
938236
933689
437
437
437
437
437
437
328
353
437
437
903
437
480
437
310
414
420
437
303
437
156388
364
437
337
315
343
53
330
343
347
295
328
437
437
346
437
334
356
352
338
375
518
1220
353
302
368
316
347
339
416
374
3101
4119
674
516
14089
18768
11051
7913
8541
344
401
6019
5430
2617
345
342
342
118100
129
386
346
6843
378
351
331
319
320
384
354
322
348
361
309
324
360
329
312
320
454
381
470
404
360
1922
693
318
319
342
376
339
362
356
375
423
334
3322
352
357
2470
316
306
447
364
340
309
384
373
325
304
319
308
334
449
339
327
300
340
349
503
317
343
332
335
340
331
323
540
388
350
340
343
374
342
347
463
6327
383
325
354
346
319
1231
333
2737
2847
353
437
437
494
379
353
462
328
304
361
1411
2819
5938
2460
2257
374
339
341
293
409
365
338
331
320
307
404
456
350
342
339
608195
331
383709
383020
1415
342
329
336
320
343
343
306
453
365
334
313
426
347
482
376
348
311
367
292
463
323
328
127944
2814
339
344
351
329
341
361
396
330
355
339
442
377
294
494
312
426
334
311
10966
455
307
417
516
488
418
6037
491
418
351
339
345
339
419
374
332
395
313
318
327
437
437
398
360
352
356
339
13239
349
28
343
358
358
317
378
363
331
316
488
376
449
400
326
364
328
469
344
360
402
345
349
450
361
311
310
475
389
359
341
325
394
375
308
397
364
326
484
357
410
316
397
432
456
350
399
341
335
376
404
392
343
437
437
340
409
344
366
317
310
337
546
437
437
348
303
341
348
361
354
336
372
316
329
334
357
1301
1160
369
329
372
328
339
484
398
346
342
327
305
341
397
339
351
339
317
294
319
347
355
359
329
319
37397180
437
357
379
327
305
3530801
348
341
341
299
361
382
338
437
349
437
437
437
437
437
437
315
342
437
437
352
388
376
318
437
322
406
437
960
437
344
370
316
373
353
338
329
298
341
330
326
338
333
321
338
350
346
410
332
355
331
437
386
441
2719
2953
313
325
334
362
437
437
339
355
437
328
325
329
402
360
302
55747
50981
436
333
330
437
331
326
437
324
437
437
437
437
332
321
437
437
2907
362
437
437
437
437
538
437
407
312
491
364
331
353
342
356
345
649
363
352
371
364
377
299
363
365
362
359
361
359
340
379
393
352
365
357
338
342
370
341
350
363
437
367
347
6768
390
348
341
354
437
341
340
330
344
342
324
327
437
437
437
354
333
1618
437
437
332
317
437
898
1087
329
437
437
310
355
437
446
343
437
336
323
329
362
437
332
437
328
351
320
311
363
352
358
28409
18743
19595
379
391
1369
1015
437
460
1375
428
437
437
2572
469
556
437
437
488
372
437
437
5666982
416
475
437
437
436
476
121
444
336
361
593
315
488
350
460
436
326
324
351
359
418
386
383
437
429
424
315
437
354
417
446
335
409
500
343
339
328
396
349
321
324
490
473
489
425
579162
579712
341
335
473
427
420
400
371
403
449
356
414
333
432
451
405
389
355
371
513
309
409
421
320
363
478
354
370
338
375
295
437
489
358
399
402
369
335
322
335
406
361
395
356
361
364
344
317
77082
17542
18306
336
356
681
382
356
395
386
340
323
338
384
315
395
438
377
354
332
326
341
351
354
347
112
318
1861
1790
605
414
330
335
318
323
391
315
335
338
321
369
336
339
340
378
325
2700
323
362
381
307
348
426
437
349
363
198
437
4604
5292
321
3209
2009
129
335
2336
284453
319
318
311
350
326
362
313
357
389
605
298
324
306
437
326
319
330
358
339
334
331
325
309
341
358
298
350
333
329
360
373
317
317
312
329
1801
316
410
361
344
323
437
437
437
437
437
437
437
437
465
393
322
321
437
299
350
320
351
340
707
320
350
547
361
437
437
344
353
332
346
378
333
350
330
345
385
444
391
352
341
316
349
314
318
8763
881
305
446
524
324
359
331
313
336
460
328
421
334
320
359
2831
437
437
305
728
437
355
312
323
1514
352
309
338
392
326
351
344
350
353
315
328
363
320
313
437
319
370
305
313
323
340
333
337
306
349
328
307
381
48468
437
437
22684
22705
21958
22153
23062
437
23074
437
437
437
437
331
64738
65626
57265
58342
429
322
5475
1329494
1330187
1329394
323
374
353
1840203
1676886
1677689
366
362
2616
2684
60131
349
37215
1536
1797
437
56215
437
34166
437
36635
492
437
437
336
432
343
326
493
333
370
256960
256968
332
296633
296416
295548
295722
295663
296501
295634
149512
354
319
358
1758
440
337
332
330
336
345
332
369
319
2724690
346
331
328
328
313
385
337
353
377
344
367
348
354
320
49
535
344
155
845
451
468
452
370
468
1025
313
6428
6438
5589
6038
423
358
360
53150
52842
1342
343
349
477
350
405
4756
731
437
437
367
335
352
369
327
325
312
319
323
436
336
316
356
363
363
374
339
341
1035
333
303
349
491
323
314
312
329
341
305
352
325
350
307
306
378
302
345
312
366
330
455
486
311
303
379
335
443
339
310
331
369
61769
61328
349
336
314
769
327
330
356
436
328
604
336
369
354
344
377
321
395
684
365
341
346
1520
2175
353
1107
450
461
418
323
316
319
752
318
317
3004
443
462
915
79
1971860
1972444
1972457
1971878
340
397
303
432
401
403
318
368
301
399
348
352
351
401
317
346
330
388
566
647
487
339
386
474
330
442
334
446
464
615
363
394
374
356
332
331
348
480
859
359
437
318
377
355
332
397
359
437
437
437
445
351
1773
1031
318
437
461
371
316
268
312
447
311
316
355
316
304
504
317
309
301
346
466
359
403
352
332
310
348
345
362
389
356
325
357
347
430
316
339
303
346
312
471
345
337
333
302
304
371
327
351
79566
422
28
1329
18308
352
362
376
358
329
333
331
9732
389
368
332
358
2671
4995
15892
475
6819
322
319
398
437
354
335
338
319
352
362
343
365
437
339
315
368
367
323
331
437
333
347
375
3168
32035
383
361
2651
2360
1393
2399
356
2881
5307
300
5377
316
414
322
297
10206
344
437
350
388
333
317
313
346
343
437
437
391
340
437
487
5291
329
325
329
334
347
299
350
437
437
437
317
2013
348
412
360
2125
361
374
325
3756
1319
2271
4821
808
412
396
437
437
437
341
437
437
437
342
7374
817
1590
3819
397
385
350
367
437
351
334
360
11693
355
1716
1695
437
476
324
327
336
319
368
313
349
326
412
1065
341
487
11384
680
322
349
437
346
325
5691
1008
450
344
329
7209
6995
369
317
383
349
5337
7350
291
329
307
3135
1491
346
437
437
437
320
1054
1203
437
328
331
561
345
354
437
499
946
361
306
437
437
437
366
715
416
414
437
331
437
336
327
342
312
337
437
27983
516
5815
326
3739
213
348
335
420
460
365
357
833
1402
913
1853
334
365
321
437
321
381
352
716
352
327
370
329
316
9516
4319
337
326
26758
26599
328
322
416
6997
4446
320
347
289
437
437
437
437
437
347
437
437
321
300
357
340
316
333
322
335
342
321
295
316
362
361
417
437
376
290
302
332
351
377
402
338
318
4912
10146
2946
428
437
361
437
437
297
344
437
349
437
164
356
326
355
340
357
684
342
337
356
32
930
359
417
347
2232
437
437
380
309
320
394
328
618
5717
3443
437
437
437
356
366
437
437
437
349
348
336
326
354
331
367
318
362
383
373
56669
32379
61897
69865
76774
86946
102151
133169
48868
187
437
437
25020
44430
55274
63886
69761
78374
80219
82144
92319
94833
106944
125948
437
970
324
121627
1635
360
20227
336
340
344
480
41809
51109
58115
67109
108371
349
23830
357
5843
19210
29205
37465
45926
55259
56656
70112
101911
14412
18636
348
437
9302
21121
28730
34687
49812
59142
71604
87674
91229
6190
341
10764
19069
20905
25387
38125
49913
81618
354
437
5184
13204
20447
30482
32945
44808
56901
77751
24554
15143
25637
72122
15445
5180
5907
39717
437
437
437
10406
367
345
46024
46531
14223
1287
437
348
437
31549
311
347
351
419
304
337
350
341
373
437
413
306
10527
326
339
369
306
364
342
437
437
376
437
342
347
321
355
437
437
437
437
437
437
437
437
437
396
437
437
1558383
400
309
326
303
358
368
331
360
336
355
362
320
333
342
310
350
7793
1352
700
337
350
357
331
338
324
437
437
3565
326
13701
403
363
392
365
365
353
1285
774
375
366
390
1809
396
9690
329
1520
371
389
107482
366
327
2645
2338
3598
340
41605
42503
41721
42554
328
338
396
347
437
328
437
330
375
345
16215
18372
363
463
394
13675
345
10617
2041
18108
15156
338
345
348
437
437
366
364
340
372
345
332
336
318
351
370
307
290
352
323
437
350
348
388
391
321
348
351
390
371
394
344
368
382
337
336
437
381
360
19
2924
990
314
1729
362
341
411
335
558
374
305
452
484
327
315
437
437
437
437
437
437
437
437
437
437
