289
277
238
216
264
92870159
223224144
247
256
361
361
361
299
998
837
237
243
283
261
623
257
221
213
247
285
256
306
227
270
315
230
261
312
406
250
280
222
66426
65400
65301
64709
64519
298
235
652
265
339
272
243
248
284
236
268
295
243
251
306
404
274
270
30396
10147
287
278
49
256
435
95292
260
257
217
249
242
350
362
239
244
244
261
243
257
251
243
310
251
263
277
258
249
244
235
233
286
264
265
249
454
408
273
256
272
285
250
293
247
263
319
293
297
297
302
246
34
733
231
235
590
44
238
250
297
288
361
361
964
281
361
231
274
361
273
416
224
361
361
361
361
361
284
257
242
309
414
463
301
361
239
225
308
285
327
320
250
261
384
240
389
415
471
258
282
9341
9218
259
1328
1380
361
361
269
275
249
145072
145543
289
361
361
1096
1920
1167
1882
296
19366
267
303
361
182659
332602
329853
325124
27163364
323
361
990
413
488
64907360
267
292
400
238
252
689
252
52687
24630
306
302
281
255
301
303
361
282
259
276
361
361
245
270
295
298
388
287
279
2809
258
308
117765
88
117397
648
731
417
392
255
361
425
315
262
224
407
361
414
361
361
361
240
236
374
378
231
382
1103423
300
224
280
287
152
72
298
306
2510
2398
361
361
255
251
253
242
38505
38920
263
324
323
361
361
361
25619968
361
361
253
442
294
816
691
223
255
272
1124
470
227
401
361
247
361
361
260
361
361
286
293290
293731
280
361
240
388
231
81
314
387
276
433
262
182
281
288
245
361
389
418
239
228
233
219825
219711
286
361
266
75
610
269
361
226
240
291
248
310
262
239
318
3420
3283
3344
291
317
278
3726
256
390
285
361
452
3832
3816
406
424
529
361
361
922
361
372
1017
945
855
434
264
361
361
251
810
425
411
410
229
14790
409
6091
6266
405
409
359
430
884
274
837
1005
395
372
464
530
361
230
256
382
426
361
361
401
2943
414
45558
364
420
713
244
426
386
457
390
361
361
398
419
825
943
2288
740
1254
402
6201
420
396
276
398
1596
361
361
361
6719
309
3881
361
361
34
361
425
361
361
719
361
226
385
451
360
503
279
81
104
364
434
432
420
377
357
2455
413
393
422
438
362
390
405
522
361
361
1525
1736
1081
951
2165
361
475
374
456
7649
361
76757576
266
276
230
427
361
361
4320
4293
361
361
254
1189
233
399
2566
361
259
254
242
361
2540
2491
594
6097
431
532
395
402
222
361
361
361
1593
1437
1622
243
361
361
548
616
361
444
27451190
361
284
298
1543288
251
242
228
260
269
820683
272
235
108715
295
255
267
305
270
309
251
249891
273
244
277
291
214
225
263
236
444505
235
220
230
265
392961
245
266
215
296
260
254
266
954070
271
274
243
250
240
294
290
268
259
263
217
266
361
224
267
235
242
232
230
237
320
287
261
256
234
289
313
783403
920352
236
230
246
243
230
251
222
237
940807
301
229
258
240
313
237
225
246
261
231
246
239
93959
267
229
303
243
288
299
257
259
243
256
230
265
283
238
293
215
320
262
249
62
231
334
225
361
259
291
257
241
239
231
269
265
267
251
239
243
276
273
280
237
297
214
247
287
294
220
239
241
257
540430
262
252
264
224
308
262
238
236
238
318
241
249
242
271
233
270
283
260
237
250
221
262
361
231
336
256
136743
274
252
283
216
231
240
284
242
238
263
308
275
260
224
239
234
256
282
280
131836
266
236
247
279
245
243
227
273
252
272
257
235
235
250
250
261
251
225
242
237
241
248
230
232
231
228
247
250
239
245
263
234
300
250
234
233
253
256
273
238
269
214
332330
296
257
238
264
248
260
311
285
264
268
262
307
301
258
241
246
280
249
273
333
222
302
256
290
256
283
262
241
263
261
239
298
234
228
287
256
333
246
238
204320
260
229
274
235
237
257
230
269
272
250
243
217
226
245
289
255
241
256
306
220
307
222
253
234
239
249
274
303
332
275
265
238
213
272
280
240
311
250
285
255
271
234
235
255
244
322
327
314
349
225
242
2537
4488
128
827
1069
361
260
299
361
361
315
407
426
361
361
361
1874
247
1600
6560
212
249
215
270
217
225
257
303
357
257
340
362
302
215
269
333
344
242
332
307
252
288
302
237
248
232
277
260
338
242
333
316
249
241
261
277
293
298
361
361
216
297
263
307
281
270
278
264
361
278
253
361
361
237
311
361
1840521
361
2573092
242
236
2254476
361
278
267
296
260
411
290
228
277
250
253
295
228
309
903
278
254
231
375
4882
4713
306
253
237
256
361
2231
110412
147122
68
367
363
389
361
2428
361
953
270
420
358
432
379
421
285
307
361
361
361
361
381
381
360
282
368
377
361
361
265
1214
361
361
361
14087839
361
361
361
361
27362
378
238
360
499
448
417
361
361
1049
296
302
531
273
4062
417
923
732
828
400
420
284
361
361
272
252
374
427
6073
417
395
1955
1905
361
431
441
1536
1655
259
361
1544
145
6
287
774
893
470
384
231
250
210
411
1898
214
262
124130
124896
124201
124977
124274
424
2803
279
385
1689
3964
3804
3749
1522
361
361
361
313
257
338
230
361
286
271
392
295
285
372
285
273
394
284
267
1924
2011
451
695
2219
2113
226
1659
361
454
279
309
325
560
425
313
254
256
222
779
371
295
299
7951
389
392
281
361
361
361
2408
1494
227
361
361
361
229
6112
405
105
410
361
396
361
239
436
3031
361
361
361
397
240
296
302
318
609
468
575
389
480
114219
115052
115131
45578
395
382
227
277
273
280
263
486
392
298
318
311
434
301
292
285
278
447
2415010
8314
8386
8431
310
1259
275
313
306
261
299
252
475
404
493
1666
401
457
1483
361
289
267
230
313
408
244
304
298
308
284
436
237
2240
361
23
165
148
19
224
1021
954
361
373
101
491
239
286
466
301
446
391
296
361
361
361
361
361
361
361
361
299
361
311
404
342
233
361
361
288
228
395
254
232
248
249
271
2052
316
243
312
419
23
49647
232
361
239
6044
6146
6096
398
390
409
307
361
361
113145
112754
105504
264
309
361
361
229
233
232
298
253
263
299
223
274
252
600
258
288
219
244
262
284
273
258
272
249
247
254
283
239
318
454
283
264
320
312
306
269
581
458
282
272
89787
423
292
295
637
5664
6289
315
414
4535
4843
309
2853
261
1037
243
747
257
261
263
251
260
298
231
444
241
280
322
250
301
240
430
365
393
293
271
465
572
288
312
361
291
279
170
261
253
302
249
267
361
361
229
234
418
302
2348
6064
262
269
276
435
376
1803
1638
1823
433
5825
442
286
285
321
270
327
409
458
400
275
815
3510
3387
1484
390
318
274
224
256
434
239
400
361
361
361
361
220
361
361
361
361
380
361
361
361
257
361
428
412
360
259
879
124
229
5424
5533
1283
1155
1195
378
268
125890448
415
449
1319
734
3042
3175
401
426
445
1542
1404
275
465
415
361
361
276
284
361
361
361
263
266
279
286
489
387
358
316
263
361
361
361
3963
361
286
2218
361
361
414
438
382
361
223
382
252
251
256
390
541
361
361
2845
2744
361
361
1089
246
413
389
501
621
241
268
400
358
225
253
380
580
404
325
302
361
361
361
3064
2972
3093
150
114
2389
2224
1720
143
470
380
2260
2165
2108
1986
410
361
361
361
303
272
390
411
438
397
296
361
361
394
427
245
361
361
242
237
2328
2030
268
307
384
376
717
1327
538
361
517
368
400
361
247
361
295
361
361
638
551
746
719
108154488
3804
5358
301
240
361
361
303
267
264
354
250
1875408
359
342
2437
15607
280
574
1415
1303
460
391
408
795
376
387
423
458
550
212
421
446
815
742
383
413
301
26811
27304
26135
250
235
306
235
305
24252996
24235814
302
247
31017
240
261
291
241
259
3701
308
313
271
250
4079804
271
336
294
23668076
361
2854
2703
3210
3057
7163515
8390433
7154003
7153785
27191
1077703
361
269
425
533
361
246
225
3032
2997
2517
309
253
309
292
261
258
319
263
292
299
258
271
297
278
267
278
271
298
278
306
298
278
301
295
263
268
264
279
265
216
270
297
243
307
312
262
269
312
298
308
255
240
295
306
269
310
319
1151788
314
319
297
248
302
262
279
12716
3465
257
3408
276
259
4698
6680
242
227
272
256
306
256
1629
768
361
254
314
323
271
278
252
308
297
276
263
251
258
262
260
274
295
249
256
246
361
361
260
361
253
239
250
274
290
267
233
245
237
243
73613
235
278
223
302
301
305
299
293
361
361
5285
245
249
361
274
33
325
398
231
251
361
324
1331
367
401
406
301
361
306
6370
6526
316
224
386
418
403
2747
383
3826630
257
269
549
279
324
268
221
275
361
361
361
361
361
265
361
361
377
590
361
361
361
31033
5904
5669
5545
215
361
361
418
42
215
6074
278
304
688
1231
1455
269
301
311
259
320
567
290
1010
256
380
270
407
243
1181
935
852
559
298
1200
1661
8589
903
793
942
360
225
414
738
224
437
300
18172
361
361
321
261
302
1325934
1326383
1231342
1092556
1085636
461
428
361
243
361
276
361
316
361
361
260
361
361
361
361
361
361
361
361
361
361
251
361
361
361
412
452
416
3555
3417
229
361
290
257
238
259
361
361
361
361
475
427
594
415
392
1389
814
568
360
407
404
386
457
361
361
417
661
353
377
65
1867
4162
2582
273
415
472
410
307
383
361
361
361
1793
361
361
468
232
248
2153
411
3119
393
412
387
6091
231
2456
412
417
361
361
3259
432
1052
1183
217
402
6066
236
6434
245
412
1363
361
229
3860
9198
6838
6739
525
38
466
395
425
369
407
1255
369
401
305
390
297
1324
108
413
401
434
417
472
375
361
441
361
361
9242
361
361
361
361
549
427
390
233
241
299
1631
1390
242
282
361
297
1777
361
418
393
361
252
2371
2298
2390
176
253
405
406
361
361
212
70
58
361
361
361
361
361
361
359
397
408
424
401
797
2587
399
309
316
288
1131
1528
306
280
262
420
435
2531
387
409
4829
361
581
101
983
730
530
510
360
248
301
363
360
316
262
240
361
361
3160
4112
5077
1680
822
2553
361
361
361
361
2624
492
270
283
361
361
279
430
435
361
255
256
213
220
234
251
249
113462
110711
110840
361
434
568
475
243
304
255
291
275
361
297
272
220
268
2043
290
271
262
244
361
361
250
254
239
361
497
290
257
365
361
433
480
339
1311
1402
246
262
633
303
315
256
228
229
301
218
266
295
467
435
237
258
554
564
241
273
452
46
251
166
303
8875
460
582
264
319
290
226
237
318
269
312
211
303
7967
238
239
319
264
266
291
285
42
255
304
244
300
258
248
263
235
325
229
247
270
5762
5666
553
665
219
424
469
293
361
361
1167
229
390
213
236
415
417
361
433
2759
2695
2610
384
3324115
287
378
260
217
263
155
62
940
231
53045
361
53770
1823174
1821230
401
309
256
251
393
2058
361
449
883
1760
262
115984240
226
967
716
221
381
243
120
409
458
367
361
361
377
409951
7142
7077
452
418
423
367
1399
6039
385
935
875
811
361
397
540
394
440
426
1356
361
418
973
869
361
361
361
515
366
406
361
358
425
373
153641184
153641040
361
361
2691
242
252
300
619
1184
1407
2473
364
261
252
226
294
243
262
1043
809
848
432
533
244
398
406
374260
373768
214
361
361
361
247
361
248
269
3869
3742
255
289
845
972
243
442
371
469
416
255
5030
255
359
307
273
277
283
300
361
709
691
1259
488
715
2532
2648
402
969
306
469
1457
258
385
75
361
361
326
1277
5499
8155
8284
389
289
381
257
228
298
387
255
504
235
427
446
361
361
414
48370808
48370192
361
361
361
361
361
361
361
361
361
361
361
361
361
361
361
361
361
361
361
361
361
361
361
361
361
361
361
361
361
361
361
361
361
361
361
361
361
361
361
361
361
361
361
361
361
361
361
361
361
361
361
361
361
361
281
266
696
215
243
227
361
361
361
361
361
361
361
361
257012
257448
1026
1366
140
20
2038
1808
1993
361
361
437
383
213
340
388
2258
2174
27803
27887
28316
361
361
361
361
234
260
266
234
250
264
1402
283
98699
98855
246
11349
319
177366
414
112564
162426
269
288
2363
361
361
230
1512
301
261147
62820
129776
361
361
361
361
361
361
361
259
254
243
287
26
256
280
237
391
366
484
372
5050
2186
276
231
323
1058
1168
275
41934
42418
42580
57279
361
361
56713
56752
38564
38685
39361
361
3433
3318
426
379
396
2237
393
430
435
517
361
361
361
361
384
266
376
361
242
210
264
1694
256
382
361
5398
361
464
361
396
397
407
247
364
410
532
417
11795
11623
11721
1934
396
490
361
434
419
266
3334
665344
664435
271
246
265
397
271
1977664
1968354
361
782
904
916
4124
441
307
306
312
425
260
228
714
643
226
361
361
361
9897
5538
361
251
418
405
524
240
303
251
137
318
1350
247
227
222
361
218
292
2026
1912
1972
288
293
256
236
408
242
752
590
361
361
361
496
449
547
4245
231
462
9660
4011
250
3124
2938
374
4083
3987
406
401
224
254
248
317
316
397
546
1412
361
217
361
361
466
459
366
360
426
1628
1508
388
252
278
416
427
310
385
284
361
361
361
416
456
368
4222
361
361
364
439
387
511
424
7273
361
308
461
398
243
374
385
283
278
380
372
405
361
361
361
539
480
258
388
764
304
317
236
657
451
602
342
277
421
228
244
211
361
522
239
583
617
261
257
281
394
620
298
262
79807
2109
2020
4295
404
453
393
3179
3393
362
361
4490
4832
94
162
363
393
403
10020
360
266
258
447
1654
2399
2939
650
905
396
403
294
408
255
1093
229
244
234
106012
105327
226
283150
228
266184
251
240
258
489
274
13711
13853
279
1285
286
262
3278
1208
269
225
258
2481
251
225
287
286
260
220
824
737
254
285
29459
234
58636
260
886
793
235
256
271
305
361
241
284
595
254
4026
272
267
816
227
250
299
762
285
206
251
253
269
242
320
387
6330
6229
361
361
243
298
269
6147
407
475
267
324
250
281
271
309
227
303
241
304
315
248
237
274
223
279
251
250
275
152
486
248
257
225
286
751
281
254
361
340
322
248
628
692
426
236
381
256
223
232
260
302
361
361
361
361
310
264
5777557
5227949
5639258
5634374
5617840
4941806
361
361
223
460
230
252
263
361
361
361
831
257
305
228
276
3578
3491
3106
299
282
223
245
361
439
239
278
254
721
402
303
265
262
266
275
360
533324
32013
31161
530749
236
535451
24540
273
361
361
322
254
23291
23393
9718
9847
361
235
230
361
251
361
217
361
361
379
412
93753
314
6129
224
360
6162
7818
7758
7842
1100
957
361
3100
404
247
282
323
222
390
102506
102991
428
389
401
427
459
361
361
361
4510
4643
5065
8471
2889
2773
1361
1254
1906
1708
373
6423
365
478
356
453
361
1645
1536
401
406
397
422
390
224
232
282
289
203
259
237
361
230
361
247
226
166
361
361
361
360
6860
686
394
460
425
426
361
361
470
416
405
814
8874
9047
2210
302
2111
2226
220
467
277
264
1078
2682
2620
359
243
269
251
278
264
264
298
299
253
309
271
286
248
257
268
280
272
294
1962
357
272
17586
9223
278
5584
7131
251
277
243
552753
292
251
267
304
106
23
358
358
210
69
267
263
1322
264
10801
2094
270
9693
271
273
266
272
2930
291
1585
241
2530
276
282
181
537
271
34442
263
6293
240
290
287
297
290
29376
3580
538309
528464
361
536113
527415
533398
291
290
308
257
275
310
255
231
318
246
281
287
246
249
357
273
256
261
263
254
240
257
276
320
256
256
269
260
273
260
256
275
125
235
253
245
268
509940
5323
247
359
256
308
264
274
269
262
361
502740
303
241
288
361
361
361
288
239
225
253
240
263
270
302
266
267
267
262
303
268
296
272
266
283
271
11921
297
276
266
299
299
262
308
268
260
269
243
267
272
5021
5718
275
294
263
282
285
303
306
261
252
266
251
269
290
295
318
301
243
258
361
265
270
291
254
355
263
361
303
222
229
279
244
361
361
361
306
5262
5159
361
361
361
361
361
291
361
361
361
361
265
447
410
4489
377
1036
219
6044
299
407
3157
396
419
3082
3016
31192
394
668
486
361
1006
257
731
842
439
371
361
361
361
371
361
1464
272
399
361
94783
399
413
460
162842
26261
361
361
361
361
270
232
5705
278
65648
5654
588
361
361
462
419
361
361
1532
386
237
856384
369
514
521
6102
6189
392
2710
361
433
401
441
467
2303
2122
3113
3562
3619
417
361
361
379
400
457
1691
1542
405
384
1074458
1075146
2449
361
361
395
11188
407
617
446
361
438
378
429
361
6150
230
255
371
361
361
361
622
361
361
361
361
361
410
361
361
471
387
423
24529
361
405
425
406
431
9745
656
445
368
2799
2036
765
915
3976
2835
465
296
1232
420
976
434
390
361
556998
4233
4359
377
406
361
533
8715
361
361
6025
247
3810
421
420
12771
13450
398
406
45883912
45884576
45883932
45882960
361
361
361
504
430
7801
7786
381
214
361
361
361
409
397
359
436
271
360
361
361
361
433
367
379
398
2224
361
411
431
401
378
246
421
4419
267
283
423
257
2307
2426
409
361
361
120324
224017
240518
3453
468
1622
1716
1716
276
133
311
931
386
3310
3361
413
361
424
528
314
310
281
277
361
993
853
386
464
377
277
302
252
361
419
402
361
231
388
454
396
365
235
21377
469
388
277
8296
8025
7626
7503
377
458
2596
2466
361
492
389
1268
1384
6047
5911
5718
6204
170
423
1651
361
361
298
242
394
361
4324
8538
8463
361
361
361
361
361
1978
1927
2086
217
595
361
1184
470
378
273
361
361
342
310
268
361
429
622
6833861
6834405
1618
435
314
376
1538
361
361
4039
4127
292
380
501
368
296
286
415
1885
419
302
308
358
246
253
802
878
264
261
3876
3679
228
259
258
396
420
264
500
249
222
2110161
2110538
228
444273
443925
443780
682
557
643
348
257
2320
286
2074
262
260
293
464
458
575
271
244
228
1017
361
361
432
249
234
6281
6326
436
753
248
259
228
428
398
390
464
232
399
408
300
279
310
302
301
238
361
361
278
280
323
418
272
271
297
269
236
245
238
254
462
361
361
361
361
361
361
361
361
361
361
304
255
281
361
361
282
244
308
261
264
266
662
290
306
303
296
254
227
246
237
252
261
257
258
282
395
244
290
240
221
375
522
296
284
255
260
246
242
426
91437
266
68620
91399
270
91471
90712
91370
90606
90562
91561
91362
91521
91414
92432
92552
91771
294
193
92590
92250
306
329
238
289
236
224
223
292
615
504
273
250
415
325
287
234
412
265
251
264
248
304
319
293
282
196
230
1692
481
245
208
301
658
3152
3385
244
11254
11130
11023
10688
10308
10437
285
261
267
251
269
947
672
645
292
263
316
305
270
320
254
235
285
244
267
361
361
241
235
308
360
236
290
301
228
302
292
361
361
361
361
439
274
312
209
402
445
361
361
379
522
410
1170
223
279
417
307
579
6314
437
402
397
377
1011
1099
215
397
239
245
112978
113683
2958
1265
361
579
485
1232
1114
1108
361
8811
8759
13538916
13536171
13531566
2341
361
361
482
442
361
361
410
2220
391
2934
437
363
532
393
381
230
436
172
5221
1017
415
361
430
2247
2073
1656
1433
41
361
215
217
671
489
29
237
581
370
440
496
361
361
411
388
279
306
341
370
413
361
300
361
288
311
421
361
360
216
284
90
591
481
625
22296
22377
1729
431
5325
230
361
350
352
31260
345
333
347
117937
128931
237
361
251
124352
361
34412
49862
89824
74334
275
239
100163
245
361
54198
357
253
361
361
361
14720
361
43197
275
361
361
361
361
361
361
278
299
246
321
286
246
257
262
173
262
269
306
361
361
317
258
361
4161
2975
1329
10872
9361
171115
213721
221759
61833
141098
140351
41869
163322
20425
285
268
264
1019
265
302
5072
6813
361
411
767
2186
2377
2730
393
503
294
370
361
361
361
361
10444
10339
6132
247
303
3739
3710
3596
361
361
361
1522
2281
2393
279
389
412
337392
397
295
423
361
361
2407
2297
2427
2003
2105
405
416
372
1001
909
306
255
376
368
388
361
361
361
236
432
221
256
238
417
539
430
356
424
444
440
327
423
392
387
361
371
296
225
263
429
361
244
426
405
370
402
452
383
420
7224
2734
2823
361
361
311
572
399
384
408
720
784
425
629
1264
1147
361
448
400
364
400
373
428
412
460
369
427
384
424
395
395
361
361
441
201
726
2381
361
2532
4777136
6587
412
223
246
408
361
425
388
529
395
399
467
6088
6056
6251
361
368
378
6056
253
443
15290
475
447
2681
2831
361
5558
386
401
400
9626
9684
9852
430
508
458
413
473
361
4112
3990
3792
3636
361
393
509
299
403
237
501
426
361
428
474
2559
587
676
420
560
406
3026
2871
818
4696
4791
244
271
481
436
341
417
1340
2032
234
456
987
921
3483
361
59
334
579
361
361
361
361
361
361
243
361
372
291
253
361
1068
1797
1843
269
361
272
235
5632
5532
5696
1700
1865
360
1746
236
1325
297
1037
942
901
230
298
303
259
271
381
302
1112
282
243
367
1677
2269
566998
567705
361
240
256
254
1790
2175
232
993
956
433
395
1483
1175
214
7535
7408
257
361
413
471
20092
13199550
6087
3205
3669
7807
3960
368
905
238
361
361
361
253
395
420
1200
1082
215
803
6069
6002
361
298
444
1114
1206
1199
1004
361
241
295
218
1510
7984
8753
361
1559
1512
371
224
375
217
257
310
305
625
859
1004
1546
237
7922096
295
249
271
241
466
437
368
469
422
1780
282
236
361
459
1821897
252
1577633
1577884
1578128
281
287
242
235
236
241
239
2620
230
310
1259
474
273
242
244
303
308
282
255
294
1882
298
635
378
276
281
225
234
273
293
292
251
361
300
309
247
279
236
277
280
563
216
300
274
354
245
223
1883
75210
75376
300
1908
310
250
307
263
290
254
465
256
219
268
287
255
455
598
230
250
1078
1239
264
416
424
227
368
381
301
361
311
243
1277
1085
1168
23680
327
247
597
552
279
361
293
441
373
302
1961
520
434
275
382
284
268
433
392
446
378
3821
217
510
471
1172
505
395
501
431
311
396
386
378
508
241
371
518
361
361
361
377
278
294
1369
1278
361
253
418
418
287
238
219
310
342
264
415
410
361
298
853
8226
419
446
371
361
1060
1151
6039
389
987
923
1014
428
370
431
390
415
296
361
361
6096
422
252
361
284
262
7966
7760
256
242
259
412
424
2620
361
70826
361
35094
155241
156178
155332
361
156436
155706
156470
155460
156134
155487
93259
93314
93897
93896
361
361
39147
361
361
361
361
538
132959
365
5691
54988
54106
53996
54115
61428
361
61166
1754
14987
361
361
361
361
361
361
361
361
361
1700
361
361
361
361
361
361
361
361
361
361
361
361
361
361
361
361
361
361
361
431
488
217
415
1608
1530
85212
85143
84442
413
4134
96940
96216
243
470
408
868
784
115460
116201
55953
8700
43136
43710
103974
49873
361
20060
86026
59744
86056
361
46429
45864
46402
46450
45424
7765
7475
38191
37545
38481
2271
38514
37547
33047
35598
38759
38055
61926
61993
62596
61906
62628
484
62676
61379
35682
35086
36069
35276
60625
60686
62129
34548
62360
361
361
62147
61397
35364
35346
60134
60084
59520
59067
59200
43549
58746
59532
59521
59511
1501
361
409
26506
26355
26340
25267
25421
26867
26238
25393
26077
26209
25566
16489
361
361
361
2660
239
361
361
361
103211
103816
103641
102941
103730
413
103194
98467
98370
962
905
96290
95490
96394
95607
96960
96150
96991
96239
96861
392
387
411
399
99590984
99591408
292
2629
2592
280
256
101
296
271
232
3309
290
252
263
1386
429
232
249
285
231
433
434
314
395
439
230
257
361
404
242
262
240
427
283
299
267
268
218
241
234
278
44
256
258
429
298
237
448
370
361
361
361
256
434
361
361
656
569
753
381
443
453
687
6067
299
39811
1493
38185
3552
3652
3533
383
463
374
463
84989088
2662
42798
2901121
2901799
2892867
2753603
2754248
2753579
264
2865971
2861898
2861095
2860789
2860653
2714668
2874487
2874567
245
226
221
6953
313
2948
253
402
4950
47335
416
882
357
428
361
361
313
359
2018
423
407
1341
2491
2352
59107
369
361
265
19
2230
2313
1469742
268
234
263
221
388
1623
361
410
221
383
407
456
10446
10353
233
1184
1132
248
443
441
216
287
19020
19151
9586
869
361
361
360
361
361
361
361
361
361
395
6092
6145
378
560
495
363
397
261
460
76
361
361
406
452
379
366
475
430
278
177
29
177
1034
452
384
428
1100
1714
391
393
441
412
1804
2507
405
853
418
403
4459
143
435
25479
371
2915
406
420
410
399
390
402
240
1087
399
398
316
4809
1852
1746
1787
241
407
392
317
405
361
361
1177
1044
342396
370
430
387
422
361
1460
1692
1646
291
409
1247
849
772
4813
2024
1885
3075
3194
448
373
361
411
447
467
394
240
2612
2546
212
326
361
361
361
361
438
6483
6073
361
406
409
251
268
140
172
31
412
451
325
6088
525
413
386
473
492
387
437
1330
1248
522
308
360
271
1991198
1991791
273
399
223
361
4555
267
365
445
404
414
1111
248
292
397
6152
6106
6126
2198
2088
359
411
660
101752
270
301
230
281
315
2253
3845
361
7364466
361
361
361
361
361
361
361
361
1244
361
7357426
361
7357068
361
361
361
361
3164
361
403
1530
248
225
1470
306
230
311
259
302
260
147
28
1170
396
361
314
802
940
251
300
615
470
581
378
459
389
406
306
335
291
251
254
306
361
310
275
13990
152639
302
361
307
245
245
259
230
320
7482
225
250
302
5045
4942
258
361
361
361
361
361
228
237
284
266
273
268
1164
1521
290
303
311
231
310
286
282
273
361
361
361
361
257
409
311
281
255
283
360
252
361
361
315
341
1642
361
265
450
249
304
287
288
268
283
308
275
293
410
270
262
258
264
305
255
263
297
330
280
248
246
308
245
413
245
266
243
79
300
312
392
414
255
451
502
384
279
264
267
295
408
507
1965
871
224
258
271
278
245
258
256
267
301
279
250
262
651
272
1195
231
381
311
273
393
902
222
288
252
246
275
328
684
244
217
253
238
267
284
984
230
239
2424
285
219
273
274
252
240
263
284
284
344
419
406
515
296
441
312
308
250
319
505
264
260
1096
307
215
258
276
396
361
361
291
306
295
321
238
222
2650
317
549
298
281
249
265
277
361
328
251
227
259
306
542
274
246
245
297
267
302
254
315
382
1045
275
256
361
376
279
717
262
302
754463
754926
230
670372
644999
645158
312
908786
903906
275
271
224
290
221
265
230
285
544
376
389
289
361
361
361
361
361
1523
1356
1448
1869
446
2689
2622
353
386
371
412
412
2856
7484
4485
4591
396
361
251
266
21716
22131
22248
1942
2074
269
569
406
500
388
444
427
484
2446
8522
407
483
1045
860
361
112740
528
6055
411
453
259
385
362
3007
2089416
488
421
282
361
20410168
20410102
787
314
361
361
427
271
303
407
16124
15369
19638
19696
379
11587718
367
471
361
746
674
275
320
382
458
499
406
418
308
244
411
308
234
55417772
475
454
285
376
366
395
361
426
332826
332663
399
504
419
433
409
240
241
2404
268
10059791
7294706
424
7037659
236
2533
44929280
302
296
6051
7006729
256
6900065
6558215
6171095
316
260
361
361
234
361
361
311
278
300
421
361
2387
257
270
21691
1658
1680
275
628
495
251
361
236
5601
239
7596
235
266
361
293
361
361
12922
2388132
3774440
240
254
218
315533
180523
304
361
361
361
1383112
1382667
288
257
361
228
229
100453
243
305
254
34924
244
361
261
361
2563
79
245
3634
38258320
361
302597
300
4126167
2280
2242
717762
689482
688718
688604
459129
366
361
361
361
296
311
305
310
265
283
256
3619086
279
361
361
361
7238207
7238344
5831550
361
361
5783431
5783282
5731088
5538046
5509750
5502618
5438329
5438823
1770
5294053
5294388
35074064
8763
9234
444
395
266
262
242
361
361
361
361
361
403
361
361
361
361
361
361
361
361
361
361
30282384
30282918
285
262
232
269
370
294
17295
17529
12395
237
1208
1028
361
2605246
430
262
265
373
361
251
268
2864
248
25446844
25447282
361
1923
271
328
686
288
291
396
163713
306
286
555
302
25680386
25620698
25535338
25535508
257
280
263
389
425
392
366
410
384
361
361
361
387
388
426
229
498
260
2320
1801
1638
434
424
393
2216
391
371
435
25959
264
361
361
736
534
423
395
416
379
975
6117
421
439
3301
361
420
392
232
361
361
361
326
185
288
334
286
2159
237
261
361
361
361
361
361
361
361
361
361
361
361
2708
2342
361
2227
1363
2696
361
361
361
2254
2321
361
361
189
361
361
428
361
361
361
361
361
361
361
361
361
361
361
361
361
361
426
361
361
361
248
880
361
361
361
361
361
361
361
361
361
361
361
273
2597
256
384
425
285
244
496
258
436
463
450
442
489
381
487
432
392
280
257
246
218
275
272
263
283
415
485
408
6476
6565
431
448
361
361
361
361
271
959
1782
1159
6080
6167
405
323
253
428
328
412
436
409
209
225
361
361
361
361
441
388
454
424
300
282
364
422
433
384
295
400
237
317
382
306
304
306
280
368
308
2268
375
439
525
983
443
389
249
475
14365
13893
361
361
375
361
327
411
382
392
406
361
383
402
949
264
257
368
473
260
259
248
410
361
361
361
361
361
6066
6144
25657
25564
26338
361
361
361
361
361
361
361
361
361
33645
361
361
361
361
361
139261
361
361
361
36888
18130
18868
18218
18940
36223
56973
17663
37101
361
18767
19487
18811
19407
19526
19345
18637
18681
18841
20045
16074
20056
1538
1416
10894
20706
9819
361
361
361
361
361
276
373
361
405
225
1944
5663
220
439
3507
361
381
191
127
242
402
228
300
4205950
4089887
4090073
4050535
305
456
272
255
7794
274
273
278
315
258
1653
267
491
221
361
361
361
361
361
361
361
361
361
361
361
361
361
361
278
2578
252
5555
179124
228
473
248
111
275
297
679
262
314
2470
2539
1268
305
270
279
421
316
403
289
317
239
253
279
361
326
1675
260
256
260
249
312
361
512
275
276
281
254
290
550
294
255
252
283
371
271
242
294
290
278
246
233
272
246
227
275
220
305
277
278
279
277
306
248
270
247
268
238
233
242
254
314
240
257
273
278
262
253
270
233
243
246
269
262
257
259
259
238
996
311
326
279
397
234
249
263
238
268
1691
277
248
292
1893
275
227
116
295
215
299
294
313
470
274
385
227
269
249
267
278
311
253
310
224
253
4059
249
233
281
308
256
234
251
302
312
294
243
303
703
246
30249
30353
238
324
261
248
300
233
323
319
394
302
5144
5055
1283
221
276
237
229
293
294
464
422
254
262
257
4011
3853
253
269
259
280
806
259
307
398
225
457
249
250
264
246
274
297
262
244
234
313
252
281
239
230
283
631
433
273
279
243
299
228
310
369
406
245
361
294
278
236
296
249
252
259
266
261
255
757
1038
941
259
424
662
5370
264
249
221
433
7571
7670
323
2055
419
408
390
392
438
400
373
416
236
479
251
408
501
383
422
38149
4841693
4841252
987
302
361
361
361
361
361
316
270
234
260
241
1723
326
448
242099
361
224
57283
5036
9952
10082
366
467
407
391
361
361
361
361
361
247
386
403
361
361
247
237
6233
421
447
415
386
1476
909
1049
1336
1502
271
410
310
361
304
274
211
1445
223
255
92
414
361
361
307
361
361
361
293
99487
99967
307
220
641
433
377
4689
252
18478
18543
3994
830
116
1
307
288
233
361
361
265
361
415
361
400
386
511
424
11298
5225
5353
497
388
311
289
287
361
238
277
263
313
1669226
417
392
229
472
408
428
237
489
380
526
3937
369
251
277
300
257
265
319
284
217
256
918
270
407
307
314
421
423
1988
2267
234
290
260
307
361
361
361
266
361
361
361
236
301
361
361
277
270
432
393
390
447
553
411
361
361
266
461
419
361
5957
5781
10434
11063
1400
8939
9019
4414
282
11592
11432
11479
421
470
497
537
601
361
361
2560
399
389
255
538
397
361
231
440
377
226
292
411
362
320
261
1054
1161
520
445
564
415
550
361
234
361
27
6076
6195
361
7761
404
275
4125
385
395
395
381
1142
1024
7370
373
106997
107687
239
249
5579
229
499
392
8226
428
447
386
458
523
361
6262
370
391
410
417
421
409
244
361
361
303
361
238
4356
4473
406
422
410
418
264
443
294
421
486
431
245
261
217
361
242
459
436
378
290
453
380
783
789
361
361
361
361
394
408
368
480
404
493
401
380
441
401
442
395
441
410
623
10741
411
424
367
406
386
398
1336
1394
619
149
396
427
261
361
361
361
361
380
8428
2512
812
8262
8146
8095
6835
6715
6824
272
248
420
411
251
410
6036
485
2417
429
418
229
6156
361
361
361
4045
361
361
153
42
1399
975
1390
529
313
363
231
417
390
260
804334
803495
6118
229
272
1254
1300
361
361
942
3705
282
414
244
248
163
272
278
283
237
361
361
361
361
361
361
367
253
366
282
380
257
369
418
246
303
301
323
304
317
277
361
311
388
193
284
1067
261
221
285
223
317
264
287
233
314
292
257
261
298
361
240
308
1078
955
966
240
263
287
243
297
248
288
250
249
250
353
234
310
242
257
293
230
325
230
298
303
302
325
243
297
244
2206
234
225
682330
682187
681489
248
286
291
157
402
1618
1713
563
97
477
267
312
265
269
247
292
268
306
214
263
221
235
302
361
288
268
361
284
282
232
246
811
705
2433
2344
2445
652
272
216
284
95889
284
361
263
447
374
1533728
5766
361
361
361
361
262
397
502
421
239
418
2866
455
388
296
262
310
279
1037
361
458
399
384
402
304
266
448
368
449
361
835
3122
3021
2936
361
361
421
1228
535
361
254
433
356
409
401
218
235
6642
441
127
407
443
393
298
1733
1746
267
237
433
396
263
537
429
390
373
378
14891
409
275
361
361
294
411
366
414
411
396
416
549
399
398
522
1509
238
258
254
279
237
107069
3440
366
454
1255
521
420
1212
254
356
243
185
361
272
250
2631739
258
361
361
361
265
267
243
270
254
19640614
19640398
286
19619082
295
361
361
274
19605412
19605572
406
361
361
1167
278
361
242
22988660
22984760
232
284
361
305
361
229
22592632
22593450
22590904
22587594
22587496
22586990
21564878
22530628
22530714
24911614
361
429
268
262
361
361
361
361
361
1131
274
361
361
361
227
251
361
361
361
269
298
361
361
458758
361
1017305
253
361
361
361
361
361
361
361
361
361
361
361
965
290
1685
261
260
68847504
305
328
367
409
403
5386
5248
512
231
1151
1302
263
267
266
288
306
309
266
385
417
216
2368
255
74
361
361
416
429
296
286
315
402
378
410
275
402
414
423
488
228
2803
2710
2821
275
279
2601
25543512
440
391
435
426
404
268
1953406
1953577
1952644
306
242
712
386
398
300
1155
1300
1391
212
59
361
265
383
361
361
2114
1987
312
233
276
283
244
300
243
312
5198
259
426
283
311
43207
268
1119
1284
232
2563123
418
399
239
304
431
320
319
361
221
2478
1876
1698
429
848
218
244
466
362
361
361
6485169
6184
6054
361
361
361
780
647
794
787
404
200
360
403
381
1429
1520
222
254
6244
5438
60
298
606
361
361
361
361
242
361
2035
379
468
872
819
384
443
3088
236
388
166
11
610
428
701
769
2980
260
269
402
2046
1905
544
312
390
245
420
250
442
410
244
361
361
501
391
380
462
246
361
361
2744
251
398
385
237
255
352821
352501
269
269
259
307
312
723
239
268
361
361
367
263
1667
1649
307
4472
573
482
276
293
256
232
267
485
361
274
288
301
223
272
379
258
1234
263
266
267
361
361
361
361
361
361
361
361
361
361
361
443
361
361
361
402
361
361
361
361
361
361
361
361
361
361
361
416
361
361
361
361
361
361
361
361
361
361
361
361
361
361
361
361
361
361
361
361
361
267
329
239
1057
241
305
244
387
263
266
278
305
307
279
296
300
361
19761
458
402
290
8509
8660
316
282
491
394
412
436
282
284
361
361
361
361
361
808
1059
1214
299
252
298
387
285
384
330
278
258
308
222
324
310
261
286
234
318
290
328
361
247
260
317
248
277
253
248
276
250
3549
361
361
216
234
1140
277
240
326
289
3051
3056
290
268
311
437
411
326
460
392
314
282
251
253
318
256
247
212
25
267
311
301
231
233
250
240
307
294
223
304
244
259
271
290
249
284
261
283
317
246
244
317
254
1074
271
315
309
245
361
361
361
251
15803
383
370
374
384
220
396
411
312
257
277
229
252
237
327
394
244
243
237
218
222
253
247
641
504
244
231
309
262
2154
276
485
1407
237
274
640
491
290
647
276
209
228
223
260
302
462
218
55
776
276
242
226
274
232
251
237
252
243
371
226
259
257
260
253
245
360
266
243
244
1057
215
361
361
244
285
267
258
901
950
283
217
731
296
240
272
438
233
297
267
259
267
260
282
299
293
292
280
276
263
292
261
286
456
390
307
465
214
265
238
284
259
287
358
308
225
273
468
234
230
147
2589
557
1916
679
306
246
266
236
242
243
289
533
261
226
388
469
440
486
250
253
4710
262
295
296
395
410
263
243
387
257
1281
1152
272
444
284
238
270
408
231
223
436
277
307
236
241
260
225
279
260
235
277
1499
429
268
113669
114486
238
247
270
234
330
361
361
266
361
1164
4769
4928
5496
361
361
361
361
2197
474
416
272
1395
1259
1108
985
361
248
244
252
2262
6035
220
361
1618
545
673
305
230
401
395
473
2196
355
382
224
419
240
302
361
361
361
361
379
277
409
392
373
111722
279
470
414
360
361
902
230
467
246
265
299
239
282
88
319
294
289
294
299
589
541
1254
1790
221
361
361
220
262
492926
361
936
778
551
522
651
404
361
235
1659
361
403
276
361
361
283
215
147368
147405
308
29654
683
633
2518
2434
2418
2630
86567
685874
685685
685100
257
185
28
2794096
361
2793945
361
2270
2392
361
2789605
235
1996
2120
361
361
13908
204557
204649
286
283
274
322
310
242
272
5558
301
246
228
224
361
229
989
1056
245
247
289
288
264
6557
6421
6430
243
293
231
94
365
415
772
649
558
275
232
3928
3742
268
416
361
237
459
361
361
606
373
222
595
6072
267
11984
11470
459
413
4800
4663
1103
1164
477
259
314
278
880
606
379
361
361
361
361
361
361
361
237
361
361
361
361
771
361
385
737
619
232
361
380
275
265
275
377
239
784
235
209
4166
421
361
419
324
475
403
231
249
465
361
361
886
261
281
360
272
2943
258
2578
566
392
415
291
375
472
394
413
365
904
850
273
501
308
258
1489
1414
1338
1544
373
361
2086
267
266
220
241
162081
162598
2282
530
3502
457
168
279
566
399
48846
445
381
387
399
487
435
381
62466
283
302
158
594
439
14981
260
287
476
59
369
412
2502
361
361
361
361
418
264
835
1702
1526
230
398
230
1626
228
313
282
312
315967
3291
182703
180693
282
273
268
274
361
361
243
267
361
275
265
269
262
281
296
302
258
266
309
303
281
278
268
285
265
277
295
267
90212
295
311
277
263
325
305
301
275
332
291
273
294
296
303
306
281
301
261
297
299
265
277
316
283
361
422283
45933580
361
308
307
294
306
267
300
295
293
276
292
311
277
45865784
45866512
294
296
270
284
251
307
260
306
251
305
261
291
273
254
253
282
267
260
296
308
323
314
361
361
269
1826
1353
86
361
528
290
270
270
297
222
300
314
296
272
279
275
253
250
270
271
294
258
9604
361
361
306
361
5412
25425
361
361
361
361
361
361
361
361
361
361
361
361
25402
361
361
361
361
302
296
255
1959
289
258
252
361
361
361
361
361
361
361
361
361
361
361
361
361
361
361
361
361
361
361
361
361
361
361
361
361
361
361
361
361
361
361
6612
17447
16678
361
361
361
361
361
361
361
361
361
361
6617
361
361
254
249
6322
259
361
361
361
361
361
9987
361
361
361
361
361
361
361
361
361
361
361
361
361
361
361
361
249
356
267
361
361
361
361
266
361
277
361
361
361
361
361
361
361
361
361
361
361
361
361
361
361
361
361
361
361
361
361
361
361
361
361
361
361
361
361
302
254
302
295
273
296
260
259
245
286
268
294
299
270
290
303
294
308
275
361
255
1194
2146
6793
121
361
266
6032
6667
6854
322
12672
4158
4719
6766
273
264
300
238
259
296
279
256
582
2584
361
361
361
361
302
264
226
237
259
307
239
297
253
717
589
267
265
299
296
265
452
489
234
237
261
302
308
240
292
271
241
259
241
278
260
228
227
404
266
229
252
372
260
244
272
282
274
252
3728
459
357
475
2080
1996
49673
49012
49654
49052
28247
28636
27990
9266
361
361
6098
262
3341
3279
233
519
297
414
6059
6101
590
391
297
361
287
361
390
431
244
393
479
221
399
419
257
269
401
407
269
2538
2616
516
218
54
84
386
82065
81954
270
11538
11399
230
236
361
422
6048
361
566
10163
459
371
360
361
393
9668
222
426
598
397
436
29734
361
52931
52929
53566
53718
61077
63532
361
349131
349497
361
361
361
361
361
361
361
361
1955
1750
361
285539
3186
408417
9942788
361
361
361
16647
361
3824
3959
384
1251
1326
361
1339838
1208044
589
498
243
2785
263
396
428
376
539
379
239
262
361
283
361
361
361
361
361
361
361
11756
6926
7039
4606709
4606443
4471921
382
314
296
299
296
321
322
298
361
286
307
316
308
262
1357
308
3784012
309
316
303
951
270
361
361
842
282
361
361
361
361
271
284
272
281
276
361
361
316
304
361
394
360
803
711
560
642
381
365
244
267
247
445
369
411
5069
236
338243
246
272
221
212
236
274
253
18290
430
247
260
264
3296
270
300
55339
280
306
5347
301
55149
305
255
298
258
308
280
301
270
308
47418
267
302
312
294
261
280
4444
310
300
281
256
360
19159
297
265
110
2468
262
310
297
275
301
295
280
158
126
5184
1105
406
11276
263
16590
10186
306
275
11711
270
4057
636
15533
290
14560
9269
14
23734
25296
250
243
293
301
13339
235
5423
299
299
243
309
299
237
230
267
361
6921
2429
322
272
294
266
276
1540
285
9696
4591
12956
248
324
318
309
2384
272
299
74
98
130
290
301
631
3016
192
1606
937
1786
800
252
281
13164
309
292
221
274
237
236
276
2177
2095
248
316
308
245
4258
279
54382
311
300
361
302
281
42
732
323
295
254
266
315
2379397
2379885
406
247
1944
1973
397
225
4339703
1499
175729
361
1272819
1272959
361
361
278
501
361
1618098
318
284
311
361
361
361
361
361
361
361
361
361
361
361
361
361
258
246
361
360
412
409
286
779
885
174037
29164444
29165336
212
361
49682
49023
410
9011
397
393
385
436
381
241
421
409
361
361
361
361
361
361
361
361
361
433
732
20
411
389
368
395
441
365
254
253
242
2136
2182
288
1992
2170
391
450
361
1618
976
842
953
1066
461
266
415
424
361
361
361
309
241
222
297
260
295
361
361
384
407
4175
4218
397
255
198
176
92
278
261
5504
429
253
604
307
244
57050
57229
57573
2233
2094
15741
14953
252
361
361
361
361
472
2568
521
634
361
306
614
790
277
228
361
406
465
372
234
410
388
386
361
598
700
503
443
251
1333
1253
380
3059
266
280
256
488
960
277
387
283
300
2553
227
498
396
425
454
420
255
221
276
261
281
355
235
361
264
283
486
390
267
294
254
287
262
247
5857
236
914
2231
361
279
310
400
308
6125
309
302
212
271
422
246
388
361
420
397
265
311
297
410
412
1168
361
361
269
272
500
309
261
359
236
272
259
275
376
330
298
287
291
267
242
259
259
255
256
5986
6261
10244
9718
9594
5583
3724
243
361
361
361
361
361
33
317
306
361
261
221
288
262
361
407
273
257
252
298
331
390
361
361
361
264
407
231
402
252
223
234
453
410
214
223
360
327
420
290
123
375
307
268
261
391
399
361
280
252
255
289
248
253
303
316
272
370
287
285
778
526
289
361
315
564
361
236
700
511
275
247
261
488
243
316
295
295
272
228
288
315
308
270
268
261
301
243
247
256
262
313
243
237
314
263
217
254
256
293
283
439
334
856
393
299
1374
1200
240
261
360
268
13102
13010
12503
245
370
361
361
361
265
273
317
415
264
299
248
284
214
292
3159097
3158338
321
294
274
225
227
197
382
361
293
293
272
266
3013
237
284
693
251
259
273
459
236
380
361
361
361
361
69961744
248
633
396
19783
266
327
282
21705
321
306
327
385
361
342
286
309
280
262
267
252
89240
271
406
476
436
362
4998
1543
387
24681
24779
9537
546
395
430
361
361
361
361
224
499
392
361
1035
255
361
280
1406
1495
446
246
302
382
276
432
394
411
229
361
393
275
452
411
361
241
241
438
384
436
361
2001
250
2482
361
361
361
96
2358
20
2775
2182
3023
217
263
361
361
361
361
387
5634
5717
967
891
361
396
398
399
459
399
1402
361
273
459
421
3271
3211
529
240
447
280
219
407
184
153
413
396
604
229
436
361
361
4449
4668
373
360
455
422
361
430
263
269
225
407
272
259
693
508
1736626
1737201
1670659
1670266
404
3405
885
1001
1022
231
6397785
6397678
679
23669
1051
233
264
669
239
531
233
275
40354804
40354548
40354420
39986388
39986680
39986836
510
39892128
393
39504740
39505224
39363520
39363440
39362952
64845
64967
360
5285
227
241
56378
14697
46036
30882
132677
851
4182
4140
3377
259
241
361
361
361
361
361
361
361
361
361
361
361
361
361
361
361
361
361
361
361
361
361
361
361
361
361
361
361
361
361
361
361
361
361
361
361
361
361
361
361
361
361
20458002
20457774
20457520
1162
1266
361
4596
407
476
511
291
237
301
2057
2149
2498
17912
422
239
211
361
63311044
273
285
267
220
233
310
253
288
228
269
226
238
270
359
254
282
254
254
300
273
229
273
128060
128918
242
243
249
361
282
234
306
279
278
278
315
293
361
361
361
264
361
321
234
361
298
2988
37482
37412
361
361
256
273
361
361
291
248
457
430
372
361
361
281
355
296
361
388
395
236
247
261
399
292
367
401
1037266
1037391
2347
783
244
322
254
406
370
25426
400
361
361
299
1386290
1386742
478
617
361
361
263
6115
447
406
5253
361
336
361
361
386
376
402
437
382
475
404
471
272
363
417
382
496
271
420
415
5583
5621
269
441
365
239
416
624
365
376
390
17044
17652
246
262
269
290
231
232
478
386
360
266
248
178
407
398
75120
370
361
263
251
580
577
716
273
273
219
437
242
259
260
305
228
1738
310
13488
13459
13620
893
241
342
251
273
225
304
4660
204
311
271
305
689416
690151
5158
279
220
241
333
243
351
372
454
276
308
260
294
323
361
240
257
63087
225
422
402
236
256
253
690
537
232
270
248
241
1215
229
1357
297
361
361
361
361
361
361
304
253
238
284
240
310
383
793
857
281
318
243
361
264
216
273
274
361
361
375
263
398
242
240
308
224
263
361
361
278
361
234
376
361
291
1225
1537
442
106953
390
286
378
273
22565
19968
365
284
234
277
1061
1621
166488
313
423
932
7237130
13028307
21712550
21554854
14691
406
426
217
361
29019
28871
41876
361
361
342
39045
251
277
1073
1272
1480
1428
1300
1509
361
387
462
292
801
299
664
220
5281
311
1343
1129
12126
12033
12142
242
2208
2406
447
267
361
361
361
361
312
478
410
380
372
554
231
449
78162056
99512984
78180696
78180568
1126
385
232
214
424
7020
463
393
480
2085
2248
372
384
361
361
361
361
361
97381
390
361
361
361
522
412
394
421
282
262
305
295
257
372
421
426
383
377
361
4294410
4295929
4295300
361
3792604
3789787
269
258
250
275
240
299
266
297
502
594
231
361
5072
242
330
238
268
259
232
251
248
262
291
311761
275
240
284
636
245
266
570
487
983
496
1205
254
3043
241
1619
1518
233
240
409
269
256
248
269
1534
262
361
361
361
361
361
490
240
1666
2212
833
1380
3132
5817
361
361
361
361
361
976
534
423
390
355
910
871
361
361
361
361
361
361
361
361
361
361
361
25202
361
2277
2230
219
610
664
361
361
276
2115
360
420
419
6849
6763
563
271
225
604
493
269
287
44
18
1337
624
260
246
237
289
402
313
243
296
243
285
407
361
296
925
978
2012
1925
263
361
361
296
250
304
1180
361
361
361
361
361
361
361
275
361
361
955
861
361
361
361
361
361
195046
395
251
371
2363
2208
2361
264
187
99
49140756
257
2824
2734
2876
172
604
2143
3154
1407
1502
1563
381
361
361
596
297
805
622
830
4216
4051
3842
3554
3438
7103
358
289
456
596
794
378
390
417
243
401
364
361
241
231
130551
554
398
1538
362
272
267
265
243
391
386
440
1132
262
1998
2833
2764
2626
423
359
361
438
305
405
378
279
262
251
419
21350476
259
398
448
623
760
245
389
430
361
229
307
227
301
300
279
218
299
361
824
361
294
259
361
305
295
251
269
286
255
361
392
267
298
255
296
390
361
237
290
293
297
431
261
398
246
259
268
308
327
237
232
265
245
320
249
457
292
230
223
212
304
6195
6085
317
398
410
361
411
393
277
852
386
285
283
248
272
240
277
256
3213
252
396
310
244
370
468
311
255
362
317
242
327089
327278
271523
134396
134169
244
296025
282977
282251
276671
276572
275575
275126
274945
279
322
261
223
238
289
229
266
264
264
321
261
633
251
311
1578
249
227
287
305
288
304
240
272
268
244
273
297
1725
248
906
717
266
294
506
232
637
249
1159
238
316
237
268
242
237
299
298
219
271
196956
261673
259
298
422
312
307
16923
361
11193
5596
361
361
25009
22801
33500
38043
47555
361
8206
330
361
361
339
361
361
233
242
2059
1375
652
361
361
361
569
361
361
5931
822
326125
821770
31352
1049334
12902
279188
294573
236
212
559225
619757
101451
212
495045
45618
450889
663523
442031
104369
554724
295
159310
361
118738
222
324605
244
272
60008
211986
249
250
246
361
395645
473807
216
231
215691
262
281
225
285
231
361
255
273
279
361
361
361
361
361
361
361
361
303
361
361
361
361
301
500616
500657
5197992
5102999
5103125
5058883
5054926
5054120
1724636
1127
923
238
471
416
243
569
456
398
392
360
167
398
1422117
1421447
262
361
361
361
361
361
404
361
361
414
408
429
439
361
361
387744
357195
356829
356567
426
361
361
137306
383
315
361
361
366
12
298
258
421
434
361
361
134424
134516
134500
135201
450
396
397
560
384
256
392
361
6168
360
293
398
301
10
361
407
415
2924
237
1287
398
410
249
361
361
388
427
275
53427
53004
276
8304348
1696
9222
230
224
394
316
311
267
252
306
301
431
370
410
427
220
303
407
396
407
3136
288
2477
2633
235
2701
5748
5836
413
264
238
271
1510788
36327
420
314
407
418
361
361
361
361
361
361
361
361
361
361
361
361
361
361
361
361
361
361
361
361
361
361
361
361
361
361
361
361
361
361
361
361
361
361
361
361
361
361
361
361
361
361
361
361
361
361
361
361
361
361
361
444
300
392
469
407
234
3717
24063
24028
405
540
397
2596
80
533
122
402
361
239
432
254
444
274
244
3756
3710
3654
397
455
390
434
283
284
295
390
410
381
9128
98
274
304
399
473
374
361
908
1079
315
2594
2466
2631
400
400
1775
1656
1301
361
361
414
433
361
594
283
4268
4367
228
390
421
286
4528
4639
37
99
310
408
229
361
361
269
2316
361
361
496
428
236
269
418
361
361
619
375
299
388
258
394
1091
294
300
361
361
361
268
316
238
232
245
270
392
518
252
1444412
422
307
267
262
257
285
361
285
254
290
304
210
231
263
274
288
280
311
269
10555
215
237
305
306
248
217
240
4528
4609
255
274
654
588
250
238
243
587
276
247
231
269
271
316
250
273
287
242
240
262
274
326
267
318
245
305
233
303
1363
241
240
269
301
293
235
253
258
251
389
274
420
280
245
242
273
246
293
233
293
288
289
280
235
288
305
237
303
306
306
219
428
270
387
893
246
295
256
3895
3981
319
251
264
233
248
260
243
365
275
310
225
220
237
1301
315
226
310
275
308
302
262
278
1755
361
361
1700
361
275
258
511
389
255
238
396
2011
2178
2431
3722
1133
254
361
73875360
279
82031
37211
42875
42823
42856
237
235
24051
270
361
361
24028266
814
778
355
410
408
469
311
160
72
397
361
361
361
449
563
1142
391
405
445
455
361
361
502
380
232
278
248
1299
1799
361
4604956
360
248
408
460
432
380
361
361
464
399
463
361
361
361
398
16110238
399
363
1218
898
420
445
437
433
251
224
137841
141075
2480
234
361
310
361
275
447
296
730879
360
427
426
256
2962
458
721
447
1363
471
556
399
26566
26681
27006
252
305
458
377
361
361
320
178
475
591
29
86
228
480
218
257
307
321
260
283
733
387
389737
389501
389207
361
276
223
457
412
230
411
361
232
248
31134
31929
260
387
226
1463
953
848
765
361
257
421
305
364
457
4516
390
415
255
4758
473
241
361
245
361
379
244
893
390
512
5068
256
361
361
361
361
361
373
454
599
444
257
619
361
361
361
268
311
413
456
284
309
361
361
361
251
265
11581035
312
36
211
43
285
374
533
582
419
286
274
298
241
295
341
307
361
361
433
278
239
247
239
669
466
241
297
267
313
226
241
301
234
268
290
270
280
271
269
304
313
361
361
667
365
311
289
262
299
163
753
889
320
285
261
307
259
255
243
311
310
89360
119953
120521
119259
289
119483
120181
120329
144549
145393
144653
286
379
73077
270
302
263
236
239
307
255
258
28128
256
270
361
361
361
361
361
383
369
395
24335
24165
398
24957
24033
251
361
361
243
361
361
290615
113086
361
361
361
361
361
245
45795
46522
218
47423
267
398324
361
361
361
361
361
361
361
310
361
256
279
361
273
245
259
361
361
294
286
323
12089
361
361
390863
361
268
361
361
361
291
354
255
278
252
260
272
2050
284
301
245
279
315
310
361
361
318
535
904
1585
8199
264
234
249
263
285
278
310
298
266
265
6073556
239
1993
2267
268
242
280
283
361
303
206
263
270
3854
469
407
325400
324773
324643
215700
214859
306109
141042
207813
207038
207483
207581
403
296
236
1753
1881
2184
935
1457
815
241
1020
240
263
1820
431
400
2683876
3870762
227
259
468
331
361
361
361
361
274
266
1989210
272
922361
922939
913896
268
218
357
361
367
430
413
414
256
265
256
434
387
521
1147
1054
1169
360
438
479
315
280
250
410
245
425
361
23175
265
447
446
383
411
261
245
424
504
245
292
522
7460
7142
7011
286
278
421
377
177
365
3209
6219
438
460
294
259
409
423
239
220
361
499
1786
1705
1783
361
238
262
3189
361
361
478
266
1201
2987
2952
428
243
221
318
262
5029
5244
396
386
219
255
266
361
379
23627
23546
257
240
2659959
2615369
305
296
407
2212543
2202579
2200838
2194332
2132665
2132234
308
425
261
369
304
12385389
312
454
406
382
412
416
1155
1301
361
2921662
217
361
402
6066
403
476
3224
807
377
361
361
2233
287
269
211
433
279
237
235
309
285
263
510
404
406
250
299
361
234
524
463
293
316
244
2525
224
296
427
407
320
288
270
293
326
184
19186
225
431
894957
894615
1469
727
651
1201
1102
537
321
284
476
272
308
385
398
389
256
291
231
301
263
242
220
272
223
241
3122
260
297
304
266
243
223
233
291
242
307
239
275
313
405
314
276
264
295
448
257
253
255
438
289
275
298
310
267
286
318
340
261
1269
1362
1484
289
293
265
361
361
264
240
230
13019168
13018496
292
263
262
78456
281
290
450
480
360
266
266
832
285
309
305
266
271
491
314
290
272
253
3206
278
291
234
252
361
361
361
2191
1547
1072
379
591
361
408
308
217
225
93
73
531
684
280
336
678
489
1542
383
375
244
297
257
240
297
220
54998636
54990940
246
2911717
2911550
1623690
2133548
6032
330
5861
386
361
361
361
66354560
66354744
1115927
1706
280
256
242
558
442
536
436
1788
6
394
396
265
254
1907
1801
393
410
323
361
435
71248
70423
1502
147
178
3041
390
145
412
272
260
266
97
308
312
258
926413
13057
268
2400
58962076
58962200
253
58965460
58966220
58965268
251
58965348
58970192
247
234
252
235
250
240
307
251
277
256
39384
128010
253
277
245
241
501
51353
266
258
361
271
248
310
285
9508
266
361
272
127
289
260
272
361
283
265
271
361
309
280
250
268
361
361
361
361
361
361
361
276
235
230
361
361
361
361
361
261
2401
2560
252
279
292
288
269
238
306
287
304
263
273
275
264
258
265
7870512
9081570
250
236
11806776
8132
11797298
11806734
303
263
5582760
6555
2840001
11796352
11805673
274
11803986
249
233
11803756
269
11800919
295
314
267
260
1191
1080
252
1189
315
269
46199
46858
46801
46926
281
1266888
11465760
361
361
361
269
292
361
361
16153
6480
7019
1566672
1566782
363261
1462829
361
22280
194303
129375
235
809468
261
232
316
834429
244
270
298
301
248
270
265
240
298
267
259
267
249
254
278
243
276
356
232
281
270
246
281
230
283
257
267
270
262
294
297
361
361
361
361
268
2507
6
265
124
396
403
724
81
233
316
828
1284
388
251
361
391
402
262
291
43347
63268
414
266
308
242
281
1747
1942
866
266
302
301
242
3087
270
244
422
361
361
361
556
462
1652
1526
1663
3911
4023
265
393
360
408
431
218
423
6309
6462
361
428
291
1928
385
420
407
418
412
375
419
246
378
216
288
255
255
249
262
361
361
435
658
300
4244629
300
305
254
4196285
4196873
384
424
248
361
259
312
307
7812
8582
400
248
297
220
260
976
896
40203
361
361
2223
261
393
407
249
43
410
452
431
267
418
401
394
292
290
240
298
256
286
247
316
401
225
287
304
242
627
680
759
2937
251
285
261
385
234
291
6311
6004
5841
470
274
227
480
372
361
262
258
266
260
302
41
608
259
106
1514
271
269
241
250
285
273
307
236
251
251
329
257
584
265
256
282
270
260
234
254
256
260
253
259
242
292
264
283
293
315
343
223
298
300
371
297
229
313
387
300
272
652
745
308
237
261
300
1090
1003
261
441
361
361
284
259
275
302
253
1331
220
251
298
277
303
245
234
229
364
274
188
246
138
297
3316
3243
264
306
515
286
305
235
280
231
242
255
246
393
1151
433
279
224
217
305
671
270
260
245
224
422
257
270
259
251
298
372
1342
1513
259
406
377
465
498
245
251
878
294
289
261
232
263
423
646
251
273
295
385
300
249
229
266
295
361
271
248
572
392
257
242
309
16
892
773
261
1301
245
549
361
361
215
300
252
238
243
1524
1374
361
361
1873
361
361
303
292
292
242
436
435
361
388
241
243
624
398
1670
6131
6262
522
375
404
1038
374
1782
1625
1786
2020
1956
3157932
3039666
3021400
3020966
225
4815414
4817278
4817915
4373
4216
452
438
268
3709900
3709724
217
261
862
269
296
253
230
247
361
361
1512
1943935
1036
1120
302
361
361
277
229
388
429
227
424
377
3543
277
473025
469700
460051
287410
285112
285841
285894
285976
475140
426847
427123
427424
29845
304
308
361
361
309
361
263
256
257
4907251
304
286
296
274
281
252
281
5807
281
277
268
301
304
272
304
309
5266
294
6266
5713
303
295
284
292
309
4413
257
4350
4503
4373
3699
1052
346
314
4395
3793
261
287
317
267
4464
233
253
340
339
250
222
331
342
354
317
312
242
235
347
232
237
342
241
334
285
250
85706
348
228
356
344
311
346
356
304
437319
334
342
294
236
346
236
238
333
330
310
244
234
285
262
1616
267
373
421
219
589
286
317
298
291
273
299
1020
325
287
3624
3592
361
327
298
294
331
853
693
274
285
325
295
264
263
268
96
298
361
307
275
1453
1204
361
269
272
361
268
3852
3954
404
1067
249
245
361
407207
1416086
279
500
402
371
256
252
428
439
297
288
266
177
257
261
28438794
439
106326
77155
12738
25996966
1724520
1724573
12658
292
361
312
291
361
226
472
400
361
270
384
356
266
5430
5342
233
505
240
244
7250
55238
55001
54768
20100
16704
19382
234
19024
6640
6456
229
255
258
498
261
5227
5330
2207
304
269
1020
1146
273
377
270
379
226
644
915572
223
255
795
1424
241
418
282
361
361
224
441
274
246
244
288
361
361
300
237
1702
2320
2162
2059
2144
2249
300
281
2059
247
411
227
219
244
230
261
397
446
3239076
252
291
263
1862
301
361
1064
270
265
401
242
363
357020
356343
263
212
419
485
417
384
361
251
233
407
301
398
446
361
361
361
435
361
280
308
361
361
233
361
361
488
237
319
283
290
410
242
1356376
1356731
303
279
3106
310
281
954
385
425
476
361
1278
1498
1323
320
266
270
236
231
416
408
431
278
1227
257
361
287
244
302
300
247
252
243
322
316
2515
3150
302
329
429
405
273
278
1030
962
238
256
243
294
240
307
304
417
307
258
244
252
248
250
979
1029
264
234
407
485
309
50067
254
248
730
795
252
263
247
313
253
256
234
228
318
259
267
237
259
309
232
256
248
306
246
274
274
393
238
258
271
430
245
700
326
242
266
284
269
345
290
226
262
235
267
225
287
279
292
293
236
281
231
272
271
356
361
318
361
361
230
237
361
361
361
219
254
263
361
5454
281
498
1666
1575
1023
1528
462
848
761
911
315
289
427
397
361
228
248
5527
5735
438
1625594
1625135
218
368
1868
1599
1780
870
406
361
361
361
248
269
420
247
252
326
361
290
361
361
361
361
361
361
361
281
361
297
274
2865
281
260
218
248
263
297
251
262
234
284
265
222
256
19329
316
361
361
227
247
226
361
361
361
361
361
361
265
1272
272
315
302
427
3497
360
731
9040
454
407
395
2633
435
455
483
295
11921
421
484
423
278
232
30820362
391
299
777
580
384
522
307
266
373
409
366
665
3566
1089
991
361
361
361
319
361
361
361
436
845
720
235
482
407
464
402
276
299
294
399
258
287
251
383
305
446
438
391
246
361
266
404
297
3406
6094
361
361
2161
2239
268
662
406
310
361
361
4112
4027
4238
258
28
286
269
271
231
361
361
361
244
257
236
433
381
473
485
448
452
325
622
281
254
377
466
23847
1492
394
267
223
286
401
249
727
677
407
2407
2287
361
361
443
1252
1348
396
299
361
361
361
395
361
361
474
530
444
365
405
256
331
421
224
265
400
428
1871376
272
300
645
253
298
361
566
277
247
299
282
244
395
261
239
470
449
1354
1272
1141
241
439
296
259
263
218
235
418
252
250
230
288
1255
1191
227
735
934
282
253
298
242
918
294
295
258
260
276
238
266
241
246
234
317
314
378
309
368
256
308
255
247
282
301
308
265
317
249
247
255
229
250
297
303
228
424
263
246
302
316
256
314
222
263
257
301
260
260
307
245
273
254
274
327
1691
772
743
212
506
439
311
361
238
251
239
250
276
312
272
277
274
271
259
269
299
328
250
292
251
298
287
397
313
271
270
282
220
258
301
323
264
274
253
281
267
220
380
263
242
248
433
263
316
278
233
285
240
293
258
271
361
266
307
287
2759
274
289
307
276
671
251
299
312
389
261
308
394
419
277
270
252
261
250
294
142
315
465
323
235
2170
2248
965
240
107
361
370
429
232
560
151
305
262
309
243
267
245
329
249
229
306
403
16424
303
258
224
31
10
280
286
260
282
313
267
265
2036
1933
308
305
396
263
362
276
361
361
361
361
361
12369
361
361
8213
361
361
361
361
361
240
236
677
316
290
259
262
238
262
252
242
365
241
267
38662
39511
39907
394
4002
4024
318
294
1177
265
288
370390
370523
367113
366980
1796
238
263
3121
610
102213
101817
504
228
361
361
361
292
299
255
361
255
300
249
259
361
361
3879
297
634
223
263
301
407
311
370
381
360
5240
327518
407
383
122131
196286
82280
80517
181888
391
361
463
232
275
267
58926
59651
242
2525
227
208036
244
254
318
361
234
420724
421043
371381
364278
363773
247217
593
248
592
267
442
361
143037
144404
144464
144569
142907
142827
419273
419791
303
361
610
361
361
361
267
371
447
95096
94321
361
361
241
693
860
294
275
247
236
267
150
309
231
264
242
255
361
298
5100
5411
251
34504
30643
579
2436
232
544
710
822
550
1885
3469
3396
361
242
264
301
5977
6289
299
307
388
506
404
4312
388
404
2296
2276
694
245
278
298
301
309
316
2417
2670
361
361
258
306
268
1089
361
361
12
604
302
361
361
361
361
314
361
931
81
361
361
361
361
361
361
361
361
361
361
361
361
361
361
361
361
476
2244
361
361
361
361
361
361
361
361
211289
93244
57713
361
409
2479
300
243
400
224
396
533
252
384
297
3357
301
309
308
400
292
254
242
263
169338
66915
67623
304
1488
289
315
266
2520
579
452
163750
168697
62197
19300
18565
267760
268543
102824
63821
184
266
235
6249
6073
6147
654
1209
325
303
411
254
1027
952
259
5517
5664
260
407
262
232
274
361
247
512
373
2346
223
247
307
655
300
214
361
361
256
300
305
291
264
305
309
324
288
327
247109
311
467
271
1622
15083
16170
16288
481
626
2590
42448
43100
1209
1625
269129
294549
257
3389
3294
36025
36171
36308
35609
35514
26365
27120
1983
29126
29863
405
385
500
2929
2773
39847
39585
39441
17619
17461
16750
12997
390
72843
85300
36792
36159
36823
29317
263
274
263
282
17
288
300
263
293
291
593
521
95888
372539
372682
280090
279801
279585
246
305
247
121658
260
377
64236
866
405
236
935
311
255
280
226
293
249
297
253
273
379
460
238
824
265
9273
9942
245
222
1178
510
283
3438
404
228
294
306
816
700
810
3062
4687
4287
213
401
229
284
252
269
249
304
302
270
303
929
1785
267
293
263
246
311
1693
33190
33094
361
361
282
185
712
3275
224
456
394
409
377
600
241
242
251
259
253
306
255
361
361
1388
1518
361
374
483
418
419
316
6063
405
3435
6473
6567
2435
261
361
361
361
361
361
394
446
242
230
361
368
463
360
452
2174
2053
253
269
297
264
408
226
382
291
265
226
416
379
265
288
1928
1860
1945
274
279
307
466
262
260
274
361
260
2841
2645
253
404
398
386
487
2466
75110
846
361
305
304
272
289
309
281
240
254
277
361
378928
3738128
361
361
361
302
284
320
1559
97624
246
23072
248
236
281
248
276
269
1867479
331
361
286
1859299
361
361
361
361
1224
361
361
361
361
361
361
361
361
227
361
361
374
361
240
361
361
361
7731
8052
986
11316
2147
8870
318
2483
9284
7286
361
361
380
263
361
361
361
361
361
361
280
361
361
361
253
266
5309
361
361
6159
361
361
361
220
310
360
1524
347034
361
288293
313876
237
361
7217
361
361
361
300
361
361
361
246
361
293
361
263
361
361
361
292696
361
264
361
361
234
591
273
361
361
361
361
361
278
338
31915
332
339
347
361
683862
361
250
5410
269
361
361
630124
629975
251
266
242
621812
286
621393
361
361
1188764
361
306
1183951
361
361
361
361
361
361
361
361
1595764
361
223301
223485
437236
361
361
361
361
361
361
361
361
361
361
361
361
361
361
361
361
361
1624
361
753149
361
488904
260
260
246
416
503
280
292
294
392
361
361
273
361
361
361
306
2302
361
299
239
251
361
361
361
938298
938633
938818
361
361
361
361
361
243
361
361
1004
1143
361
498
361
219
252
361
361
361
156456
13609
3602
361
264
217
365
299
381
361
361
361
272
380
361
361
249
361
361
361
270
235
233
237
321
256
283
262
4013
272
2041
285
1317
3162
18480
3
18778
17302
5416
19914
6464
19817
272
279
2171
6638
9688
10323
3885
14486
1571
296
5348
6013
92
8233
11907
581
1615
380
40
3091
557
3570
4000
5361
8905
7176
253
16
273
257
2761
2892
9560
5893
302
8781
1459
259
5170
7916
4345
219
406
1460
896
2657
278
3534
2832
3572
3661
324
275
267
118155
118289
300
259
267
262
50
295
279
305
6782
6891
301
313
255
263
267
259
305
299
262
245
300
302
285
220
230
257
397
313
1923
692
395
300
3505
3321
244
423
272
242
292
305
434
319
254
397
365
293
289
420
256
6371
6324
224
280
321
308
1245
1214
2533
361
361
445
484
284
304
2248
1445
970
244
284
413
273
290
244
255
194
617436
618477
621020
383688
383146
268
233
291
247
261
429
392
392
266
226
297
301
356
1721
259
242
219
269
488
374
228
273
361
240
314
372
277
224
297
269
242
257
361
361
278
370
305
379
421
279
459
280
289
246
280
263
277
361
274
530
278
195
274
308
260
215
278
270
271
273
283
271
264
303
283
302
410
258
318
276
282
311
311
212
308
274
243
241
330
319
275
307
269
312
228
336
238
361
361
295
291
316
287
254
246
242
723
539
361
361
263
329
235
306
1365
1247
270
284
291
273
263
318
320
233
1881
264
242
262
297
337
254
307
268
361
268
255
294
1930031
269
37397268
361
299
3530849
240
273
295
302
269
269
257
231
253
361
306
301
259
361
293
285
361
361
361
361
361
361
361
361
361
361
361
361
361
361
244
361
361
361
278
361
361
322
361
361
361
361
249
298
361
261
361
246
361
305
287
258
267
241
281
261
246
251
268
361
361
255
235
237
222
242
300
361
361
361
361
258
288
361
361
283
279
361
264
361
249
361
451
293
261
271
361
225
55819
52283
361
315
309
361
220
253
361
299
361
361
361
260
361
361
265
240
361
287
266
285
361
361
361
361
361
638
419
279
301
255
304
254
617
934
267
271
257
303
303
268
246
319
261
271
278
307
281
304
297
361
361
268
361
309
300
280
6783
361
295
256
361
361
361
361
361
361
309
536
559
399
296
378
361
361
361
254
242
361
267
875
361
361
291
361
268
361
361
361
361
318
361
361
278
248
262
9021
8959
19639
268
262
361
361
258
424
407
333
237
295
361
883
361
361
444
423
388
360
361
361
361
361
14031
14154
361
361
5666776
401
409
361
361
5076
271
140
144
715
679
726
864
275
1090
1191
390
380
588
233
227
465
383
257
276
402
280
308
361
361
361
361
240
361
358
2589
287
406
220
268
287
395
465
276
273
489
306
512
406
478
448
380
376
413
389
295
282
516
448
399
361
361
303
311
326
354
249
387
556
251
294
858498
858898
240
494
271
226
250
261
304
632
361
360
255
262
248
233
253
250
235
274
241
255
2306
309
261
783
340
431
217
270
77709
18284
266
220
417
764
296
253
313
231
677
302
286
312
312
289
277
289
234
301
303
298
50
268
254
266
280
70
324
267
293
251
217
313
250
262
251
224
262
263
264
270
278
1474
1313
523
288
399
239
258
225
270
227
303
361
361
361
361
361
361
253
253
4638
275
4548
1357
4613
293
5288
4695
5284
247
265
255
255
1474
361
1176
239
312
2409
284530
284755
283245
301
281
244
243
235
368
228
361
283
279
264
361
254
265
248
234
274
114804
233
300
268
361
361
361
361
361
361
361
361
361
361
361
361
361
361
361
361
361
361
361
361
361
361
361
361
361
361
361
424
361
245
262
525
272
238
3622
321
240
361
361
278
291
361
361
254
303
303
309
310
265
245
865
268
322
269
296
259
282
232
903
1003
431
268
393
6252
6152
6287
317
2196116
2195990
361
1607274
361
361
1329825
1329664
1329392
1303101
737
641
361
361
361
361
291
233
495
298
297
296
2229
251
476
234
276
258
3378683
258
236
23034
22315
58308
58181
418
420
252
315
6689
6568
6510
2560
2467
1744401
1741105
1741485
1837878
1837997
1832656
2103
1932
2663
2566
364
232
392
502
413
257009
257098
137835
137215
137077
296677
296507
295740
144228
143510
320
1739
254
366
409
423
285
2302
213
262
2724740
2724359
954
790
269
298
264
288
324
294
382
402
265
291
273
430
291
237
295
6453
5667
6127
235
361
361
250
49083
53246
1339
401
294
361
361
277
243
1349
1389
704
237
269
271
303
2584
254
536
377
226
241
278
971
273
60677
1257
1122
419
392
275
280
304
233
679
288
261
251
238
995
304
361
259
270
319
237
236
1565
311
332
275
254
233
420
254
2940
444
420
936
243
412
1972460
1971944
571
306
322
240
232
315
243
249
313
407
290
305
241
511
411
240
266
267
243
394
393
448
262
309
281
284
304
263
835
311
361
361
361
361
246
249
310
280
154
306
263
298
361
361
361
361
1764879
229
245
248
268
272
246
225
228
361
361
361
1737
260
487
251
419
240
223
437
410
460
243
265
237
427
254
303
316
300
248
269
268
243
290
283
286
252
396
274
285
214
285
269
234
293
275
268
252
229
291
242
302
253
270
250
272
1824
1901
296
258
721
1182
1806
41
18334
264
5818
322
283
302
299
299
308
297
1436
281
283
37672
293
271
278
261
340
3068
252
259
254
304
314
261
296
312
259
300
322
2732
234
269
4973
291
15931
1848
1676
589
507
252
304
441
418
6906
265
550
422
296
268
361
361
361
361
361
361
26649
361
361
361
229
260
361
18981
300
305
300
277
361
361
361
361
361
249
361
231
357
269
260
361
361
361
361
361
361
361
361
250
3544
2380
1621
2450
260
285
361
278
295
259
230
242
262
220
247
248
257
360
270
319
361
267
265
270
2171
240
240
273
294
361
441
5253
231
286
361
361
361
284
277
5723
253
378
316
427
3295
1696
285
295
3780
1247
2280
310
2981
4781
4931
141
2820
2496
2520
5329
361
363
248
280
2265
357
311
307
361
296
1204
361
361
361
361
361
307
361
361
323
2801
8800
299
883
266
1591
308
3867
312
295
301
248
249
247
257
299
307
302
303
261
361
307
296
302
11658
312
280
310
266
249
263
280
5140
310
2876
879
739
304
422
529
190
434
2877
411
415
278
1033
200
11391
254
422
1276
2144
229
361
361
1116
266
585
5019
5692
1047
421
305
7044
7579
221
7324
7443
282
258
3069
386
243
361
361
251
244
240
242
1296
361
361
361
855
2060
294
361
276
1002
271
296
361
226
361
239
361
361
729
361
361
361
499
231
5891
245
258
283
295
145
25
260
375
458
228
927
266
361
272
292
309
361
244
878
722
2472
2397
235
284
284
4337
26823
26677
311
7048
6900
7065
4566
272
361
250
361
278
361
361
361
303
361
361
296
249
260
242
238
256
248
266
269
248
218
235
325
295
361
271
278
289
309
301
305
283
300
273
10187
2922
225
2897
2683
296
392
361
361
1240606
361
281
361
361
238
361
214
245
223
312
361
310
181
665
259
278
200
258
302
361
361
260
261
1828
361
259
361
259
259
214
4770
361
361
361
167
246
361
361
361
361
249
361
361
233
263
214
20276
7087
361
361
361
361
34998
30740
35684
62712
70460
76987
102954
87745
102756
134370
361
361
29460
61622
76647
101937
87044
133817
133263
59831
131865
308
61456
302
254
361
14875
56987
65869
82799
72339
106783
107152
14285
27283
33712
49037
361
361
361
361
361
361
361
361
361
27950
55405
63891
70827
81252
361
361
361
361
21706
27927
44453
49635
53724
34407
60732
68925
78330
79101
95246
436
257
251
284
127141
3872
361
763
1814
901
278
109304
296
4811
4200
34679
361
361
361
18781
42029
19420
56803
67757
57513
114146
361
40985
49978
55932
66382
64957
112693
303
276
259
308
539
27237
254
361
361
361
361
12737
12675
22786
33199
42104
47147
60506
72459
50305
57168
57991
73046
106341
103403
104737
361
361
72753
307
324
254
56269
6431
45087
59078
361
361
361
21720
28656
36714
37683
54297
44063
78630
361
361
361
6438
27532
78009
99984
361
361
361
361
361
361
361
361
361
16413
21688
26734
33304
35534
41104
66341
51447
98448
97403
361
1530
994
279
3936
9330
22839
31398
48598
71332
361
361
361
361
361
361
10020
20917
29576
47191
45962
92854
92117
361
361
361
361
361
361
361
361
273
18255
26343
33513
59399
90115
288
7412
2897
8664
311
289
361
13128
21161
38417
27838
361
361
361
9676
17116
19570
24579
49295
50809
82667
80125
81824
300
361
6804
14295
20983
32284
31011
22602
77820
361
361
361
361
361
361
2902
4099
12683
19481
20270
44213
28457
361
385
1249
57697
72248
361
361
7537
6219
29656
15212
361
361
25658
262
361
5226
63115
361
361
63966
361
361
361
361
16448
6084
63880
293
39599
428
420
404
307
361
24835
361
361
361
361
361
361
361
361
361
10466
361
361
361
361
32889
361
361
361
361
361
361
361
49149
361
312
274
280
361
361
361
24495
287
1335
247
258
23289
361
361
236
30807
361
361
361
361
361
361
361
32120
31538
361
361
361
269
258
252
275
249
237
250
361
361
232
361
8295
290
268
361
260
248
224
361
313
254
232
361
292
271
766
279
303
10335
265
236
303
361
361
361
361
361
361
361
361
361
361
361
361
277
314
277
361
266
361
361
361
361
304
361
361
361
361
361
247
263
361
361
361
361
361
361
361
361
361
361
361
361
361
361
361
361
361
361
361
361
361
361
361
361
361
361
361
361
361
361
361
361
323
1558476
237
301
310
257
299
9072
260
272
947
681
586
307
304
1293
1470
260
237
294
282
245
550
249
260
277
302
329
361
361
361
361
5283
3380
399
250
2616
256
13715
318
302
257
309
306
297
266
263
297
131
1877
303
261
260
1135
296
4198
302
308
257
1470
1559
361
310
222
214
42500
41808
42619
42460
2810
1199
1146
10634
361
361
248
361
289
301
291
16767
419
18368
268
308
97
19056
313
18456
269
361
306
2009
279
11237
361
257
304
12214
292
361
389
290
271
361
249
361
361
361
361
285
252
269
281
270
256
263
234
296
222
257
314
261
220
255
294
275
301
308
309
299
306
278
283
304
252
287
261
314
304
274
306
282
427
306
315
303
358
301
284
277
303
256
312
1462
3013
260
292
293
1057
270
274
361
15306
15158
387
254
308
361
249
299
267
361
361
361
361
361
361
361
234
361
361
361
361
361
