371
341
302
313
348
17851772
348
325
348
384
895
366
320
336
338
350
365
367
323
341
297
511
365
337
378
376
520
1200
336
305
304
390
368
343
37783
333
339
467
343
369
331
298
376
305
360
358
307
380
654
323
338
342
348
397
339
363
327
325
304
343
293
324
340
462
372
324
329
380
388
370
336
7099
352
337
308
292
319
317
368
381
359
302
335
348
345
319
362
379
364
315
366
309
322
359
337
377
386
332
315
350
331
316
373
369
307
335
360
319
329
365
324
326
363
458
332
420
322
337
322
377
325
136
363
373
335
331
2348
1578
388
345
354
392
371
322
375
368
337
370
319
375
338
384
337
355
316
42
309
452
326
335
362
412
385
694
352
434
434
328
341
434
338
331
388
363
371
551
364
454
391
380
368
325
354
356
351
413
292
325
350
375
335
388
342
348
329
336
331
386
383
512
433
325
356
312
355
374
366
352
350
361
354
347
387
434
333
378
330
348
367
100245208
373
343
297
301
337
313
368
346
333
352
332
361
572
362
355
365
325
370
342
459
432
347
330
343
296
332
323
376
427
144885
145416
146322
359
329
345
333
309
415
1986
1042
1881
366
223558336
334
947
373
384
335
337
370
378
357
368
321
348
371
22299
957
482
346
52
594
376
292
308
341
434
332512
329743
326
334
312
31313110
334
378
434
372
478
364
331
346
336
370
353
352
359
285
340
371
475
363
364
335
349
354
341
1217
353
336
593
366
342
335
774
368
385
386
368
306
322
329
366
51939
52610
51712
52323
51383
437
326
423
297
305
381
366
24662
23629
22176
377
371
369
376
321
372
357
434
370
376
340
345
342
326
309
333
434
434
353
452
355
353
333
299
2846
325
363
337
125740
109198
117251
334
355
359
369
370
369
456
334
345
309
298
313
349
342
352
365
341
461
334
328
367
306
364
368
386
327
310
331
338
331
325
362
338
316
454
332
331
438
434
359
361
323
369
319
335
330
319
341
363
315
345
434
758445
1103384
335
7623
347
327
211
326
434
434
434
414
426
367
360
335
369
343
328
321
373
324
372
340
358
305
370
296
319
347
318
327
333
348
290
38318
38945
340
1280
360
25620014
326
330
434
434
330
414
10587
434
354
321
480
327
362
370
321
319
344
333
318
384
477
1150
273
310
344
383
387
375
377
375
375
432
435
331
446
434
369
347
434
327
362
328
434
347
353
330
317
329
434
322
358
322
340
308
391
3051
393
342
370
379
321
347
351
355
376
351
332
491
427
433
373
341
308
355
418
83
337
352
318
334
345
310
311
329
312
321
365
518
291
289
434
337
358
383
464
353
333
313
347
434
355
219600
198996
198340
337
325
336
375
382
336
332
361
320
353
323
304
329
343
295
329
315
326
720
11
396
315
335
286
361
383
319
351
396
362
355
379
359
2131
326
370
358
338
371
362
324
4615
5321
434
434
361
434
434
326
456
3868
461
340
348
457
459
343
430
479
974
434
331
333
434
434
361
312
889
339
371
459
324
340
394
352
327
315
461
484
567
312
343
369
324
6105
500
528
325
325
913
464
466
304
440
468
434
461
478
462
414
300
307
45538
442
466
464
8797
476
15324
297
458
252577
253587
374
358
340
364
300
344
443
1254
302
462
488
6192
6439
685
490
423
338
358
437
465
1640
434
434
434
434
6739
305
468
469
315
297
3682
445
734
601
550
1385
434
434
840
382
323
415
327
341
465
570
518
504
1293
324
360
341
344
292
72
49
833
320
429
432
349
496
434
430
355
344
438
345
293
434
340
332
345
434
415
310
77029
482
469
442
434
446
1173
332
486
434
7625
434
5748
4024
413
326
322
481
442
477
346
434
327
339
4249
488
434
453
2570
455
312
302
350
327
319
340
434
2466
318
516
309
434
473
375
355
367
356
353
307
434
490
336
434
482
322
434
434
820
388
422
434
434
359
334
290
335
324
314
292
311
307
313
977002
306
321
310
319
315
308
313
325
386
347
321
333
330
304
304
567922
329
306
326
1101222
353
355
311
313
311
341
338
326
290
324
314
386
296
296
311
331
300
288
339
341
1316343
319
300
334
305
296
313
335
345
329
376
295
304
321
318
356
312
312
294
308
320
319
321
337
323
307
315
314
358
330
350
301
313
337
326
428236
1321708
308
359
299
306
954056
311
324
1169855
316
305
351
327
345
320
290
339
307
329
323
296
287
318
311
343
336
314
1321051
305
325
553141
301
331
322
312
332
340
294
313
339
328
305
314
314
307
315
305
309
332
375
289
346
294
318
301
318
339
312
1218166
316
312
317
338
314
311
323
323
920231
1247907
311
294
302
313
314
318
344
340
1195369
1606462
334
372
290
291
305
330
289
310
349
940723
344
318
298
312
321
313
316
312
325
319
320
331
345
295
331
326
325
344
296
328
333
307
327
315
306
315
312
308
337
304
909588
93927
303
293
299
756343
318
299
342
317
300
306
304
301
330
113062
305
325
340
306
313
309
309
366
363
323
320
297
317
331
318
303
307
330
309
294
316
307
315
333
354
311
351
310
314
315
308
333
322
313
300
390
328
315
308
340
339
312
305
310
344
375
303
327
332
434
307
339
336
316
303
296
293
312
317
298
322
354
373
307
312
315
346
370
320
306
301
351
318
318
287
292
312
323
315
306
321
301
316
302
303
325
324
312
324
349
331
301
306
320
316
305
307
303
304
303
339
302
322
296
279522
305
348
310
311
302
310
310
338
329
312
307
351
346
302
409
38621
318
18161
335
331
102054
298
346
301
305
326
326
353
315
309
335
320
309
335
365
289
342
294
305
310
314
308
300
331
310
327
303
310
291
322
325
303
303
312
324
327
300
323
311
317
346
341
294
300
313
310
331
342
311
341
290
310
339
301
341
338
329
367
319
303
323
315
307
298
369
355
304
313
306
301
331
325
729165
320
385
319
314
299
328
331
314
325
315
307
295
293
318
299
136678
357
305
303
310
347
312
300
319
318
338
297
318
315
338
305
289
330
319
343
310
352
309
353
288
308
318
308
322
315
311
313
346
303
307
322
298
344
318
300
319
327
312
320
304
324
309
300
363
286
346
332
320
324
324
301
340
303
355
329
286
333
319
325
340
312
338
313
303
89857
344
305
329
319
322
309
355
327
303
320
328
305
298
301
293
335
329
316
313
293
331
308
325
331
435582
320
299
310
287
312
361
318
305
297
326
296
312
318
328
325
304
310
314
310
320
310
314
336
348
367
314
306
293
290
304
312
294
341
320
307
313
316
292
372
322
315
307
345
289
351
321
300
312
318
301
316
303
349
324
302
328
316
344
306
344
349
317
326
369
303
320
307
305
301
313
323
335
299
319
311
331
313
377
320
325
328
361
311
338
328
302
323
314
298
377
319
327
289
304
301
330
316
331
295
302
307
315
299
327
325
313
313
300
287
301
310
291
343
296
319
333
316
297
327
334
312
324
307
293
295
311
299
340
302
303
289
410
295
314
311
337
321
320
293
307
312
321
328
306
320
315
310
298
317
332
336
317
318
359
320
310
306
348
303
354
302
335
348
300
305
289
318
325
299
322
347
320
299
302
330
296
312
305
326
293
313
344
325
296
319
333
321
125698
331
299
317
391
335
328
343
309
324
341
307
300
289
323
316
326
300
337
297
318
300
302
333
308
311
308
298
322
300
331
296
318
319
318
300
303
357
324
326
362
359
326
325
355
359
305
320
297
333
351
326
320
308
311
318
362
325
329
398
366
325
390
314
304
328
2081
3158
5055
324
331
369
362
370
14516
352
354
434
434
378
370
434
434
358
380
369
376
350
365
365
434
332
1260
315
1330
332
309
299
314
323
312
366
60110
338
413
332
380
410
330
37181
316
376
359
296
337
347
313
341
327
358
363
348
331
1498
327
323
353
366
308
298
314
370
402
319
358
307
325
302
319
409
335
336
352
358
358
369
805452
339
369
337
434
434
434
373
2254313
382
293
343
378
296
329
78
459
339
303
323
357
294
359
353
310
324
365
359
306
311
458
340
373
314
365
321
308
360
309
318
339
363
309
373
360
351
318
336
314
321
324
338
352
374
3966
335
354
349
308
358
9959
10833
640
302
390
365
312
367
311
357
348
329
441
297
347
338
434
286
380
392
348
346
323
368
372
341
336
339
348
345
338
337
338
355
290
321
301
318
328
353
2291
328
414
165
452
517
457
437
65645
1000
64572044
356
293
393
469
461
324
355
355
350
324
327
81675
80998
132626
131723
482
582
333
303
292
434
323
434
434
443
415
305
357
434
434
327
330
307
411
1205
434
434
14087818
434
27368
28228
474
338
363
443
513
466
375
345
448
513
311
304
312
508
326
458
336
364
434
352
3190
323
1247
369
373
444
556
387
347
497
370
347
340
323
4100
381
2732
470
478
533274
360
538
351
356
347
371
438
363
325
414
452
6117
455
419
434
466
475
1646
357
501
346
813
466
434
434
2968
446
2180
322
488
434
434
778
447
529
148
335
555
124015
124854
124009
123881
124038
123982
123208
50492
49564
314
2786
452
327
434
357
3783
1535
344
312
382
344
368
373
304
352
326
15
327
377
317
288
347
382
348
348
433
307
434
372
356
321
360
355
358
363
314
1300
362
340
377
1946
2238
2361
1639
301
372
325
2769
348
444
336
348
335
63
343
328
558
376
343
299
4958
317
376
344
142
777
171504
421
178
376
304
368
316
350
7928
467
493
332
356
434
434
345
385
368
317
574
1501
488
320
376
373
319
356
369
420
434
434
434
434
329
440
352
493
338
491
434
434
301
466
306
6408
434
434
398
434
382
336
325
338
359
369
513
313
501
338
342
315
331
361
380
464
314
330
444
333
309
330
363
357
491
448
329
349
351
352
322
537
457
468
330
314
370
389
371
364
293
427
456
377
357
362
321
391
394
371
308
386
342
359
352
371
355
455
309
350
338
2304
2414294
307
384
1267
500
358
332
438
350
328
325
455
479
476
391
361
360
452
1437
300
357
434
352
355
481
414
464
353
1152
312
333
311
334
384
323
375
339
2278
329
434
313
11616
384
98
302
434
1606
297
93
335
354
510
479
347
467
352
473
355
363
311
384
434
434
434
380
1017
320
434
434
378
363
330
343
415
330
295
339
322
434
434
294
326
321
382
2038
303
1017
378
300
384
315
387
487
354
433
42148
429
434
301
6109
6165
522
452
369
382
434
214890
212516
211362
211059
204025
199889
197663
46102
325
382
373
314
302
361
365
329
302
318
496
364
382
351
314
324
327
312
293
329
328
336
384
335
316
361
331
320
314
317
472
372
306
345
337
1305
364
338
330
334
644
304
364
326
500
348
308
345
348
366
367
3664
381
357
1934
372
198
434
331
346
343
390
29
432
364
334
368
299
355
405
369
396
434
355
322
321
362
327
382
372
337
334
436
354
370
370
370
325
375
361
434
299
373
313
300
380
252
289
371
434
328
817
317
340
363
388
482
345
6084
346
363
470
434
615
381
381
297
10442
363
470
465
468
419
389
335
515
405
465
1181
380
665
357
374
1452
385
362
361
332
328
340
390
350
342
345
298
482
336
394
434
529
321
298
425
434
434
434
485
441
466
372
209
1236
362
366
1226
359
2991
325
293
332
322
315
451
414
360
454
328
496
1539
351
342
347
344
509
316
443
324
497
365
434
368
375
369
313
369
325
339
317
369
434
377
351
390
337
381
434
434
331
334
359
315
296
320
359
347
331
479
437
345
355
349
434
311
423
391
388
14229
459
445
478
434
336
338
337
293
351
350
320
347
3931
434
2256
354
434
452
433
452
470
466
290
35130
323
355
369
626
316
351
353
513
333
316
334
413
415
321
433
468
360
318
334
318
459
500
326
333
415
145
464
428
11969
434
434
5366
2778
434
389
360
329
328
396
347
310
344
515
313
309
335
1743
1852
302
463
415
328
367
331
481
323
363
347
350
344
434
320
1195
346
434
434
313
351
436
3060
650
422
417
504
455
329
333
426
502
1672
2233
359
75941160
2272
428
300
337
355
370
2026
453
515
363
326
443
471
352
485
320
434
459
335
434
434
370
357
298
327
329
346
321
362
328
313
340
361
355
343
305
375
329
434
416
3331
356
339
353
320
327
364
299
374
294
350
433
466
367
1996
455
422
317
367
402
434
434
355
372
331
331
413
319
353
337
315
296
299
330
372
313
368
434
434
337
325
333
327
442
355
312
436
314
332
348
384
337
333
300
303
1875386
314
415
2391
2208
1894
15548
13900
1358
471
364
452
437
419
332
415
296
511
456
372
442
286
447
492
320
366
470
26108
342
335
312
327
379
365
340
24563424
24252886
24235710
322
365
357
319
344
358
286
324
316
384
354
363
360
1670
3682
371
377
357
377
371
4079854
365
524
308
329
372
317
372
23668028
434
376
437
435
451
346
297
316
553
3081
7164920
7163433
7153706
1139283
434
344
836
626
729
336
371
2916
2544
368
378
350
344
337
334
343
371
361
329
352
364
122
201
370
366
373
367
365
339
337
351
325
325
372
1155564
376
372
1151590
366
368
326
372
345
364
581
18021
12639
11653
7377
367
3536
6666
326
310
312
356
322
322
317
317
884
434
331
343
359
376
346
2573
379
316
318
318
301
322
338
316
412
380
367
332
296
434
434
356
373
326
327
315
336
300
312
342
290
273253
303
336
335
327
73560
31611
331
300
330
332
347
389
379
375
343
314
434
340
354
344
296
338
307
363
37662336
337
336
1969
143
306
324
345
319
429
356
369
318
358
350729
1938
330
316
326
874
371
3133
434
434
366
352
486
480
336
320
1366
368
322
425
311
301
361
339
447
332
325
461
1959
287
478
440
308
326
765
6363
343
479
5498126
289
4645
464
501
35735968
450
305
391
349
326
313
340
337
360
354
395
347
293
322
337
365
325
2283
434
386
331
434
434
427
432
364
326
434
434
434
3707
7103
3560
440
431
361
434
469
143
415
9102
341
6073
354
359
414
607
1255
350
397
310
620
321
421
1006
340
371
304
302
352
359
415
878
369
347
7295
8614
300
464
2564
365
345
434
369
332
464
370
360
334
820
549
360
361
377
18003
434
434
326
479
4255
4664
334
346
372
1215059
333
1339346
1339981
1333040
1333545
347
1303342
1302787
1302498
1300679
1298017
2517
305
1092924
1092313
1085617
450
316
394
355
363
357
343
319
305
344
434
434
350
434
368
361
796
434
485
434
461
342
371
366
3486
434
431
364
336
344
428
514
500
446
397
341
469
497
364
14278
379
1979
365
457
434
434
434
471
476
341
312
352
434
489
187
474
434
413
515
331
441
363
318
320
2564
434
434
517
420
478
434
1796
331
2065
453
427
365
356
444
736
281
6060
2460
354
360
364
336
431
361
434
434
3250
310
456
455
522
348
301
1067
6080
6434
374
381
468
434
346
310
457
354
203
431
419
743
363
430
416
474
691
490
355
477
460
434
362
344
333
2598
3319
472
480
10040
434
343
336
381
457
473
520
483
336
451
417
443
434
9283
434
434
433
609
434
426
496
425
289
1097
506
334
453
464
350
502
422
325
320
349
370
338
2818
490
378
326
348
342
346
331
373
330
325
372
334
351
434
299
330
462
501
423
306
321
344
434
335
309
2342
453
461
412
336
424
467
434
369
434
416
456
434
434
434
478
466
504
1549
393
342
432
334
318
2588
2983
456
353
364
1421
365
313
325
358
332
315
301
295
343
310
349
1996
341
325
365
327
386
453
483
378
421
359
303
300
321
500
432
414
447
319
2491
494
449
4813
434
359
376
434
351
64
961
709
501
414
362
358
658
7044
426
434
377
594
115
434
4043
1674
434
723
2514
1503
434
345
434
413
430
2560
339
415
356
331
302
334
362
321
583
450
513
434
355
446
351
434
324
380
333
328
334
306
312
329
324
294
332
2753
345
332
319
317
328
326
333
322
305
318
317
372
432
811
446
465
371
345
317
362
369
347
332
423
366
446
1667
2531
306
448
460
342
506
447
481
347
444
327
400
367
341
311
434
295
351
434
455
371
372
370
360
434
349
352
370
330
365
361
465
317
343
362
434
393
375
497
373
372
348
386
346
359
310
333
302
350
380
337
370
347
372
334
495
362
349
384
382
378
498
371
360
316
344
296
320
366
545
320
477
642
584
360
491
478
102
321
359
461
383
362
366
373
366
351
804
338
304
360
448
387
373
370
380
346
386
369
339
359
358
360
347
340
357
346
336
301
328
7957
300
377
316
363
307
358
368
392
388
349
513
312
330
370
521
4167
363
342
387
304
355
325
472
469
342
434
434
306
343
472
950
489
12
476
512
451
430
2677
415
323
372
307
329
308
448
359
293
881
328
207
338
1782
916
364
335
2456
356
337
358
333
52969
52751
52939
53739
1875719
1823004
313
322
463
384
311
356
327
440
848
512
328
2066
494
331
338
386
329
306
345
322
115983616
115984328
314
441
366
335
375
1010
970
482
367
315
1454
358
360
742
364
352
331
37
451
435
371
433
301
434
370
473
5472
382
296
334
344
468
1399
434
431
454
472
434
305
320
341
326
459
1272
444
443
451
466
356
304
371
1358
359
328
354
372
373
370
434
365
894
317
350
329
434
434
470
415
1310
320
153640944
364
357
380
410
327
315
478
571
509
1166
331
2476
468
374
688
208
371
364
333
773
329
328
335
479
328
337
467
1396
374205
373624
376
328
373
484
461
434
434
434
356
319
339
355
340
463
3164
365
330
387
366
373
354
350
355
301
327
346
1175
967
328
369
354
330
326
439
359
302
332
324
331
302
339
302
451
361
347
337
322
323
339
288
360
381
336
465
341
331
359
384
376
332
3926
321
329
310
343
434
329
346
361
335
332
319
342
303
349
492
344
345
363
365
332
480
329
302
298
460
340
346
316
314
341
322
325
324
317
302
320
335
446
414
297
434
427
294
1441
360
508
711
304
361
365
524
341
1441
442
418
1255
340
460
357
440
445
331
312
304
359
348
343
358
354
319
336
309
440
478
7245
324
479
48370732
48369932
54666508
372
709
750
415
434
384
434
339
345
355
352
351
354
372
434
1292
434
434
434
434
434
434
434
434
434
495
434
434
347
311
287
348
336
310
647
695
744
603
1339
2175
494
312
6023
434
434
317
522
434
428
297
474
265
331
460
434
468
437
300
2237
314
337
3373
392
27784
28323
429
337
322
347
434
318
336
351
365
350
361
304
316
342
303
325
1391
322
309
337
366
379
342
3267
3131
318
851
864
94358
101230
320
379
348
316
290
342
339
423
112519
356
89620
337
326
337
374
337
310
43095
6943
333
347
315
2045
2185
1341
337
349
375
353
295
339
334
434
434
434
434
434
318
434
321
293
313
261
362
350
346
326
373
378
371
346
320
352
345
374
434
442
2226
5031
2005
377
1109
378
451
444
42423
38496
39338
361
3353
445
518
2310
310
433
467
414
454
433
470
434
441
429
434
1165
342
2421
366
430
343
362
1681
464
500
309
434
342
479
443
345
434
482
326
482
11685
479
434
521
311
665269
664332
317
331
315
359
300
328
364
385
477
1962171
1977542
792
332
363
331
903
21450
22376
22456
22627
4228986
4126
329
296
378
449
368
344
339
349
386
376
379
523
350
322
323
372
370
353
366
480
388
347
329
43387
461
5578
522
447
502
472
451
317
465
386
120
353
682
293
4146
365
332
363
331
328
331
1094
376
343
371
331
337
332
360
326
328
418
2679
347
359
335
2766
345
421
1695
604
483
434
531
4226
465
495
9667
3886
607
453
463
341
1652
318
488
446
494
442
313
434
529
1451
434
323
338
434
434
465
307
427
478
457
65999
434
316
487
349
350
314
1512
364
469
380
313
555
441
369
1193
173
314
319
361
491
343
484
514
458
468
471
114243
6383
4218
434
434
471
588
415
389
186
414
513
413
345
429
465
359
331
434
455
319
350
1191
445
331
505
360
521
377
503
315
434
152
295
315
434
465
368
480
1267
752
342
343
340
324
370
515
415
329
379
298
468
439
300
307
414
367
325
341
378
370
319
333
317
308
316
616
376
331
320
317
452
338
327
1622
453
305
355
433
343
79506
79715
80351
80583
313
467
339
378
294
322
356
4308
3085
476
363
464
483
447
453
369
459
56
379
7050
353
480
434
352
10107
415
360
337
369
367
363
484
342
796
362
343
332
453
488
10008
26971
426
659
781
346
325
336
397
351
347
416
325
366
312
370
332
322
106127
105213
127110
330
269176
326
344
343
412
346
348
335
329
372
338
706
462
1119
333
1269
345
328
342
322
331
257
339
338
481
319
701
715
360
42108
59273
382
321
154
58608
365
797
434
353
359
434
348
504
937
321
722
351
336
313
316
307
360
337
297
364
354
296
305
356
141
1689
164
338
328
367
347
606
326
334
359
313
385
556
299
342
367
315
317
320
6225
434
434
325
336
173606
172681
390
309
467
296
326
392
347
361
303
324
366
348
358
383
344
363
1489
367
380
323
378
363
366
372
367
350
333
390
1406
311
306
306
363
342
316
360
395
380
352
329
379
355
362
449
374
377
384
293
399
327
303
305
721
366
373
325
378
367
355
452
374
365
378
343
604
371
295
317
346
314
344
339
299
367
450
365
356
372
355
387
337
359
347
376
314
434
434
386
434
540
340
459
434
434
338
388
373
357
5639132
5636604
5636024
5634286
5633769
434
31843836
326
336
314
481
342
347
434
434
729
317
313
364
367
379
343
366
3069
368
364
336
358
349
318
356
317
361
333
311
307
377
368
370
327
412
325
388
495
534121
531560
530526
434
369
384
28338
317
434
434
445
448
390
449
23358
302
415
1207
434
364
299
365
434
311
293
434
434
394
336
292
456
447
341
464
93675
507
6127
317
310
454
312
6090
361
7804
3139
1558
458
337
353
665
366
336
382
371
325
364
1005627
1006191
489
325
434
434
492
459
481
531
348
1713
365
301
8251
505
409
334
443
458
361
482
538
368
420
368
368
458
301
1907
347
357
348
363
344
1242
236
321
303
371
359
357
360
1370
350
352
336
325
1478
1433
1818
308
357
361
339
342
329
363
339
3330
462
440
434
495
469
2230
330
457
361
325
334
526
333
349
294
4822
441
341
326
352
336
342
328
281
559974
4537
347
2511
411
143
326
7026
554709
553446
552710
33
343
373
1629
270
2035
546816
284
412
265
335
1225
413
364
2716
339
343
339
4590
293
349
360
356
342
359
381
379
536121
341
332
339
366
325
357
362
322
339
330
303
365
354
336
354
333
336
331
340
386
320
336
328
344
344
715
503210
344
396
378
358
346
487190
338
323373
307
304
314
324
316
340
369
333
343
346
338
150
4874
298
289
337
348
332
334
336
324
320
328
1770574
297
348
336
312
351
329
369
318
375
4399
4293
305
365
1965
434
434
434
545
474
324
434
434
314
309
323
334
337
443
488
494
468
10236
435
2108
1093
1209
472
6107
5528
474
368
484
3116
435
440
433
31609
31086
619
433
5479
440
434
434
338
485
341
964
453
334
734
487
455
468
434
376
507
459
117322
482
498
444
450
162785
108740
18486
19450
469
434
434
434
314
415
338
334
328
354
445
429
444
337
8960
434
434
502
127311
126756
326
329
542
309
434
485
479
295
352
434
352
426
330
856995
856285
6134
490
352
433
448
2090
453
2922
3651
475
314
302
388
362
308
343
296
301
451
434
299
354
537
538
366
504
427
330
291
433
2440
252
459
11076
464
342
434
315
471
448
386
498
477
415
6152
462
434
434
795
434
434
434
11662
6067
466
434
312
374
477
356
466
434
434
468
449
445
675
469
314
434
371
479
474
434
546
376
431
624
553
338
2661
374
2581
304
672
415
434
453
445
1958
2590
783
359
501
3947
9282
2868
316
488
444
342
351
304
5101
4962
297
481
444
434
478
556946
299
100499
466
323
300
331
353
325
556
301
427
456
526
434
3207
336
448
11183
352
363
486
527
470
458
462
330
391
434
1605
434
415
353
313
359
1666
468
299
434
434
318
374
333
439
430
2997
2843
465
437
350
338
2304
484
489
677
494
448
307
344
2654
469
354
415
1008
4385
345
346
464
299
340
302
2533
2340
491
434
434
472
130701
126108
230851
224124
118374
119361
3511
346
468
312
8198
337
344
468
434
309
294
120
399
1101
339
463
471
358
393
434
434
358
363
328
327
351
891
435
340
1532
448
311
364
325
319
55693
434
482
485
463
298
443
511
310
340
1364
325
485
504
444
5948
485
522
459
894
2449
459
517
434
434
445
1219
315
454
361
8038
7546
2485
434
335
477
534
422
483
434
1239
6053
5803
6269
191
358
435
332
339
434
326
331
485
458
4320
8514
344
420
434
434
495
367
434
1192
425
325
470
477
478
464
5840
237
428
518724
519447
416
434
434
412
353
436
611
328
434
498
662
410
452
463
357
434
434
450
473
364
1535
296
422
1034
305
339
344
352
475
325
52
341
3166
325
1471
358
358
474
352
362
1334529
374
467
443
469
331
306
404
360
367
299
328
786
319
303
349
468
354
440
338
310
443
302
2110511
2111186
326
443742
296
344
364
403
385
355
324
316
326
211
450
2277
3855
749
824
2035
434
434
419
383
372
356
329
434
434
491
334
317
343
6261
743
317
301
8899
487
499
343
475
349
378
368
364
434
434
434
308
346
320
369
378
340
332
337
325
467
434
370
369
360
365
269
350
341
348
356
365
385
434
430
312
320
368
343
366
350
358
421
306
323
1355356
1353013
1350460
326
337
354
320
354
312
371
327
375
303
351
321
377
832
471
651
465
542
376
323
320
457
316
370
329
315
459
91984
91359
92311
91440
91250
92167
91380
90508
90456
90428
84363
320
84067
91438
91335
91706
326
4494
329
362
364
355
383
324
325
357
361
365
659
345
480
369
388
350
419
362
297
332
358
334
373
373
358
353
474
348
745
376
326
358
337
312
331
300
1196
295
345
355
388
342
346
316
323
329
353
312
328
366
499
493
316
366
379
373
648
426
565
377
362
3229
328
331
365
351
423
385
442
490
326
385
370
480
482
311
358
314
340
434
434
490
372
311
331
378
354
362
309
361
368
655
294
396
351
434
434
496
333
333
317
308
980
320
484
1955
377
449
1161
320
501
325
359
376
480
640
452
9554
434
567
426
348
356
450
328
437
480
330
375
330
343
350
312
432
426
7444
112813
113734
1249
434
298
8089
13307319
13591832
13581363
13538820
13475957
451
2320
434
462
434
434
451
2942
486
302
536
499
411
479
316
384
381
244
326
5258
414
348
8706
7604
479
447
47
434
434
498
289
567
286
391
353
360
427
382
366
289
1486
434
335
307
163
80
478
434
453
558
321
396
434
434
3157
335
465
458
369
325
362
463
469
351
348
434
434
1832
462
399
327
317
347
46815
453
305
387
434
697
1797
434
1852
342
359
359
434
505
572
313
357
363
363
337
482
330
365
329
515
331
369
386
26858
401
407
117888
297
434
124255
34312
49838
40252
89707
74224
106719
332
331
344
434
306
56
54116
323
351
434
24550
4793
361
325
311
324
50263
328
368
371
434
308
76
360
366
331
330
346
306
353
136968
434
2932
9315
327
166173
50113
61852
312
136671
83720
52853
41807
163286
20427
338
1052
1284
316
308
333
5129
434
507
2127
2700
348
485
457
430
353
434
306
289
366
1164
434
366
363
309
344
334
357
299
336
17107
10314
6117
387
367
433
341
3682
396
427
434
434
470
462
523
380
370
339
354
337312
474
451
414
496
425
326
362
372
476
324
434
371
2339
298
415
552
451
494
362
369
304
496
346
3020
315
323
360
375
374
349
341
466
495
304
434
434
333
307
434
382
302
312
301
321
309
4740
414
471
491
506
309
435
462
480
475
315
344
466
434
292
302
502
307
296
366
319
310
452
312
473
320
335
349
465
2756
467
434
472
455
423
434
325
1187
2488
3229
667
830
362
363
496
485
2358
443
439
496
469
503
377
441
481
342
480
464
295
434
459
205
434
1219
486
2381
756
350
436
434
957662
599737
505
464
428
314135
475
472
486
448
333
434
448
382
469
484
358
4503435
4504228
6077
434
434
422
302
491
457
6120
433
410
489
1133
1133
444
447
6083
434
484
434
15315
329
469
525
327
434
439
470
434
411
465
503
460
1408
456
434
434
498
357
366
451
339
332
434
314
367
350
305
473
420
2534
630
478
793
448
523
4738
463
555
120663
120672
471
428
532
451
468
471
287
513
441
1213
2028
333
376
308
337
324
343
507
995
957
520
434
434
526
326
352
462
464
359
390
316
317
349
339
353
329
370
326
1044
378
1814
358
334
332
294
332
434
341
368
358
319
365
359
339
336
368
390
326
377
349
1723
309
7092
6134
1360
357
326
351
359
345
330
324
325
339
334
367
315
352
436
367
1130
343
330
289
338
342
503
368
566811
567770
440
342
423
352
346
310
334
310
342
425
497
445
452
2208
367
341
370
474
1162
1530
152
7433
363
326
369
1014
337
377
449
364
338
338
360
20131
475
336
312
347
4020
6060
327
356
323
522
434
439
314
348
371
1087
814
1119
340
6059
348
316
434
344
355
492
436
508
351
434
336
445
520
429
1529
336
501
1217
485
339
1475
363
457
373
311
470
455
320
469
447
434
323
373
385
379
303
460
1557
429
7922012
366
357
336
451
427
349
423
340
313
352
515
522
352
486
330
329
356
1879
496
1821840
1577517
1577889
1578144
1578398
1379519
3053
392
364
363
356
345
311
357
345
418
359
2631
338
1227
1788
519
346
318
343
361
335
362
301
319
1420199
346
301
345
368
447
305
1351
389
362
341
466
1726
1918
375
322
573
386
344
379
305
374
375
482
483
305
344
1017
439
310
434
163
352
318
342
303
343
331
379
429
340
332
480
396
334
301
75425
303
799
321
333
343
1339
335
375
302
328
334
314
317
296
305
462
328
429
306
372
307
316
377
1470
379
1824
319
331
330
498
298
393
453
332
412
318
365
3820
338
352
428
480
356
23611
315
455
609
362
434
1106539
1107018
431
501
309
384
311
468
375
1944
518
442
298
498
448
354
375
351
315
843
428
478
452
516
464
534
500
465
373
316
5974
469
506
336
374
504
457
491
369
334
567
434
434
321
416
304
30695
30054
434
369
331
306
345
350
318
448
1060
300
481
300
313
375
331
433
359
339
364
328
305
792
330
453
368
463
26105
341
465
973
6091
450
349
424
522
321
317
335
330
323
372
367
306
472
360
498
398
446
574
742
731
332
355
434
332
6101
413
341
415
434
314
295
340
337
332
301
324
301
339
413
278
330
449
357
329
350
343
511
339
2632
155551
156478
178673
566
5660
5749
54030
53871
1779
503
371
424
301
294
334
292
338
364
323
363
357
1925
498
317
292
345
1218
75783
76639
1540
91439
91420
92506
85947
85167
84307
9809
9639
1852
8552
7651
434
96969
96108
2909
3054
333
302
327
371
380
364
330
314
856
55941
116242
55849
115296
434
56727
116225
58295
86865
87858
87719
42903
43769
103899
106682
44115
50562
87781
86094
86084
85206
59774
86642
45663
758
62623
61756
61972
61279
62028
62122
60450
61328
34502
60498
34466
62181
34407
35291
35658
36080
35169
62233
62134
35163
35993
35126
60163
59302
42793
59767
43591
42115
59497
58674
59599
58664
59509
453
1415
26197
24143
25424
26356
26051
25153
25205
25941
6139
25313
26045
25258
15283
16173
434
2633
463
436
466
1981
1222
103968
102651
104054
103025
103782
103674
102752
103879
103026
454
103555
4052
103193
98316
419
1048
2199
947
96406
95545
96872
96763
96899
95769
434
4930
519
434
454
1112
74591
1959
434
434
449
425
2526
366
354
320
327
844
354
368
327
2652
433
4928
325
323
249
333
334
430
366
335
336
363
460
1193
343
338
328
323
367
321
335
3348
11316
322
309
300
324
317
340
336
392
307
343
341
335
340
310
319
331
377
442
472
322
370
361
456
375
332
314
378
345
341
305
481
323
316
484
297
306
343
343
361
361
332
326
341
447
326
320
105
338
344
375
434
332
355
294
377
332
368
459
391
387
444
318
440
325
427
521
434
434
305
429
464
487
434
434
385
648
467
484
737
6129
334
322
39691
1441
38045
372
3727
324
467
444
449
552
72811
77943
84989072
2587
353
42636
447
464
352
2900966
2901734
2892149
2892818
2891694
2898844
22773
2753545
2750901
2754277
2753468
2900694
5838
2865830
2861289
2861596
2860599
2714949
2715153
343
2775221
2874587
290
341
1159483
1158341
335
2864
348
1166264
335
368
359
47258
354
480
3472
330
320
9434
415
375
411
499
434
434
445
440
2022
475
434
828
455
335
306
676
338
378
354
9389
466
468
320
478
363
314
352
316
475
465
313
1159
1159
418
359
21898
354
363
332
329
9580
385
2080
1108
926
434
327
4727
434
434
34643
355
434
434
501
6096
491
2019
6132
11695
363
373
343
530
306
309
319
346
1293
440
434
311
311
341
4990
504
134
312
320
434
335
465
473
475
473
434
434
314
5318
434
40
414
506
442
425
944
312
296
1734
439
461
510
421
464
379
493
359
847
515
363
1403
4266
26
469
25464
381
479
450
380
504
2959
313
342
460
334
377
459
347
322
475
423
335
354
314
340
323
324
1087
361
355
364
515
489
364
322
302
412
1763
3054
334
333
329
318
315
316
481
309
1139972
262
434
364
346
289
324
445
432
347
303
224
468
384
427
455
381
5928
13499
334
497
313
458
451
324
429
2621
2173
8736671
8734065
4283
451
133569
431
320
351
1032
434
434
317
436
461
351
6095
2461
2919
449
3684
539
346
351
125
18
315
442
423
394
6090
472
307
471
382
319
509
466
1261
536
350
433
1991115
1991671
371
4555
1274
328
466
436
557
482
2511
287
4284
303
434
434
312
523
538
5972
6888
433
323
378
364
472
318
382
438
634
353
373
70931
374
456
322
374
388
380
353
357
349
358
341
368
427
374
2272
371
3820
429
434
444
7364377
434
434
434
434
434
434
1148
434
7357328
434
434
434
434
7354154
417
3202
470
448
352
434
434
388
384
365
349
378
3410
375
337
95
364
328
434
336
321
337
391
812
356
365
363
437
361
512
367
420
467
388
306
342
347
389
29991
152058
379
364
349
354
349
333
463
308
318
1580
335
322
319
1728
3065
859
371
409
328
339
375
388
331
292
328
299
7505
301
375
377
420
386
516
457
434
434
315
301
375
329
374
335
1234
351
395
311
430
371
385
376
433
245
434
60591
333
358
387
324
330
485
356
364
383
372
434
434
434
335
353
482
358
379
373
518
376
335
334
434
434
357
393
388
370
332
368
378
325
310
351
297
369
360
358
376
477
347
297
376
312
370
475
357
367
352
303
309
305
339
376
363
337
365
369
390
490
340
353
363
445
361
488
375
374
315
354
336
383
486
699
310
427
879
323
323
351
344
379
340
309
364
343
356
357
315
315
328
503
339
366
731
338
394
349
336
639
304
307
313
357
359
324
348
319
502
396
967
1159
275
556
337
579
911
312
373
364
384
324
377
363
327
582
357
667
356
366
336
378
355
365
368
381
448
391
379
349
380
458
329
324
306
373
362
317
325
453
362
337
360
362
377
359
332
327
369
368
296
339
327
434
326
390
369
502
394
336
503
369
336
350
1741
2623
355
312
358
336
335
3
730
515
341
365
386
333
369
369
307
338
373
388
371
324
434
434
628
370
380
360
388
338
323
380
311
505
361
365
434
380
147657
146878
137825488
141392
316
376
330
325
375
454
373
357
353
2109
323
227
342
332
343
429
336
337
360
385
336
754381
754960
747608
313
353
378
326
317
376
316
306
324
335
320
913196
339
363
317
356
298
358
383
377
329
354
361
488
382
337
5856
5276
359
472
517
291
415
348
434
434
429
434
1866
218
309
504
443
448
434
434
432
433
427
375
2610
361
459
434
434
464
328
343
2332
457
1303
466
442
471
296
47204
129506424
197
433
309
332
350
1974
349
356
21670
22170
1926
446
514
471
336
487
433
337
334
427
358
357
498
454
335
434
112689
326
357
567
610
512
471
461
483
482
449
3470
324
499
2985
294
352
415
2089718
2088823
22739336
373
605
480
426
478
435
4863
4736
344
300
434
20410100
20410108
20409210
348
832
360
362
434
319
467
440
328
4775
472
16991
16030
15152
19623
486
432
326
348
323
335
341
11586877
11587703
335
345
323
324
450
617
340
448
451
486
456
511
355
307
470
370
341
346
356
312
345
479
380
346
362
318
324
346
415
383
368
17189828
319
457
331
480
466
329
381
434
48643
432
109
462
484
306
498
837
4395
352
492
470
456
479
310
137
420
488
411
708
945
385
845
2353
317
452
323
392
319
10059922
331
335
330
495
7037235
364
2479
372
318
383
360
360
6045
318
7111917
7006706
6558165
6170944
398
383
294
442
115
395
387
4276
357
351
349
492
384
333
327
337
364
21420
1696
301
302
329
358
314
328
326
333
305
326
309
365
339
352
351
362
368
321
434
335
351
381
347
12793
3791281
2388111
3629068
3777746
319
313
318
298
335
349
329
332
1566383
313
304
300
310
359
306
319
488186
293
326
365
309
306
301
1457925
360
329
130894
327
394
378
11
323
434
353
376
352
7390
345
353
312
317
371
298
332
345
373
340
337
333
322
315
354
340
434
396
373
100307
338
338
388
380
346
434
337
434
2597
347
329
364
349
292
375
340
338
351
340
326
38258440
434
434
302396
346
434
434
365
314
314
434
2280
339
311
380
382
836419
835054
688660
689493
688629
316
370
434
328
370
398
347
368
328
359
372
327
387
391
320
371
318
2520
9694691
9691438
340
375
227574
351
367
4523872
7238241
9316518
339
4228
311
331
328
5831386
434
5783183
5731058
5509602
5438651
5438302
5293923
5294458
35073960
35074436
8544
9176
309
364
342
470
378
298
346
355
362
434
434
434
481
434
434
434
434
434
30282264
306
384
318
348
337
380
450
369
352
380
337
303
375
381
451
308
340
330
314
333
323
1093
335
372
339
318
374
377
346
360
373
322
336
355
502
312
434
442
374
1230
354
349
344
358
315
352
367
2848
329
25446810
337
434
364
322
297
352
363
314
429
304
371
163648
372
499092
499927
375
25680272
25535320
435
487
326
368
332
341
330
382
341
324
463
536
472
425
469
10114
345
494
306
434
485
465
489
434
441
477
472
307
478
520
482
2824
415
414
506
2253
329
476
478
434
2219
443
508
473
339
316
434
434
371
429
504
359
344
572
467
362
416
465
368
1096
434
434
476
312
378
529
458
451
243860
329
375
337
354
372
322
366
300
340
347
327
346
347
299
354
375
443
317
332
322
362
361
333
301
314
318
371
1307265
327
350
127390
367
352
324
348
351
356
344
346
434
434
434
1671
434
2312
2237
258
1391
434
434
1105
2212
434
434
326
434
434
434
434
434
434
415
434
827
3097
434
434
367
316
320
610
306
1045
305
371
312
358
323
2618
329
330
315
344
463
52311
53135
53179
469
338
327
338
329
452
472
521
523
456
327
338
331
351
333
328
370
483
313
103
332
342
332
380
434
434
365
459
472
6534
487
434
761
313
320
418
314
446
1308
434
6077
2057
460
370
322
444
457
3512
1183
449
342
295
362
436
434
434
434
473
5610
377
443
460
432
337
366
366
349
376
498
341
329
321
1927
323
359
354
305
357
337
351
332
356
372
332
369
346
331
358
337
454
382
346
333
725
516
14216
13622
434
434
325
295
1342
434
434
355
304
347
800
332
355
372
347
493
462
372
388
337
388
325
307
332
310
329
298
334
9251
467
297
343
363
446
461
309
25441
26362
434
434
434
434
434
434
2120
434
434
434
434
33593
31456
32347
31509
15062
5300
9611
434
434
434
434
434
434
434
434
35989
18073
18112
18857
36091
56772
56925
36872
18665
18735
19437
18665
19028
20063
19215
12649
18912
3291
434
434
10729
10912
21400
10052
21441
20671
410
9744
10547
9575
434
434
380
432
377
350
315
378
356
468
492
358
767
983
311
486
38
448
358
338
447
434
345
347
544
477
327
363
382
4089351
4089840
4050425
4050851
352
4025693
315
365
356
382
295
3600575
1974
3571354
367
393
8542
7683
435
328
362
376
310
1427
329
348
382
491
455
336
1681
338
329
1374
366
502
434
434
434
434
958
981
2615
356
332
347
325
396
325
522
366
475
342
154
420
719
345
1311
332
785
563
341
306
1601
339
511
369
461
356
362
321
309
346
364
1423
1128
396
347
356
368
344
347
311
757
354
365
371
434
491
746
318
315
309
344
337
374
311
1005
325
351
324
326
304
1996
321
357
320
336
332
325
319
312
553
369
374
329
222
353
355
304
370
316
390
303
338
314
309
1513
1731
304
357
612
364
401
366
351
482
358
293
356
345
348
380
371
314
394
383
426
364
352
303
357
298
382
338
1010
424
780
487
358
382
325
336
288
306
327
327
311
296
339
366
348
349
373
417
342
751
471
636
252
369
468
337
383
387
657
318
325
371
391
383
321
382
307
438
324
328
376
344
378
377
349
310
300
314
386
310
322
362
373
356
324
29616
372
308
302
334
302
382
871
339
367
358
376
355
340
298
5040
334
285
384
349
375
344
356
392
2687
373
383
3949
332
336
307
349
295
381
360
361
358
834
315
360
371
334
462
348
317
318
354
468
1192
354
1160
366
347
416
322
359
323
385
314
770
353
684
334
394
366
357
337
520
321
316
376
390
335
368
339
354
368
483
360
396
414
544
303
359
367
391
328
359
348
333
359
369
476
536
1504
1151
624
370
353
361
329
381
730
311
250856
460
305
332
324
323
672
7573
2115
465
494
672
365
524
501
302
320
346
515
394
317
444
424
442
373
978
577
3151
353
386
434
55
395
338
1677
168
362
309
312
341
242082
312
479
476
432
410
434
434
434
434
310
434
448
324
6236
12664
526
350
357
366
975
1344
1007
361
449
483
340
391
372
363
326
367
382
323
267
499
442
434
367
434
434
325
316
445
422
318
348
371
367
350
332
320
731
99461
99944
341
360
443
364
688
434
341
335
2058
18552
4007
324
430
334
382
325
434
78
143
699
474
434
360
339
385
738
353
434
434
458
350
1675
423
468
11285
1619
332
343
354
434
359
303
434
363
372
326
333
378
1306
1669316
477
329
665
5197
306
453
391
332
293
463
414
349
373
432
43539636
376
354
367
324
367
329
332
324
372
9955
370
356
364
320
349
342
349
332
362
373
348
347
323
336
339
316
337
311
332
352
332
315
343
379
366
314
368
352
366
376
384
338
329
307
353
375
320
372
365
363
369
377
379
354
372
377
367
381
364
336
380
345
340
377
379
349
339
328
341
370
383
340
354
306
352
356
332
380
366
338
371
381
386
368
338
383
334
365
372
341
333
367
327
377
352
350
344
374
379
348
329
349
366
366
342
335
322
336
385
434
446
470
375
372
434
358
442
343
479
479
51
448
479
1067
381
434
434
372
439
373
362
319
438
438
391
369
302
365
313
330
336
475
354
434
433
330
310
342
330
434
5793
5680
10329
1408
8825
3498
4428
502
552
366
495
333
289
330
542
434
357
359
367
506
437
361
464
518
328
434
305
318
362
300
357
326
373
474
440
487
545
345
825
473
330
356
329
331
340
319
335
328
890
1112
421
443
463
114
434
6076
483
434
293
322
4084
369
461
411
476
430
571
1078
363
311
325
335
345
352
434
1631
5593
538
296
313
364
8541
8163
468
456
325
1124
364
5569
323
1834
502
332
472
448
3900
420
319
450
430
544
442
521
437
436
327
434
370
377
465
381
313
309
306
325
346
320
293
485
447
320
525
528
455
519
363
337
359
339
350
473
296
374
492
453
500
330
353
307
394
387
76
334
331
434
319
339
483
495
462
455
449
490
434
434
454
473
440
482
327
341
459
446
468
464
541
461
588
481
444
332
446
1381
497
589
470
435
330
721
434
445
353
346
426
501
473
357
6694
437
477
459
347
324
330
330
371
334
317
434
6102
415
488
6136
434
434
434
434
434
388
1027
327
312
467
326
22
464
2981
452
323
534
306
502
333
375
434
6170
330
320
335
327
376
447
389
346
329
557
308
3728
466
330
492
487
481
336
369
366
340
376
434
434
434
347
366
318
324
372
359
478
328
309
357
372
342
376
471
367
334
367
366
363
339
333
434
363
333
347
1105
49
344
315
618
501
313
374
385
328
341
448
363
434
324
580
324
308
963
355
387
387
341
341
361
374
305
361
485
357
381
37214
38078
353
516
423
376
377
317
355
317
375
395
392
387
1955
360
344
373
329
371
715
379
375
487
344
465
322
335
505
301
369
333
347
482
345
283
1000
311
968
574
502
385
304
359
346
368
365
401
340
322
663
347
342
308
363
300
3
347
292
319
330
391
323
361
434
360
325
312
357
870
367
324
333
359
480
350
363
349
288
350
521
459
6145
351
442
358
507
448
451
491
347
434
327
505
449
478
5500
4514
380
445
512
430
349
35167
348
1187
308
312
360
340
334
351
310
331
1012
338
464
460
436
513
420
434
305
434
476
1204
318
519
440
381
434
465
312
2850
414
434
507
439
440
440
377
369
2263
469
332
6638
513
480
472
364
347
349
5567
451
194647
503
319
346
482
338
291
1528
18747
19588
331
318
470
523
441
438
463
528
479
5388
322
434
434
460
469
352
360
361
456
456
373
457
417
1662
5489
302
453
413
489
505
429
700538
483
320
341
364
350
515
376
329
314
334
334
362
366
345
333
319
357
345
355
316
346
323
442
1235
347
332
333
339
318
1224
485
836
382
296
320
294
352
304
150
353
27284144
324
314
2754549
343
2331943
365
357
434
329
338
2631754
347
320
352
326
337
370
323
335
357
306
324
434
327
334
327
368
19640796
19640558
19640118
328
395
345
330
347
368
359
434
375
347
347
314
330
19605348
19614128
335
434
19609016
1199
313
346
376
356
22988570
22984664
22985118
310
27378308
27362110
378
352
344
372
434
383
434
22593346
22587556
22588106
22586902
21563950
21564878
21564854
22530904
22530580
327
317
455
348
340
369
434
370
324
368
350
434
434
355
313
318
336
434
332
330
340
375
368
458630
346
324
1017245
318
315
434
434
434
434
434
297
365
313
336
334
386
375
314
366
228
449582
297
68847296
311
380
323
381
343
351
470
458
5268
1165
20165
20139
21058
349
317
336
64
254
372
477
347
439
434
323
317
517
300
460
417
217
434
457
436
338
371
490
297
303
498
370
320
366
312
18705242
372
491
511
436
307
459
346
346
2612
360
343
446
458
354
440
460
301
370
1953366
1952614
356
457
425
330
308
391
429
479
434
520
305
350
383
211789
180468
434
2043
345
318
301
328
393
320
314
434
383
470
483
372
384
385
365
343
335
394
320
350
308
302
374
434
5180
327
2483993
460
358
433
338
310
340
297
349
313
385
346
316
1166
2895
463
304
337
377
490
329
418
387
509
364
377
302
472
332
434
434
2505
1657
362
475
857
433
368
528
439
434
434
969
434
326
329
343
357
324
721
298
783
860
19
1490
321
337
6167
5297
492
511
317
317
82
348
672
1749
434
360
219
434
285
2643
2037
328
344
333
3748
340
3095
474
369
422
144
624
508
482
373
313
2948
492
431
317
337
351
470
472
1295
310
434
359
493
473
466
324
1004
542
345
339
345
129
504
5277
481
466
434
423
517
416
416
331
310
373
326
381
359
370
339
301
353
711
347
330
334
354
360
297
354
339
340
305
374
343
336
434
434
356
483
1690
490
292
334
325
286
372
359
447
369
386
583
350
367
329
4003
307
347
338
350
375
329
303
377
353
376
346
321
338
296
344
376
370
334
365
434
434
434
434
466
434
434
434
434
434
434
434
434
338
957
352
332
317
350
328
343
480
359
353
362
361
346
329
1111
376
290
351
370
318
304
330
333
384
302
340
346
353
385
328
307
496
307
345
453
306
384
483
314
330
327
324
366
374
507
479
378
350
434
434
434
314
1095
334
380
1215
362
343
423
385
363
369
351
369
387
357
335
360
335
319
527
1528
327
365
396
357
374
382
392
372
438
429
363
358
316
365
383
382
341
371
368
318
336
382
3599
434
388
343
522
1111
298
421
324
446
370
323
384
383
389
370
330
492
345
467
505
310
370
484
382
294
323
356
378
349
323
378
446
301
324
373
318
376
331
310
338
369
367
328
351
379
388
316
321
331
320
370
2491
334
371
368
329
391
322
356
356
315
327
328
370
363
816
339
383
365
1078
1154
1410
373
353
309
316
335
393
358
434
15652
440
305
409
378
308
317
361
362
350
347
322
331
375
333
573
392
365
382
325
359
1299
318
351
364
440
356
294
348
364
364
341
484
309
323
345
330
325
340
322
308
314
335
323
330
363
352
374
301
336
317
353
507
328
385
325
295
349
302
312
339
331
355
554
317
586
367
434
434
476
299
305
380
351
822
427
328
313
349
477
902
731
335
369
903
341
351
338
309
312
323
362
299
371
1078
317
318
335
325
458
365
369
593
324
334
371
353
344
292
340
346
359
332
342
291
367
369
332
354
367
293
326
305
340
303
300
335
355
301
310
303
660
464
348
342
299
2270
505
1830
323
295
338
345
337
357
385
330
346
334
313
383
380
338
314
357
348
328
619
329
335
349
336
331
489
387
323
349
438
324
340
362
329
350
317
344
3087
362
371
821
302
461
342
373
612
303
323
337
317
312
311
470
366
363
353
353
304
376
452
371
326
329
333
335
333
363
374
357
362
338
323
328
336
331
374
331
355
340
978
1007
427
517
341
358
367
113531
114385
343
413
434
328
352
335
378
363
363
290
382
434
14596
310
451
492
434
434
2172
488
1215
423
468
310
372
385
352
311
307
359
361
356
2278
472
560
6070
6291
484
362
3241288
3240651
509
332
88
361
588
468
352
353
346
2187
321
343
339
347
304
358
415
357
439
415
370
363
434
1066
434
434
516
331
369
309
307
367
365
312
343
314
327
449
333
10269
111604
434
309
446
331
2876580
449
777
308
3954
4787
331
308
456
317
383
385
354
372
375
324
929
384
359
360
368
375
385
1769
433
452
361
14561
415
301
1935
327
618756
619371
313
448874
434
318
12665
485
454
822
426
441
436
432
324
392
331
360
329
325
503
549
334
356
360
348
334
400
324
333
338
361
342
299
1733
16020
372
434
350
323
349
369
464
320
292
318
326
434
97919800
434
358
309
382
313
355
350
368
326
334
368
329
317
310
329
350
343
328
333
353
311
288
147445
147285
339
370
1374
353
365
316
310
2475
356
345
349
235
340
350
333
349
335
2380
433
334
297
685816
685026
174
2793892
2280
2789587
290
304
294
339
327
6434
354
320
309
350
334
308
434
422
376
378
362
341
319
374
312
377
369
380
338
366
345
375
448
351
317
375
344
372
369
357
357
358
381
367
341
334
357
334
394
355
438
327
314
330
310
362
329
309
317
305
331
315
293
310
343
346
339
318
329
302
290
334
336
343
334
321
320
303
302
1630
381
427
522
307
307
413
6485
2388
340
421
335
347
56831
365
422
341
330
314
342
525
321
326
340
121
455
352
361
434
434
383
365
312
303
336
336
434
352
327
488
333
363
445
318
363
389
349
462
434
351
327
619
449
481
325
352
315
592
6078
468
470
414
324
11385
322
557
469
4692
17705268
291
322
334
346
340
485
434
434
434
434
1225
434
434
434
434
695
303
434
340
5248
1212
470
335
317
473
699
309
466
357
475
464
348
427
399
332
357
107
320
333
327
365
337
450
430
447
572
303
327
312
2086
302
462
297
834
316478
308
305
472
413
351
335
326
448
354
1265
438
434
490
443
356
305
337
461
462
422
347
292
352
289
855
331
72
304
472
321
324
365
333
316
365
2666
306
354
307
358
324
469
333
343
381
437
1496
448
301
347
1628
348
348
326
322
515
332
1952
332
509
295
448
431
445
434
323
2028
2309
373
307
328
314
456
519
316
491
162015
162551
160684
455
2341
3138
531
477
16
462
343
453
360
336
346
345
543
48822
341
374
448
451
350
365
455
340
340
372
307
372
353
350
510
430
329
2379
62349
8160
536
367
577
341246
2523
6055
486
3576
3001
363
282914
362
4568630
4567791
447
394
337
2432
434
460
447
404
327
827
3574
5476
300
1729
1521
318
371
377
503
497
433
373
302
350
503
515
433
361
355
309
256795
257500
370
401
375
303
341
368
352
334
317
343
358
335
311
379
361
421
423
315877
316837
3218
182529
180699
340
379
331
473
336
319
361
366
330
362
327
332
385
339
338
356
363
381
354
334
363
381
374
340
328
337
339
342
344
363
380
366
348
358
349
334
352
365
373
360
369
348
405
357
341
371
366
362
360
307
374
371
330
382
381
349
373
374
387
375
372
357
361
371
374
353
324
381
368
369
365
392
386
365
370
359
386
341
351
340
383
387
362
371
366
389
350
375
379
45865700
373
361
359
361
373
370
349
375
334
328
386
379
343
325
372
368
366
378
347
333
358
350
352
376
360
339
352
378
365
363
380
355
350
434
372
339
358
354
352
354
377
329
366
391
345
371
341
364
224
7098
25413
370
356
363
331
349
434
371
372
434
17405
367
323
10756
352
9943
347
364
327
434
434
338
434
434
434
434
434
434
374
380
327
339
329
373
337
346
320
340
363
364
381
368
337
326
349
365
341
385
370
373
352
3461
6583
16526
330
349
376
380
944
434
434
434
338
300
367
369
349
479
1564
510
471
293
318
323
453
340
394
362
343
324
673
361
366
356
353
378
345
335
573
494
380
307
312
493
315
481
874
320
336
318
324
330
308
313
331
346
350
300
314
327
323
358
333
332
412
315
359
300
322
328
325
511
321
351
342
355
345
341
339
543
496
382
391
311
310
348
310
346
343
361
356
345
368
361
470
589
456
96039
28485
434
333
370
341
474
350
3289
550
360
423
319
341
324
6094
424
592
330
476
343
465
371
381
434
465
499
413
331
549
491
493
377
455
437
486
366
345
346
331
383
351
342
598
334
308
358
2581
198
426
89
408
298
329
362
342
322
314
12170
11341
303
312
315
350
434
371
361
316
348
367
443
415
326
375
317
390
332
451
460
440
315
321
313
327
311
337
462
382
463
356
1968
340
386
470
594
320
486
3160
464119
311
688502
688053
3882
343
310
485
375
350
434
322
335
461
343
91
1286267
1286848
1193990
341
295
314
359
332
353
330
460
332
377
331
482
1975
434
355
329
434
326
356
451
490
326
368
434
329
378
336
440
319
455
353
4606660
4606270
334
362
381
364
380
365
351
378
374
381
363
373
373
388
372
739416
343
3783937
382
362
384
368
356
366
383
434
377
3482459
360
365
356
355
434
336
367
344
353
321
340
366
375
392
301
427
350
359
374
357
363
366
340
338
340
326
461
334
88874
1809
313
349
352
734
3789
586
338
289
93
1842
346
1378
1525
371
342
2945
486
434
294
316
352
358
320
338000
803505
321
360
336
345
324
320
347
298
322
303
328
304
361
1050
378
336
335
470
630
343
368
373
323
341
367
35
2039
377
43243
372
3202
351
370
369
2608
355
368
345
5922
350
370
17
110
315
8809
16721
16802
336
2607
1058
348
340
381
364
323
349
336
11259
6223
692
323
348
314
13136
364
356
363
342
335
337
329
310
336
348
304
327
367
379
367
370
315
37
4224
364
48919
391
368
375
341
373
341
466
336
473
303
896
378
4340606
322
175580
434
1272791
434
434
1273636
365
344
503
434
300
1617998
1070917
367
382
433
350
308
434
434
434
434
434
434
434
434
366
329
435
508031
508
489
374
568
509
91799
459
49698
48825
428
447
305
5280
454
499
9060
456
436
496
529
95
459
434
373
434
434
434
434
483
2036
273
349
314
465
322
339
323
330
317
319
346
320
336
431
2168
2008
418
465
434
96
415
317
110924
110095
309
398
318
328
331
328
365
341
354
322
339
482
360
999
320
341
326
458
434
344
366
358
363
340
346
365
328
413
381
336
459
363
339
379
2692
368
343
360
322
372
434
490
458
333
310
4152
470
335
145
306
373
372
333
309
1627
324
367
364
337
315
350
428
441
338
415
461
5513
5023
2042
456
412
360
444
364
334
325
355
353
348
1068
606
375
357
56996
57509
26668696
2207
15743
14925
5545
14880
15709
14837
351
434
434
325
2368
417
434
453
2565
434
372
423
508
433
386
139
2074
119
880
312
322
434
355
334
490
329
311
324
334
364
348
456
426
442
443
3557
3820
433
492
339
1267
331
331
312
3058
346
369
322
361
302
302
358
317
375
338
312
450
332
399
7763
361
375
437
306
547
460
340
351
385
324
302
503
490
474
314
323
288
365
338
515
444
462
271
428
340
317
382
362
391
315
357
314
559
817
433
367
339
314
436
352
350
312
323
318
434
326
330
327
342
327
325
311
365
318
291
320
530
374
333
331
353
351
322
332
335
349
323
323
354
294
457
485
5849
438
321
451
553
338
470
396
392
6099
384
395
357
484
325
465
388
316
448
362
475
424
438
360
376
446
305
362
368
466
371
440
494
366
366
339
318
503
457
434
339
306
347
328
325
352
369
356
342
333
364
376
365
369
331
342
338
348
345
313
462
358
382
434
434
434
434
434
434
315
179
466
468
366
3375
372
320
370
376
434
458
364
342
325
406
312
376
344
369
319
434
374
371
373
376
507
348
540
369
311
297
365
303
476
303
371
377
503
297
440
364
319
330
362
360
323
347
357
350
314
381
387
376
371
312
370
380
369
358
388
333
299
329
375
376
361
318
321
360
380
360
528
351
380
387
505
342
457
693
329
373
326
306
386
368
357
361
316
360
326
536
348
331
371
267
326
328
367
381
338
332
377
352
350
326
362
375
315
493
356
330
361
469
379
367
345
340
649
359
346
330
306
368
380
316
363
365
339
340
372
1247
450
351
384
373
452
349
143883
334
310
339
373
344
439
318
328
434
434
372
366
404
378
451
398
327
319
361
356
335
359
433
366
300
369
388
355
328
522
318
322
383
374
332
345
335
369
338
40
434
368
297
379
454
330
314
353
366
303
382
460
496
457
261
311
314
369
337
332
294
368
322
301
491
379
434
434
434
376
69926960
52751799
621
432
371
315
338
358
381
351
21698
395
396
336
377
466
365
353
328
393
353
377
356
383
373
340
321
365
327
328
95718
89170
499
435
427
1567
1539
24718
313
326
518
434
434
339
366
362
339
323
1029
333
426
469
327
344
434
434
349
1683
369
467
410
353
383
354
314
434
310
347
503
361
414
466
1494
351
434
343
20693
338
337
331
311
353
328
454
2056
457
420
414
434
434
312
283
350
357
434
434
434
509
442
472
424
414
937
419
434
434
468
500
1391
387
322
366
600
450
344
457
3325
3270
507
308
342
319
347
341
7976
331
386
456
1253
367
360
501
279
462
467
373
473
424
369
446
484
434
312
456
444
330
431
391
469
457
428
367
449
290
1812
541
374
464
451
331
302
300
313
329
341
308
6125
344
343
367
331
314
339
314
285
3320
336
362
330
355
295
306
439
1736550
1737084
1670557
1670187
3457
1091
2296
6397790
6397479
347
724
455
367
336
1048
330
326
542
319
348
381
295
682
544
307
338
6306233
40354744
40354376
40119540
39986256
39986796
39892968
39892004
39153240
39153808
33722
34581
434
366
387
250400
319
384
307
323
335
916
5176
297
326
309
340
332
318
11239
1547762
1604645
2591106
1183164
2573284
1165400
884724
1079426
791762
672661
297117
321
69078
56269
14588
30760
164042
132584
881
4101
254107
254649
21839
307
339
354
6376
310
346
362
349
335
341
6912
364
333
313
333
301
609
365
3402
434
434
434
434
434
434
434
434
434
434
434
434
434
434
434
434
434
368
350
332
1028
789
1175
901
1874
437
42654
43556
4552
378
344
352
358
346
500
372
292
447
350
346
2099
325
313
488
366
313
298
364
303
116
434
357
5104
260
337
17802
300
307
335
331
314
332
331
345
373
362
324
301
369
315
352
331
311
333
358
318
344
337
322
325
307
366
2760
323
353
304
341
327
362
332
362
346
364
331
347
361
347
316
364
371
312
327
364
338
320
364
316
1449
312
5449
609
346
327
325
443
355
322
341
333
320
361
340
340
336
336
324
356
345
340
2092
356
3763725
359
339
334
359
369
326
127986
128917
396
398
354
326
340
365
366
434
320
370
355
305
353
298
325
275
394
296
343
344
292
362
364
434
434
342
334
415
336
361
341
434
387
524
330
408
374
328
37379
1243
434
325
308
317
375
434
315
337
357
317
362
294
292
346
477
476
368
345
434
374
388
429
320
322
355
364
347
446
373
335
335
379
463
415
299
346
434
474
359
3286
428
2753
5177
2618
2147
3606
1261
1642
434
368
348
318
801
948
379
310
346
369
348
450
478
329
3524
318
302754
25504
482
3087
388
619
338
334
434
434
471
322
6074
493
424
518
369
2193
868
365
434
23006
23809
251
291
434
434
452
495
475
2248
2811
456
400
325
137
2131
445
9486
301
361
330
379
1707
1769
344
455
441
368
463
484
5519
434
29163
30009
306
434
428
320
3357
17572
461
307
4423
330
324
359
424
324
333
434
345
462
484
335
363
338
510
344
433
376
322
307
466
363
363
374
357
333
334
434
1426
1483
331
373
359
321
319
364
337
349
5352
162
359
368
309
311
338
434
351
327
362
322
418
435
341
316
332
349
320
349
333
374
355
341
381
320
383
314
418
332
327
361
424
362
1739
375
324
334
378
12813
13617
924
380
395
475
447
370
351
298
321
373
366
315
367
315
343
371
250
528
486
142
309
359
372
320
332
367
344
322
361
4315
5140
485
452
337
308
314
459
340
382
413
372
338
364
371
373
370
337
62986
341
315
308
477
455
334
358
347
331
374
331
316
1253
349
434
315
376
379
434
434
380
331
300
339
325
889
320
370
355
363
363
448
427
357
813
434
5748
767
332
380
363
371
427
500
329
312
434
332
317
324
312
350
306
434
434
434
434
318
358
308
334
1968842
1968234
308
322
342
328
770
358
309
447
325
434
317
310
434
346
337
503
322
322
337
364
340
328
362
1005
421
423
341
106983
105991
128723
327
304
339
335
330
19744
20604
476
349
410
1048
541
376
85462
378
335
1589
166450
167072
367
385
12407823
2156
376
378
324
21720396
21554270
21554804
369
491
40274
39781
302
14423
15435
276
434
318
54292
55137
54380
55082
54808
55599
54750
55608
54636
54806
30050
102157
70491
71021
28893
71514
30017
71158
41704
434
434
41591
449
442
327
39095
319
485
748
974
2646367
330
11027
1245
1258
357
434
295
367
341
347
455
1169
1148
416
529
360
331
344
339
306
458
445
3476
457
512
365
315
434
434
434
387
336
468
417
464
480
539
466
316
403
298
519
78161904
99512928
78161688
78180656
78182640
488
403
511773
510850
452
487
20967830
1077
471
481
457
471
411
434
97239
434
434
537
1734
348
462
2452
449
1703
339
312
320
328
5354
328
376
333
308
320
368
312
333
316
489
353
4294222
4293390
4294304
4295904
4295194
348
348
309
3789746
3792460
392
308
368
378
370
323
330
367
360
296
364
350
334
369
348
356
382
362
337
361
374
318
392
370
357
358
358
356
356
362
349
336
307
351
328
372
375
354
384
368
353
354
346
337
366
356
335
357
346
380
330
321
337
317
383
345
363
391
333
360
352
383
371
341
364
375
385
370
342
380
332
351
365
354
371
345
337
329
319
305
348
357
339
330
303
300
347
300
330
339
434
6639
319
319
319
303
355
320
297
315
300
345
970571
321
327
304
322
325
294
313
305
297
325
294
308
293
306
372
320
309
311572
311
332
325
309
313
324
331
355
294
471
1169
317
340
325
322
354
69064
1415
372
430
332
300
292
440
324
740
356
350
326
381
313
302
301
358
32998
306
345
320
340
1596
347
344
306
360
339
292
300
367
372
347
380
378
288
472
423
370
456
533
466
840
434
434
434
434
434
382
330
322
360
457
363
2124
349
469
452
6844
434
1767
4683
2555
464
340
366
318
322
287
355
296
340
326
327
389
339
365
332
376
348
329
305
330
369
356
341
336
433
327
94
1252
494
341
335
340
364
309
367
326
358
515
364
356
333
570
351
344
321
322
324
365
320
3161
316
322
342
371
359
343
316
321
332
1990
437
488
311
434
327
343
303
343
952
1682
354
370
372
331
354
333
368
360
347
314
368
492
308
307
325
333
344
315
434
361
331
385
374
319
312
365
319
313
314
353
328
367
434
434
434
434
434
512
326
383
1581
499
10196
433
361
434
194131
195040
194148
456
352
350
289
267
465
291
2261
337
363
356
317
781
387
360
449
359
363
2761
5978
354
327
2149
1270
1446
742
1586
426
434
434
713
3475
351
414
360
344
319
151
3749
304
6969
601457
624
453
466
302
307
466
434
150
377
448
442
175
521
443
528
307
438
306
310
333
382
468
414
493
460
311
476
1138
309
1982
2052
2778
2645
354
433
459
366
375
345
387
495
373
349
316
328
434
342
350
334
433
362
455
21350464
373
348
369
466
460
334
372
434
421
286
355
380
335
351
339
359
389
383
367
347
332
434
705
434
326
345
353
368
377
367
327
310
320
300
326
319
382
359
360
351
364
321
367
370
321
326
317
332
768
454
365
324
340
301
390
363
313
382
341
369
1083
457
337
314
356
305
382
331
311
311
448
354
329
314
364
294
286
302
377
354
360
353
339
382
328
379
339
362
334
352
314
373
344
313
351
439
312
373
337
346
398
347
525
458
434
503
308
316
345
350
326
330
386
348
357
372
342
343
392
575
497
323
481
335
372
333
350
345
364
363
380
479
315
336
313
308
368
312
306
335
327
378
350
363
335
349
467
356
393
368
434
312
351
341
374
332
468
469
363
332
374
130
177
355
375
365
6113
450
347
514
448
319
451
12521
434
458
3111
362
310
652
161
1253
335
461
321
332
374
354
371
362
318
1580
315
410
337
332
443
392
234190
233412
370
373
314
335
312
329
324
474
326
309
415
340
330
360
386
326
354
353
361
134226
373190
372668
347
282880
282183
275591
274946
292
338
372
332
319
317
370
352
369
356
365
351
482
328
347
360
297
590
381
315
344
310
389
346
304
364
359
339
369
347
373
340
373
369
323
367
378
747
375
368
331
324
375
475
317
292
353
508
352
362
319
355
1090
682
353
360
385
368
379
443
311
388
326
343
332
312
351
377
327
364
368
389
5113
16925
434
3138
10333
5544
5801
434
5667
434
24842
41265
22751
366
335
96594
337
51475
434
388
272
47506
408
26732
373
400
20120
434
8108
402
409
398
383
434
410
400
434
393
400
379
434
393
395
324
310
297
323
315
325
298
296
335
311
338
323
1847
344
266
1712
434
318
434
453
334
434
434
5839
667
330805
326020
821658
17909
31332
1049359
320
11531
279140
294497
362
290
96812
309
914168
354
333
559121
380003
619687
771393
355
494896
354
307
450872
663438
325
712525
295
345
186090
309
554665
360
239019
434
315
127142
313
318
282679
311
314
315
327
59873
211874
326
108142
293
358
305
316
330
148808
298
413
308
313
215673
345
308
362
329
434
294
327
345
358
337
320
304
358
434
434
343
375
376
376
382
342
434
369
330
434
455
374
364
379
356
358
2008348
1537
500485
501405
500503
5189284
5188450
5134381
5133679
5132356
5130707
5058764
5058171
5055142
5054779
5054053
5053147
5052479
341
1724488
1723727
303
432
337
330
299
366
305
526
485
357
327
324
455
384
433
344
154
301
19193
370
1422152
1423063
1421860
1420993
1421819
504
434
352
486
415
511
366
318
388
418
498
410
488
434
434
137183
137787
1177766
1176950
458
503
434
434
334
99
348
368
338
324
349
559
3390
368
506
493
434
434
134336
135348
474
6204
6037
462
337
323
361
296
436
508
313
369
368
389
318
6175
369
306
349
9121
483
400
515
370
432
67
543
373
379
506
334
1348
502
306
470
327
323
315
349
456
498
375
303
1681
9086
336
478
379
365
303
301
5850
343
309
443
329
299
310
378
345
497
319
490
496
368
323
476
520
450
461
2472
336
331
340
5765
468
501
329
1748
312
315
314
339
455
437
390
385
379
36336
457
474
448
465
482
538
345
472
479
434
434
434
434
434
434
434
434
434
434
434
434
434
434
434
434
434
434
434
434
434
434
434
434
434
434
434
434
434
434
434
434
434
434
434
496
517
333
376
379
356
368
440
443
2075
414
375
439
8269
466
477
439
461
484
434
434
493
418
353
3360
4734
3936
495
468
456
501
510
364
426
431
559
374
445
349
2189
1150
428
488
531
429
434
454
299
1681575
1682594
371
367
346
371
465
9158
60
458
341
473
485
434
970
375
451
416
453
1563
902
1002
434
446
434
156
459
491
431
100284
2127
376
513
434
470
433
585
308
425
406
485
465
482
449
389
471
349
335
482
423
347
371
489
288
4271
422
427
424
358
371
343
360
360
351
518
366
325
345
323
354
523
498
2284
469
420
434
434
459
434
516
457
452
336
457
471
339
631
308
351
303
443
324
1001
370
338
376
434
434
434
377
304
327
376
343
438
381
309
360
443
369
1486352
425
429
311
351
371
334
434
329
327
370
344
961
384
471
374
464
335
317
381
335
327
320
295
337
343
300
358
361
367
338
334
318
342
342
466
297
322
354
363
371
299
313
312
359
339
619
315
323
320
290
333
332
335
370
359
375
386
355
301
567
467
314
372
373
347
323
313
325
1328
351
383
354
349
376
383
392
349
327
315
289
372
361
473
368
343
327
343
302
306
368
384
359
363
434
336
372
369
320
331
372
301
298
367
328
326
369
337
328
362
3935
366
383
453
346
341
300
321
385
331
334
345
448
367
362
338
304
370
301
333
404
364
380
375
359
354
336
321
308
1723
434
360
321
374
368
80
372
332
452
520
355
315
316
2088
378
458
420
2466
3695
1062
371
366
326
363
311
313
73875144
328
42543
330
832
1466
465
223239
2486
2349
431
782
444
300
480
330
332
465
334
434
434
309
337
1124
345
445
463
486
456
434
434
840
41846340
319
424
332
322
326
329
302
356
514
470
346
368
324
370
326
363
371
355
326
328
352
500
434
296
522
781
372
345
343
7873
331
28076570
357
355
472
513
316
326
5430
366
353
435
329
466
434
434
442
16110183
350
959
137721
140999
2560
330
339
366
357
668
1586
373
434
341
339
341
714
317
453
376
334
329
322
360
360
470
549
442
3383
327
425
315
344
311
377
336
504
470
325
356
312
434
152357
1504
434
342
393
307
442
597
291
443
345
434
462
468
309
343
330
434
337
328
341
316
356
342
308
342
326
70
3207
300
349
1732
309
362
392
333
363
462
314
419
328
346
434
421
359
361
338
332
346
297
538
434
491
352
307
541
454
325
307
302
324
361
361
373
357
309
347
307
31054
31871
305
341
336
360
319
320
364
434
389
367
380
324
434
888
299
512
489
296
347
360
430
415
362
370
372
340
363
337
316
496
458
326
514
604
876
521
422
477
452
465
2389
434
434
321
4205
434
309
444
522
463
370
434
434
451
360
384
468
533
434
434
364
449
356
360
348
348
336
460
366
337
385
434
8685612
383
372
352
9
99
451
294
375
373
15688
434
434
434
312
336
294
489
388
361
304
317
309
428
338
298
430
1136
347
357
457
364
335
375
322
441
337
326
327
370
381
363
392
434
434
375
501
486
383
303
483
327
393
362
436
355
342
356
322
322
336
352
373
342
308
338
330
391
348
522
333
358
336
365
352
323
307
342
345
325
331
326
367
343
434
434
374
347
311
314
375
330
309
304
332
519
361
336
338
377
434
790
363
338
348
321
348
347
315
354
477
366
370
357
298
321
458
379
1
369
525
311
795
387
352
427
298
338
357
342
376
366
371
331
381
377
315
86492
120023
119067
357
119239
119430
120228
352
96236
331
359
298
371
73135
353
387
380
384
376
373
367
365
340
380
376
357
368
380
375
528
28069
29007
9681
359
385
369
363
977
465
9457
1516
183138
434
434
434
258335
434
434
547407
475
24225
25073
24110
25091
24161
24058
25075
25142
24928
23846
112769
434
290501
113314
434
390
10984
11993
434
46518
298
47406
46397
47435
434
338
328
393
470502
327
375
382
335
434
434
434
434
434
1543
1412
346
434
301
357
316
311
317
349
326
335
434
373
344
374
12004
434
434
434
434
434
370
304
324
370
317
340
298
329
641
303
2035
306
311
382
380
358
368
326
375
333
376
366
380
381
354
335
350
8181
300
344
331
348
367
520
305
362
385
360
361
299
315
332
352
305
356
323
375
353
351
289
378
379
305
328
354
311
334
348
352
434
434
270
354
301
432
325400
324565
215689
140916
141746
207541
356
1731
10712
11557
373
993
471
913
374
628
348
433
351
327
389
380
363
2683685
395
369
30586
328
329
331
384
334
505
434
315
434
434
434
335
355
294
525
1989078
298
956156
922358
922811
914484
325
348
319
384
300
551
450
322
203
318
371
434
430
545
486
480
376
338
353
2109
455
312
482
474
1125
492
507
388
319
345
336
315
344
327
357
304
346
352
390
312
348
332
350
312
323
332
347
8534
348
314
477
425
314
361
479
488
334
327
326
327
325
298
331
354
322
335
355
354
304
392
316
427
484
356
33481
32784
434
335
305
493
458
301
539
485
334
482
477
3004
471
458
321
338
349
355
357
341
331
359
371
348
362
477
360
313
332
345
307
181
468
6354
6221
427
335
325
310
330
338
325
425
325
415
494
351
453
369
462
345
326
327
363
507
344
329
1738
317
434
427
361
323
480
439
339
327
307
341
370
342
312
285
291
313
375
414
348
311
367
380
349
434
434
413
331
458
769
327
310
313
372
2934
325
288
364
376
435
430
360
420
341
468
383
343
347
352
5087
443
503
305
386
365
340
348
314
313
415
416
319
294
321
318
327
345
343
2615126
378
364
370
420
453
315
437
314
345
2214088
2213383
2212411
2202643
2200850
2193657
2132575
2132054
319
314
331
341
311
12325
337
386
338
354
371
491
22740100
342
381
797641
792545
783265
361
335
357
12385277
362
3574225
13212
12336
338
373
472
479
494
463
333
169
23
308
423
320
1551578
2921584
298
329
331
347
3855
308
316
318
6041
358
415
518
336
3196
452
620559
434
318
5750005
316
339
425
325
357
294
491
2651
434
433
382
355
324
318
332
352
368
344
335
404
371
434
349
454
322
316
330
424
373
447
310
335
367
372
321
426
371
365
414
506
2461
380
433
442
1515
607
346
1378
1178
376
551
1967916
330
361
375
631344
533
310
322
329
335
364
917
420
471
339
381
355
387
353
370
359
338
352
338
345
357
353
360
9127
9309
9879
326
3017
1151
346
327
325
373
337
375
365
354
345
485
314
329
392
372
326
372
354
356
376
422
363
297
492
365
376
316
317
315
306
360
456
384
318
355
365
328
300
312
379
291
375
345
384
373
9131
348
338
351
378
349
373
1456
1220
456
356
308
364
331
336
343
434
434
314
318
304
320
327
319
350
297
351
322
366
367
363
319
368
359
355
340
299
365
292
324
316
371
325
304
327
327
347
332
341
323
331
323
339
322
314
382
385
384
343
311
352
428
308
328
327
334
332
367
329
370
451
338
354
334
359
549
506
361
309
311
434
434
330
3486
466
344
291
313
897
1645
691
343
334
295
332
345
351
337
612
346
365
373
341
312
335
347
345
323
364
323
550
379
371
316
341
487
1592
352
355
343
309
347
464
336
303
376
384
335
386
371
377
361
331
344
354
327
386
337
308
54998604
383
2911621
361
337
317
346
369
2098
321
482
412
313
1623627
2192808
339
2083502
6086
340
521
337
386
319
362
5897
5979
322
494
334
297
22072
80421
80946
68571
433
481
348
434
341
309
22117768
452
66353684
66354540
1115872
364
815193
321
7171595
365
335
439
338
1796
428
748
120
352
468
334
317
332
1903
416
502
420
372
315
434
319
71209
70275
336
344
160
342
3043
314
460
827
369
354
456
41
479
453
326
323
485
335
355
337
32
377
381
336
360062
344
365
364
12123
344
336
341
356
342
339
492
2424
2327
375
58965316
58965076
58965296
58970100
58972520
58973672
58973448
305
364
298
335
332
335
310
329
363
353
311
335
299
341
316
344
384
301
306
421
354
315
344
342
481
331
344
328
334
104863
390
364
373
256
335
434
329
339
473
344
89
345
345
345
341
341
694
331
330
342
367
350
339
380
434
434
335
360
434
333
337
307
298
330
434
434
434
339
382
357
338
341
352
293
371
338
340
337
332
352
2724181
7568269
11797472
11806736
1743119
5660
6455
7222
11805657
2489855
335
11804028
370
359
345
334
309
329
11801729
11800887
323
329
358
366
340
375
349
372
46892
2852
1266711
368
341
330
349
363
361
359
340
338
338
345
333
308
337
347
316
349
327
359
350
365
343
385
340
345
346
343
365
355
332
288
16157
6437
358
313
6950
1566703
434
22207
1763827
330
194054
335
485473
303
345
308
1099843
715118
371
317
293
319
316
313
347
307
189108
336
341
348
362
330
363
333
330
338
316
342
351
349
339
344
329
333
341
356
349
365
374
300
372
336
343
394
419
434
434
367
338
359
357
354
328
464
389
389
438
387
464
323
345
325
307
854
332
323
12999
338
370
332
310
413
404
364
43455
75929
75270
71621
72272
63763
63236
35666
343
363
425
327
450
325
359
377
338
331
363
315
361
511
372
374
374
365
414
356
346
366
336
381
381
328
373
422
487
415
422
519
482
462
3931
313
435
481
291
319
478
473
417
389
360
434
159
374
471
342
333
492
359
321
373
383
305
311
340
463
514
471
320
298
434
343
360
374
351
377
332
316
355
311
347
345
327
326
344
360
434
351
320
318
346
305
434
333
321
298
294
4196138
4196785
391
347
307
324
328
470
457
329
349
332
331
434
307
7714
8572
374
491
414
338
328
300
6459
73973
2835
70128
67257
352
309
311
316
319
333
480
362
310
378
326
329
434
434
2689
472
301
456
474
337
361
13285
304
315
434
175
328
449
389
467
342
363
356
351
457
392
346
336
342
318
327
343
435
333
303
445
346
343
426
386
333
340
351
375
347
358
358
366
2909
335
371
435
347
337
338
346
6310
5733
5650
320
434
324
354
364
365
368
328
370
338
372
345
3143
305
319
357
376
359
361
335
378
172
2820
1132
392
319
385
316
369
375
373
369
391
362
344
329
454
339
383
401
443
379
576
341
374
336
356
392
371
392
365
362
344
360
362
316
386
365
358
346
329
326
376
395
363
385
323
344
340
376
482
451
358
366
309
328
386
354
334
390
324
375
316
389
352
342
371
312
377
321
298
301
307
372
313
1024
356
340
323
334
327
358
548
384
328
367
308
316
357
358
376
836
324
530
337
287
485
377
365
356
360
379
347
439
371
338
361
354
366
346
314
370
299
322
381
352
440
494
327
1184
371
335
313
413
355
343
353
398
360
859
323
311
328
375
318
358
331
345
391
347
315
322
330
379
322
461
374
311
304
746
332
375
341
299
337
313
906
437
687
333
318
298
347
330
325
298
299
313
335
377
318
343
308
325
9559
362
447
367
368
313
332
335
429
334
364
446
356
309
352
359
349
312
328
310
316
375
369
306
370
379
334
392
319
306
323
313
317
333
271
1800
759
468
505
343
25135
3780
263
307
435
548
375
338
350
365
381
335
320
323
330
342
311
363
362
295
325
343
334
313
312
434
434
326
311
317
337
318
312
1395
434
355
434
434
356
373
332
336
144
449
319
313
461
313
341
422
339
3103
8895
310
1559
6128
544
462
431
438
448
477
1688
355
335
439
3253543
3221259
3157940
3157080
3039607
43345
2883950
4815387
4817178
4817857
366
330
436
364
327
286
353
328
322
324
3710637
3709699
388
349
380
922
296
347
348
336
305
331
346
331
330
387
326
349
344
372
309
2175480
311
307
1040
434
434
348
321
440
318
372
341
443
338
527
1566
1703857
310
340
368
473372
469596
459908
8442
443881
438076
426154
425492
410786
286543
287429
287292
286439
287449
285046
285972
285893
475059
426678
427231
8123
341
51245
29703
365
372
160
704227
374
355
374
4930390
298
333
363
326
18
321
365
315
4879720
313
398
356
377
3598492
567
379
344
326
368
345
389
399
373
366
3824
5185
372
6181
370
376
4383
3007
29
3649
3333
4126
360
341
365
325
332
363
173758
3868927
394
403
337
295
302
391
343
346
299
306
367
361
343
309
340
185
496
344
2092
309
370
339
324
345
338
374
615
818
370
346
394
384
362
374
383
390
1034
5134
397
287
7926
392
371
319
363
366
351
367
352
374
374
434
377
168
367
376
383
357
382
345
346
318
434
434
317
3865
348
363
439
290
356
1060
453
1301
344
382
383
324
298
314
369
325
377
361
327
338
336
364
330
372
349
356
331
385
333
313
434
434
1205673
336
320
363
313
311
321
297
312
368
367
306
418
320
345
342
308
510
330
304
461
322
337
319
304
418
319
328
300
100
414
463
28438718
28438016
465
443
346
329
364
431
375
365
106313
12558
364
25996898
296
1724487
12791
434
338
502
335
337
434
356
474
465
354
365
348
339
1073
434
324
337
467
356
317
361
332
369
345
370
343
342
2157
307
2431
335
357
317
349
336
331
300
318
451
441
303
343
334
318
366
315
524
393
356
322
379
405
339
6667
5631
7087
8111
365
333
370
321
358
308
344
318
338
337
376
302
353
77638
367
326
548
335
434
361
337
345
345
367
358
326
934
321
1700
355
5139
2274
329
374
335
356
437
339
347
366
330
334
340
356
336
318
356
330
362
354
301
347
332
382
485
329
333
493
307
301
371
562
338
326
673749
636158
593571
359
374
887905
887084
363
320
346
365
304
296
336
369
327
325
357
363
434
323
361
343
1398
339
434
357
635
437
347
1317
354
346
312
305
360
322
350
434
297
351
359
332
340
321
318
3059
434
421
415
341
704
357
343
300
368
2302
1608
379
327
2109
361
359
312
335
371
439
292
370
317
322
326
321
403248
347
312
332
321
369
334
302
2068
319
310
347
340
317
334
368
323
315
304
356
313
315
352
340
370
345
370
371
37467
331
355
379
367
301
333
355
3238176
302
457
382
382
354
434
1104
370
419
441
388
331
458
543
363
327
356161
358
298
351
331
390
351
342
442
478
301
368
364
454
6104
306
347
486
434
434
463
376
434
434
333
341
341
316
311
434
315
329
503
384
391
330
361
371
378
442
329
330
324
359
374
363
289
1356263
1356686
310
337
334
317
367
320
991
298
354
338
351
376
336
383
325
447
318
434
346
467
347
349
473
360
379
445
336
340
328
366
802
371
320
349
320
1057
345
343
334
525
366
373
360
349
552
3121
457
434
324
340
366
371
366
352
470
380
360
363
323
339
915
333
936
484
381
346
338
333
373
322
368
376
385
312
349
1212
1056
384
359
365
380
1053
380
494
457
469
3101
367
50053
315
365
363
345
342
345
375
1284
793
333
443
325
376
331
370
389
374
360
304
315
382
366
376
314
311
337
383
316
342
327
379
310
369
354
553
363
345
317
321
340
321
328
503
322
462
615
395
333
1084
373
346
357
342
329
381
292
380
327
413
332
328
369
436
345
307
434
383
316
434
337
382
570
348
725
545
418
327
314
469
505
436
434
380
486
378
464
1385
463
355
1625140
1625562
1625586
1624129
1615104
1560901
348
377
349
369
1702
354
354
317
380
371
434
366
370
334
462
1010
347
378
341
377
368
377
363
393
434
372
350
387
434
434
434
359
434
346
343
346
294
316
1424
2437
344
339
59892
5067432
4948385
24157
4865766
4885014
314
4776961
3886336
313
298
331
343
305
305
353
319
329
327
317
362
369
311
320
334
313
354
306
344
301
305
309
331
19288
4118
288
337
311
323
316
412
434
330
368
314
339
802
321
517
340
434
434
2580
377
357
326
360
313
352
1266
463
3653
3509
322
8837
458
302
464
459
7400
5473
5493
505
455
458
4586
508
362
410
334
324
290
434
11470
12002
363
372
364
447
502
455
487
469
325
361
576
462
347
433
349
468
322
632
470
3577
315
1000
442
454
340
346
766
367
371
342
374
369
465
478
323
374
385
372
461
470
444
357
316
434
342
358
324
318
367
319
358
412
465
326
4070
352
415
365
361
434
514
603
523
386
477
434
434
3995
350
128
315
434
451
330
349
333
537
363
313
501
367
341
392
340
362
476
358
1485
353
325
1144
294
382
342
327
460
335
6488
2378
1566
436
353
440
8301
313
434
434
1303
430
321
321
434
434
463
323
462
316
885
482
445
467
508
422
470
309
348
421
340
379
330
1809
377
358
312
600
329
366
617
355
370
331
333
323
335
344
354
453
440
330
331
348
432
331
296
313
334
308
326
358
343
459
335
290
292
565
598
376
855
321
387
388
383
370
376
364
325
353
378
363
481
319
398
336
319
330
346
371
338
381
329
456
373
327
336
347
373
326
379
316
352
365
366
347
330
331
327
320
364
352
373
361
387
452
351
309
456
432
370
363
327
367
366
342
354
665
366
335
335
361
345
362
351
333
492
173
373
333
736
366
353
382
320
366
370
380
308
331
338
334
304
337
379
381
633
346
3208
302
318
341
344
317
323
359
340
337
344
364
313
360
428
390
381
364
384
351
348
261
374
490
338
399
392
346
298
370
347
328
352
339
372
329
340
368
380
320
372
309
349
363
386
339
327
1580
436
361
321
387
335
315
354
470
385
351
362
316
330
349
338
346
335
311
353
381
338
300
379
356
349
341
379
376
296
357
318
369
341
439
368
372
377
303
348
2466
378
356
376
316
169
354
386
359
309
306
315
306
341
396
338
373
465
334
323
346
431
375
431
349
350
306
316
373
364
355
350
434
380
329
345
382
509
314
358
333
535
362
349
344
306
162
312
362
316
316
310
438
368
334
541
349
337
313
368
307
356
319
329
332
321
230
19
304
1001
335
345
367
376
357
335
324
319
347
317
337
368
476
382
391
321
312
362
364
344
361
555
337
302
345
311
372
16368
355
361
977
371
154
32
360
363
337
342
328
312
286
367
347
368
363
311
361
311
389
365
446
300
312
334
345
351
324
364
372
321
320
322
350
336
461
361
314
320
435
331
316
434
434
3025
8160
434
434
3519
434
321
349
317
330
330
335
326
371
330
319
434
434
335
362
383
339
318
301
335
335
378
361
2669
305
308
414
374
364
302
365
361
316
333
317
376
339
332
319
324
359
312
338
352
310
345
320
350
328
338
350
335
367
381
327
1846
312
339
357
321
330
355
332
350
337
318
352
312
329
319
367
312
324
357
38537
39470
39889
38972
374
315
336
318
333
306
344
312
342
335
371
502
321
357
373
311
353
370
330
506
428
365
312
350
344
318
321
393
348
308
359
301
2932
364
308
337
320
369925
370490
367844
367035
361
376
352
1815
316
338
349
324
341
334
310
3100
345
304
318
366
550
102298
101648
476
198317
192660
192225
343
338
489
318
434
326
359
367
327
348
306
360
337
347
325
340
306
362
330
324
314
382
324
324
315
348
328
376
509
335
327
376
333
373
324
313
331
357
313
373
376
370
306
739
344
323
320
316
300
361
315
339
332
322
372
328
364
335
346
376
366
380
1325
469
363
362
348
344
346
294
361
315
351
338
359
361
327
363
349
342
355
344
354
5369
5208
327
327
356
342
422
320
122159
200326
196141
153652
82216
80499
475
365
497
380
314
366
326
348
371
581753
58816
59588
62081
61129
357
379
381
329
306
345
995
434
839918
83049
329
2532
327
303
378
363
59012
3559
319
369
321
434
207790
534
518
334
360
365
490
359
379
144328
367
329
419164
419763
434
548
382
336
365
423
95099
94175
378
363
434
358
309
311
328
325
327
311
377
341
318
693
321
358
351
349
321
303
320
292
334
376
312
340
317
341
333
371
351
368
317
327
434
359
5106
312
315
335
325
302
1030
34474
33582
326
350
363
337
356
586
352
339
552
363
705
335
328
345
324
1902
314
331
391
346
381
364
380
374
342
355
330
342
374
3446
368
340
319
332
368
358
332
365
365
325
376
362
367
373
6008
380
302
372
322
460
391
305
351
4338
356
323
351
361
318
316
481
2312
370
352
852
372
321
353
344
357
342
360
332
318
352
317
332
330
312
325
337
2349
434
300
350
251
434
434
434
434
434
434
434
434
1839
434
434
342
328
371
383
355
337
332
303
325
352
373
374
357
321
328
341
376
377
369
346
350
297
356
331
344
443
335
298
323
479
450
367
300
318
571
304
342
363
315
316
324
306
317
373
328
347
339
341
387
376
344
345
373
333
47
313
381
338
339
314
341
337
319
361
340
332
349
376
338
372
305
324
348
319
390
325
489
1009
385
341
350
29734
30709
31771
168790
169338
380
366
360
355
314
343
464
5472
342
2461
694964
493
442
365
381
336
389
336
370
365
325
499
308
439134
438981
163733
168815
330681
267743
155301
318
357
434
296
290
365
332
332
316
46385
46487
302
373
684
370
331
343
343
380
356
339
1198
322
325
292
370
335
314
487
539
328
332
314
330
358
344
1004
348
333
376
89792
90390
367
354
500
317
333
479
320
606
363
338
368
334
378
323
337
335
325
319
434
355
430
356
308
341
307
342
369
390
362
375
338
306
304
362
349
331
369
314
357
326
353
1200
413
349
364
361
12184
331
362
336
303
345
328
364
362
380
538
362
360
371
337
355
353
359
332
399
363
367
347
329
333
498
1443818
349
6672
517123
334
324
370
341
331
320
4618
336
379
381
329
313
361
340
378
362
372
366
384
247145
246502
372
383
344
328
1616
381
357
311
329
43184
317
327227
328118
335
1642
329
295220
294323
36047
36237
35464
36227
35094
35059
340
26258
27097
503032
2021
362
309
359277
325
28859
30043
29811
30008
28759
465
2802
36779
35957
36658
307
343
332
17943
329
333
331
364
327
319
353
548
375
478
357
329
331
19772
18878
587
279631
350
395
336
57202
56324
56355
121383
20646
355
487
309
361
369
31319
30378
30394
94670
365
13802
14809
78087
63398
63331
64266
63353
372
539
304
312
368
851
959
656
327
375
378
357
380
363
324
377
355
303
333
364
360
370
481
369
362
387
10082
9205
10039
339
426
351
398
494
387
381
345
317
342
574
323
359
304
323
373
737
380
300
348
306
339
314
315
359
319
317
321
319
332
348
485
315
307
358
318
300
301
324
309
370
474
1784
353
320
325
345
1844
1664
33075
449
373
31
337
3251
341
302
1198
472
378
354
319
368
318
370
339
299
305
346
531
371
346
359
310
434
345
366
351
328
310
364
533
468
1409
340
358
316
468
471
319
417
305
6098
414
324
424
434
434
434
434
481
434
357
298
434
430
9733
958
364
2000
335
362
468
383
386
315
309
1001
330
330
311
411
463
415
375
8599
335
349
361
363
329
370
434
334
2699
436
324
335
357
484
74661
75421
343
347
895
357
330
353
385
358
378
357
326
349
388
467
346
383
364
355
296
434
328
362
434
329
316
415
331204
303969
1718
897
326
434
434
353
307
362
350
360
338
371
361
306
344
329
366
342
526
1565
334
9657
324
23088
2537
55
331
320
311
324
314
318
307
341
334
295
302
309
333
305
412
291
348
333
308
1867306
1863276
316
434
1858759
553697
1752947
434
342
324
320
344
337
139
434
329
434
428893
342
329
315
434
434
334
434
434
7075
251
8869
2232
9262
434
352
434
434
434
357
434
360
434
434
5925
434
1454
447
3356
346
346984
313826
434
7239
434
334
434
434
368
347
325
362
377
434
434
434
319
434
537
434
339
464
312
2735
500
369
434
434
330
297
1298996
407
396
31853
417
20089
366
434
396
241
318
434
434
683804
434
377
5379
345
482504
2855
629981
318
621732
360
325
355
1129212
1181775
1183899
1184133
2759
434
434
434
434
135721
223351
92045
434
434
434
434
434
1541
434
488879
312
315
350
320
3130
327
502
345
335
312
434
334
340
332
434
352
434
311
434
335
337
434
313
340
351
30
337
434
938200
938738
434
434
933684
434
434
434
434
352
349
434
939
434
490
434
334
449
399
434
434
156378
434
313
340
354
339
1864
363
356
320
341
434
434
434
317
292
434
434
334
434
343
347
310
311
331
319
413
316
371
348
242
363
354
333
15460
4026
17393
13829
20112
414
366
5998
5047
11794
1946
4743
8789
86
7796
288
367
4311
443
196
358
58489
342
341
118100
127
377
371
337
6814
374
378
356
333
399
345
373
382
361
376
326
338
320
376
332
367
330
371
315
434
362
371
329
334
338
324
458
303
308
310
297
372
378
387
430
1950
362
322
322
319
288
333
361
3326
350
320
314
463
357
331
352
479
326
302
770
356
376
353
319
360
387
371
342
319
363
327
348
334
304
363
339
371
316
318
339
353
342
358
358
352
364
345
340
444
315
335
352
368
358
354
428
328
380
314
361
380
496
1268
327
371
359
432
2738
347
462
2564
434
434
485
387
381
333
337
368
412
337
2830
5967
2518
317
326
291
323
340
312
354
306
460
358
356
327
342
50676
607874
618316
620659
339
322
338
383675
383026
369
1390
374
327
343
348
371
366
337
333
343
363
301
393
306
359
307
321
474
343
348
351
366
352
310
358
330
361
431
1756
304
326
317
334
311
336
359
493
315
439
480
470
353
1600
336
327
303
454
376
380
308
287
338
376
483
345
344
353
357
373
343
294
386
380
374
461
301
369
320
337
303
325
510
359
346
374
872
74
374
378
348
375
355
331
460
346
386
376
345
457
510
356
323
370
317
380
352
223
360
379
490
447
356
483
1117
364
313
325
466
348
324
334
324
361
384
413
327
324
323
364
373
364
329
366
369
350
391
377
331
320
314
381
318
304
363
377
400
374
355
434
332
388
373
349
365
316
370
378
337
529
331
434
434
385
379
316
376
356
364
307
356
306
298
327
382
347
286
380
1298
359
324
336
365
345
302
337
339
332
385
1005
304
363
333
325
327
361
355
362
383
338
296
358
368
302
318
295
327
344
333
348
1081059
1931706
355
434
37397120
434
36607540
381
355
386
347
3530749
387
330
310
317
379
349
358
354
313
434
352
4485
345
434
341
367
348
434
318
434
434
361
434
434
434
320
308
364
434
355
357
367
330
337
434
359
351
374
434
368
315
315
339
327
376
351
305
378
334
342
338
325
311
345
348
299
360
434
369
369
413
363
314
314
342
89
434
434
352
360
347
358
314
380
434
465
346
373
413
364
1954
55745
52206
434
325
434
381
434
434
434
330
434
434
434
326
434
2902
340
304
344
434
434
434
566
402
448
339
391
381
361
331
358
331
320
373
354
348
370
383
374
348
338
371
370
354
346
61
366
366
368
363
381
371
355
375
434
369
326
374
386
6770
344
360
357
365
366
304
434
384
358
355
353
348
356
342
434
434
309
355
458
1473
434
434
337
434
374
947
323
434
322
306
322
312
309
357
434
330
307
334
352
434
332
336
434
350
333
369
323
311
342
326
352
16282
19563
366
391
376
382
333
434
370
360
328
3082
319
415
434
345
434
2543
465
467
448
6418
440
383
434
434
344
415
293
434
434
415
5666959
516
641
494
434
434
338
458
432
364
434
348
429
325
301
81
365
634
598
6596
482
344
306
416
559
298
490
466
335
367
475
357
319
328
403
377
312
372
434
459
375
419
364
434
318
477
434
322
301
875
440
380
305
475
315
337
342
343
474
558
452
378
317
349
527
486
546
343
301
4490
4733
378
353
466
436
462
362
468
385
386
380
374
324
522
347
377
858391
463
508
336
339
444
333
473
336
300
368
349
317
381
366
309
322
378
360
331
671
348
426
358
370
306
365
316
366
18301
335
351
48608
335
443
390
325
331
318
464
484
362
386
694
365
364
353
387
311
364
400
293
340
329
458
464
307
370
336
386
589
380
373
350
169
338
185
354
356
332
308
376
368
362
357
319
413
383
326
492
340
323
339
351
330
414
358
304
327
1321
314
346
333
306
299
338
317
355
371
449
329
354
360
367
339
377
376
333
3048
434
434
5276
368
405
4360
308
1642
372
348
2344
284483
324
372
336
328
315
434
338
369
405
363
341
321
371
434
368
324
328
315
325
327
334
323
358
321
115070
114764
360
345
331
309
326
311
332
312
327
364
370
434
434
434
434
381
371
351
341
363
340
321
318
357
352
3763
322
374
383
416
434
344
434
324
356
382
369
348
319
374
390
306
366
366
379
367
373
371
370
337
542
332
333
325
329
884
339
324
313
474
292
333
350
326
350
262800
2838
434
434
1329729
1329282
1316245
1302648
434
373
313
342
334
345
300
351
313
380
330
362
314
350
387
323
341
358
327
357
343
376
375
357
368
403
377
350
323
306
319
336
929
319
316
316
318
1016892
1016144
327
333
298
3378633
324
356
306
335
354
328
376
330
342
367
48495
434
434
434
22725
21874
434
22798
21978
22738
22002
434
22954
22191
23143
434
434
50208
434
434
434
57282
58209
58277
57260
430
5452
1329314
1330259
1329245
349
434
375
1744885
1744297
318
1835622
1832175
1832786
322
326
2601
37182
470
343
328
350
322
380
356
341
317
324
362
312
487
300
309
257080
296484
295667
295641
296634
295686
296482
295647
295
416
496
318
361
1706
368
379
329
415
380
353
475
364
353
326
321
2309
310
348
2724774
2724296
397
310
367
324
337
307
349
320
329
434
361
311
349
357
364
360
323
356
369
303
348
320
368
411
376
383
386
331
325
455
1115
329
338
368
314
340
346
379
373
373
395
367
6434
6400
5548
6023
323
434
352
48950
53453
1339
353
346
376
1278
731
434
434
403
357
780692
342
357
348
302
370
332
353
354
414
346
374
322
348
347
421
338
355
312
304
322
295
330
29064
306
291
324
338
370
391
407
358
362
314
337
349
342
327
316
344
364
340
295
322
319
317
462
340
343
316
316
343
469
367
333
346
347
11130
11263
358
352
326
1170
319
311
333
369
339
301
643
388
366
388
380
344
937
1062
316
525
327
337
412
1594
329
383
336
927
373
311
341
379
2309
350
345
392
461
298
321
373
354
312
367
457
975
4
476
467
1972584
1971872
333
332
349
355
373
357
374
330
515
383
387
340
301
401
330
375
447
321
332
329
335
355
305
323
381
341
378
751
322
493
354
375
375
350
434
643
416
314
537
362
375
334
890
596
434
319
338
357
309
362
434
434
434
1764681
374
343
806
434
343
4421
344
299
354
448
508
327
367
391
320
306
439
387
355
350
474
495
328
376
361
350
317
323
368
363
381
336
322
365
363
359
360
374
376
378
362
368
379
369
318
307
346
359
324
303
492
337
318
382
347
373
328
365
360
340
323
337
325
328
346
347
635
139
369
401
368
369
383
361
371
384
362
366
377
313
367
358
379
339
402
337
375
363
370
335
375
362
397
2684
4995
368
6812
947
337
341
328
317
394
345
344
365
373
341
343
434
353
325
365
339
331
338
366
383
366
303
3112
353
360
3796
335
2385
2411
1260
722
383
342
324
329
362
5324
337
326
353
787
372
368
317
344
310
307
315
317
319
335
434
1685
434
378
508
434
298
315
337
434
434
1972
299
324
356
371
375
434
3348
2256
371
374
3761
1280
4028
4007
4892
373
744
367
1284
386
370
375
952
434
434
434
434
391
371
6393
372
5285
317
369
3862
370
370
393
378
364
369
345
362
351
375
377
361
434
361
384
369
347
351
326
1805
1865
461
40455
368
439
329
332
300
1033
333
475
11381
836
342
361
330
434
1150
30
2979
340
314
483
353
313
7223
6989
320
326
325
294
339
362
306
308
339
331
370
418
434
434
434
342
316
351
357
1048
1176
434
434
343
387
511
345
616
363
434
340
434
311
434
434
336
358
434
335
307
318
324
448
467
373
956
329
314
434
356
314
744
353
353
356
4290
326
26694
334
414
321
6992
1899
4465
352
310
434
434
337
434
303
324
434
434
434
434
364
321
309
312
335
319
324
316
392
319
329
6341
330
384
304
434
343
317
343
333
366
354
347
7370
10159
2925
328
332
434
337
468
342
337
335
373
382
385
388
362
326
371
929
328
291
342
310
328
2187
434
374
351
362
434
351
325
340
350
550
359
4671
434
316
434
434
365
304
349
331
434
372
317
325
434
328
378
325
354
39737
80051
61580
70674
76942
87310
101895
133686
1403
56871
66045
82811
344
322
434
434
434
26370
44459
54487
63212
69717
80753
127492
105785
434
46834
372
119091
341
76012
113977
372
41578
50117
57029
67014
91593
3947
334
513
341
5398
19466
25169
30483
37009
45893
57019
68678
102260
352
21509
27992
35552
47761
59416
92317
90002
7525
10827
25359
37494
50191
82206
5294
12645
20666
31443
45389
77675
72113
12005
72174
15125
342
6021
338
24670
10437
30832
49287
365
331
1316
23189
434
339
338
352
22762
31522
370
343
345
357
325
377
343
360
370
331
348
331
335
10452
336
355
434
323
347
374
378
434
434
350
434
349
378
354
510
342
354
368
20666
347
336
351
351
898
363
718
685
358
343
332
369
334
323
342
7810
1351
333
346
353
766
319
4129
332
333
357
69
352
341
434
434
434
357
3354
331
13707
374
375
379
372
369
351
364
996
337
460
366
16143
357
409
382
375
329
379
382
309
1314
343
41668
42527
8576
7703
9392
373
318
374
392
367
327
13704
18353
177
18929
19121
370
13644
19401
4330
2045
343
18622
15174
16121
366
361
338
334
358
373
372
68
363
320
332
362
363
309
325
359
331
434
1411
348
370
375
372
368
383
369
539
380
332
362
370
372
386
343
372
391
372
362
307
367
379
373
372
361
384
385
359
360
362
22
367
487
370
382
385
368
326
347
369
337
357
355
366
373
365
369
91
372
1192
311
369
334
363
359
15218
475
319
327
451
371
302
376
360
434
434
434
434
434
434
