328
343
334
1096317
428
703
928
367
347
377
375
315
357
323
342
330
346
283
368
310
1272
359
334
382
318
333
2261
308
300
345
344
322
387
330
65331
64527
51893
317
339
332
293
377
326
327
349
360
393
479
354
339
346
306
329
16970
353
373
320
325
353
11959
9529
96145
326
329
317
323
346
24
354
331
325
327
297
321
366
359
337
306
294
327
340
343
329
294
333
336
329
337
298
378
486
382
453
359
327
348
521
344
319
343
340
343
368
304
399
373
365
331
325
335
471
311
298
410
336
378
308
529
330
335
428
463
328
524
341
428
428
330
328
338
349
428
327
340
296
344
521
353
344
332
342
323
290
289
497
327
345
354
360
350
355
349
402
63
319
353
324
541
312
311
563
330
463
346
377
302
301
322
349
286
428
508
508
344
487
346
331
455
317
2114
476
332
351
315
249
346
315
339
297
353
327
349
355
295
308
12169032
328
353
462
459
316
454
331
362
326
339
311
364
340
322
373
325
309
323
329
13474624
144891
136817
146276
5437
336
318
335
326
295
333
346
337
292
19380
18574
350
306
347
332
604
286
23461
21648
22480
333
359
339
309
360
321031
182650
332545
329768
325128
444
334
313
8000169
394
509
428
505
487
470
328
337
351
317
383
352
300
336
498
334
358
1178
324
301
336
451
304
719
331
506
304
297
286
350
306
543
309
382
52609
330
24688
24615
23568
22215
23439
300
341
319
387
306
389
324
338
428
467
385
327
336
340
314
343
329
428
342
330
301
497
331
359
343
2864
339
349
318
321
295
125770
102940
117321
365
349
445
534
354
309
518
332
332
339
360
312
333
365
351
291
455
357
334
365
302
578
359
282
337
325
489
354
377
428
2724
312
336
298
428
356
324
342
316
340
370
330
331
347
305
319
352
317
428
960755
1103384
328
275
395228
560
428
428
428
505
377
351
344
334
332
298
320
301
314
311
354
351
319
331
38386
322
364
359
307
314
428
318
25620046
428
428
309
341
428
469
322
460
471
338
336
473
326
298
319
351
322
378
331
1224
379
383
345
315
300
310
371
2361
359
472
320
450
428
333
300
317
428
323
428
305
381
327
330
311
428
347
453
322
354
239900
332
339
322
1883
2169
1339
320
314
324
306
527
328
317
294
466
294
462
472
316
316
366
319
486
310
1496
328
190
166
339
342
330
361
329
298
301
326
975
338
359
305
368
344
300
332
320
368
428
335
488
316
337
302
219658
331
508
341
357
331
325
340
303
337
355
362
320
304
313
328
316
320
325
323
355
372
341
368
2091
324
310
319
455
345
318
477
5327
343
428
428
295
1201
480
291
556
342
409
509
428
536
465
954
344
428
301
287
472
352
529
505
457
428
428
323
887
362
312
329
316
501
508
1458
327
344
544
327
468
297
287
293
4035237
4035561
16061
14656
480
509
511
317
504
338
887
332
1232
540
620
473
471
356
521
475
287
456
486
344
355
428
503
488
545
477
408
300
45560
308
465
472
451
504
530
360
317
329
22170
376
359
350
387
297
325
5952
520
584
392
308
309
535
6230
887
455
571
562
460
325
481
294
489
469
493
1653
428
6770
451
3842
331
428
77
328
427
347
526
427
384
284
353
428
534
3412444
736
513
493
428
519
503
337
503
409
305
339
538
562
574
1305
318
304
308
307
342
104
53
427
452
467
316
296
464
319
478
546
476
428
516
489
572
501
427
428
499
381
290
299
77529
57726
511
526
501
2385
365
428
143030928
533
490
2118
295
499
907
7590
428
513
475
494
408
2503
657
482
3945
314
428
327
513
725
309
428
4254
451
503
319
1412
1265
349
464
2584
312
317
338
326
337
339
323
358
2491
339
535
330
483
381
481
343
3400
3611
288
292
588
538
517
501
303
428
428
428
507
363
460
372
346
318
324
311
297
46543
287
297
296
377
322
307
316
175613
347
340
357
299
320
299
340
310
325
306
309
303
306
305
311
366
124733
489700
303
325
361
379
296
1096145
333
284
306
321
336
316
317
288
368
285
306
345
308
291
302
323
319
316
425228
327
293
298
304
318
308
325
331
334
319
300
315
305
327
293
327
294
315
319
328
325
53059
316
333
366
295
312
325
319
301
298
299
290
338
333
299
323
294
291
296
313
954064
291
293
330
334
347
328
375
332
297
289
399
313
299
290
355
298
323
297
282
317
1129220
429434
327
300
285
316
318
320
331
300
301
347
311
287
322
280
352
304
342
301
295
334
303
320
279
330
325
308
300
318
300
311
346
311
783313
302
310
293
300
327
308
280
347
312
308
321
324
940724
314
302
312
284
326
346
334
322
313
329
287
351
300
335
286
325
294
302
307
338
309
291
339
306
295
346
309
305
334
330
286
352
90676
330
313
323
316
302
329
316
291
323
281
318
303
317
306
293
296
323
312
307
342
315
303
308
323
297
296
282
333
307
307
321
331
334
317
320
301
335
340
297
288
301
296
295
329
383
319
395
302
327
293
323
313
318
291
375
316
382
322
322
346
312
309
330
305
290
283
311
329
326
317
307
297
294
454
301
428
304
344
302
450
309
290
316
292
285
319
309
327
292
353
651107
297
403
286
319
302
323
342
327
297
298
318
321
299
293
325
321
306
352
303
329
340
300
295
298
336
309
309
313
307
354
363
296
299
306
298
325
293
293
331
331
335
302
285
316
102689
319
295
358
365
352
325
293
294
307
312
304
326
307
309
309
313
313
320
293
287
344
293
296
318
349
306
301
342
315
309
306
311
316
328
282
294
298
335
309
316
316
290
338
331
308
371
331
315
310
382
316
320
291
324
321
293
338
288
294
316
321
300
310
317
304
289
325
315
286
321
328
339
446
330
318
295
312
286
280
311
335
315
305
343
315
316
323
309
320
309
331
322
379
335
338
301
322
324
302
304
282
344
307
327
322
297
307
299
313
301
287
319
339
357
295
307
299
320
280
298
302
312
301
286
297
316
292
334
324
333
328
340
302
297
344
304
296
302
290
298
303
326
321
304
292
318
299
308
301
309
293
321
286
315
292
401
289
287
326
324
346
317
307
334
301
362
301
334
318
322
309
303
310
300
323
305
297
316
336
292
332
285
316
329
309
312
307
315
318
345
307
299
318
325
373
289
349
315
312
310
305
309
325
304
321
327
307
322
285
298
383
288
343
319
304
316
338
310
313
317
308
307
337
300
317
345
394
316
300
318
296
289
359
312
321
288
40288
317
359
308
290
345
329
279
307
325
310
288
310
299
308
307
313
304
320
333
378
292
321
324
307
333
282
340
294
310
305
323
309
308
291
322
315
448
336
298
322
292
291
325
296
288
302
308
302
309
338
298
298
315
303
306
294
296
310
294
322
326
294
335
310
309
294
339
311
299
315
300
359
321
303
307
331
301
297
327
315
332
285
299
301
316
316
342
386
306
306
322
323
300
305
300
296
312
291
288
293
325
394
315
297
336
389
322
326
372
450
288
313
324
324
365
313
318
285
287
341
401
306
309
338
324
316
321
335
326
339
410
295
310
280
411
304
326
365
404
293
345
379
310
416
343
302
23707
290
382
342
2084
306
493
362
338
373
310
290
362
329
343
428
316
331
348
333
6864
351
330
1374
3150
275
347
312
351
303
392
310
331
301
314
453
314
353
450
335
448
324
377
386
332
451
37270
346
300
311
334
289
350
351
400
379
320
332
350
300
335
382
304
382
297
320
317
326
339
333
295
327
340
347
356
346
348
327
446
326
310
341
322
338
306
297
320
5908092
357
334
352
334
332
428
428
335
302
313
334
476
361
2254361
333
342
334
319
58917
343
330
321
302
363
333
336
515
581
350
348
328
318
351
357
297
354
317
325
327
347
306
313
339
319
332
462
3965
57
347
302
299
289
312
32171
372
288
345
318
355
290
332
340
333
330
318
330
329
336
304
342
308
352
342
313
360
376
364
327
337
287
369
331
355
372
320
311
339
359
362
321
293
351
344
295
355
327
334
363
334
463
339
333
332
323
2278
299
330
23
468
526
528
2444
2569
65844
977
1309
64572104
328
479
288
315
334
515
578
339
538
320
308
309
304
81708
80843
132730
131785
453
336
502
549
329
1516
284
493
428
476
471
335
301
495
526
409
529
332
1007
456
348
428
428
339
1194
302
14087658
300
428
310
358
479
290
318
483
466
296
289
483
355
318
428
331
3774
361
1033
365
472
578
395
338
330
495
502
299
328
307
342
314
2714
474
493
534571
494
360
468
473
535
312
460
6087
546
361
24
468
675
329
470
489
806
461
492
543
329
612
428
667
611
1283
426
454
279
428
428
271
539
428
3175
232
314
2080
124069
124880
124050
124836
460
2807
316
3797
3887
1544
330
345
373
372
356
341
355
544
320
290
298
330
337
360
326
368
464
347
328
352
327
455
591
339
344
366
1964
320
355
343
326
445
568
143
160
338
500
297
844
571
539
382
329
353
313
88
764
312
3655
406
322
315
193
315
307
7942
473
409
335
12873
2440
357
428
428
171
567
492
318
373
373
288
334
331
314
1537
306
343
339
428
428
287
477
312
446
291
8609
503
352
6137
948
365
351
311
496
571
428
428
463
335
515
451
473
350
314
428
428
409
428
428
342
284
873
539
517
465
359
307
114042
115087
536
534
310
341
543
355
319
504
567
363
457
306
367
540
351
358
577
513
303
339
340
397
501
448
336
511
370
377
351
352
369
347
341
368
306
304
582
495
482
549
2414761
287
388
568
500
343
398
470
357
334
490
499
1673
328
286
325
347
480
483
484
1495
305
428
335
319
476
466
461
408
477
327
352
311
357
351
310
316
365
330
330
476
536
319
305
344
2257
349
499
566
408
306
325
390
490
1567
295
64
543
341
346
378
316
360
329
367
1796
488
508
312
490
322
515
306
428
428
500
428
428
301
305
469
428
320
325
350
351
566
316
428
428
303
558
481
329
306
488
338
2696
452
427
346
2057
322
338
394
490
554
899
566
300
6088
6186
6312
580
342
371
428
827
211990
211404
199907
105324
46071
339
387
526
292
310
348
32905058
304
342
357
298
328
317
53
306
314
335
341
552
570
332
419
310
315
358
152
32184274
652
359
324
307
295
301
365
352
293
316
31959472
297
506
292
315
305
320
296
378
524
335
340
1486
372
329
281
3034
357
2263
4676
4800
428
354
31378232
318
45
4
308
297
368
523
465
356
312
365
316
330
531
326
327
358
317
538
333
352
331
427
335
350
329
338
571
339
340
352
428
295
301
341
328
366
29310830
317
29274674
900
371
470
450
356
310
6093
335
357
500
480
301
377
396
306
469
491
499
24525488
526
280
374
382
348
341
330
405
539
504
361
794
3372
340
1471
342
324
348
327
22872320
345
335
330
450
22467016
347
296
351
292
310
485
359
461
362
428
428
306
428
428
568
589
428
331
520
330
468
348
329
526
297
2276
764
161
459
5485
1203
330
502
548
529
373
604
12564744
326
500
408
490
409
476
503
464
470
340
345
321
317
325
499
325
346
514
521
428
334
325
364
351
328
331
428
483
6441151
345
6259740
428
428
351
408
356
482
655
312
368
388
363
313
551
520
492
290
687
428
318
302
312
331
338
355
319
329
353
325
556
311
427
334
328
366
346
333
348
321
332
298
329
318
3921
475
359
389
308
369
341
369
383
82
328
391
340
350
384
401
401
573
2227
37171236
63074696
68235072
48275188
95111232
186471744
206180272
206820416
207537120
207999968
208356304
208957152
403
408
399
399
2904
552
340
428
299
351
324
371
512
517
2090
473
328
504
290
301
361
500
310
7155383
343
317
510
340
295
287
362
2561
11980
428
428
312
2763
428
313
337
322
320
330
291
66
321
580
296
322
349
358
324
428
428
328
329
506
409
300
568
323
609
528
454
556
501
596
326
356
455
526
330
3039
512
332
1614
2240
1042
539
90
35566
319
519
56955668
313
1998
346
385
341
337
524
302
3675
511
107265160
468
462
525
480
355
813
352
313
318
333
340
141049344
304
2172
329
307
319
306
332
520
309
318
483
313
580
338
292
314
312
320
465
309
328
428
465
336
337
373
327
326
339
281
308
519
361
305
325
331
1125
298
457
299
330
319
359
468
334
539
326
59953
62112
323
317
314
480
468
330
340
354
506
506
409
2436
2659
506
409
1927
344
509
518
540
304
642
131941
131602
131002
315
483
510
496
488
365
338
505
363
489
523
550
303
347
464
555
478
324
584
27568
26747
26062
338
306
282
539
361
316
346
293
19678342
19678864
321
24519860
24235794
318
335
302
363
323
150
357
348
363
375
186
344
367
323
330
384
6012
341
311
349
389
23668016
324
341
349
340
321
3083
7163442
7160282
7154069
7153685
488
27128
1077639
428
428
1225382
1139224
653816
343
4863
359
4831
695
3053
2515
387
333
335
51
334
344
325
90
428
347
283
621
348
336
331
337
1155506
396
362
1153562
1151660
333
355
332
340
334
12651
309
6021
5463
328
369
310
4317
6344
357
333
364
313
357
319
309
337
321
8218
643
7906
4307
374
344
359
361
324
326
346
328
316
358
353
373
332
338
349
367
332
332
428
428
314
358
315
330
318
312
324
335
329
341
337
337
301
354
293
305
316
297
298
331
294
304
297
353
343
287
322
333
307
291
299
298
73596
301
299
296
321
298
285
308
299
394
329
307
329
286
334
362
308
338
371
356
287
291
401
348
330
321
306
323
313
428
320
293
340
297
37662396
365
348
334
369
161
336
326
384
307
428
355
494
335
456436
455640
1912
326
344
347
300
351
428
340
510
408
307
381
337
349
488
328
340
481
284
306
299
485
306
304
343
488
360
547
393
346
833
301
357
363
324
409
526
3826512
316
1583
345
290
352
319
379
341
578
543
501
533
295
360
358
306
292
361
323
307
462
864
460
465
326
308
316
2322
428
365
791
428
633
428
462
428
428
502
102
1394
340
6141
450
347
381
450
358
571
1268
383
307
485
324
1562
341
293
492
428
314
524
521
340
408
291
836
1031
1695
8885
8619
3263
949
295
487
427
331
334
349
360
338
304
309
486
322
499
772
305
364
540
348
428
428
383
313
335
507
1325530
1326324
329
305
949
1080029
336
1092956
1092395
10314
375
321
468
48
378
337
354
2060
318
344
351
335
321
334
323
428
351
378
2049
465
473
428
521
3457
346
315
448
338
320
428
350
1542881
501
515
465
467
427
409
511
345
428
1113
306
544
291
485
502
316
428
512
561
341
326
353
492
21
428
476
506
324
327
352
331
338
499
182
352
639
475
390
318
497
496
498
491
328
869
529
91
1720
4148
534
2556
494
365
428
504
428
1804
487
352
490
479
2084
535
496
455
542
1135
6282
520
487
480
119
359
2435
511
283
357
334
363
345
372
344
348
428
316
298
4248
325
311
339
360
312
308
536
455
285
476
463
496
408
483
523
6061
449
305
340
6449
509
1827
321
408
271
4401
5811
493
559
500
523
491
1982
496
719
503
579
331
638
368
526
505
329
2370
856
459
403
452
476
474
360
351
335
349
294
477
377
321
408
548
519
489
501
344
457
494
378
128535
467
9303
428
428
19
510
478
528
348
515
312
528
338
351
578
531
513
409
329
471
313
353
294
336
315
355
310
356
24132966
344
319
5440
5307
330
322
304
365
331
326
362
428
329
574
474
332
318
316
476
346
2374
473
406
381
817
302
479
463
305
515
400
497
489
428
428
428
428
6007
566
520
345
499
496
314
493
428
497
459
494
550
375
2080
383
2603
459
486
327
354
345
315
346
322
343
296
298
330
342
324
496
297
341
371
370
318
317
484
427
460
507
301
434
478
2517
521
516
337
76
964
319
338
516
2729
427
5948
5733
340
376
345
280
394
3093
4073
1710
428
1514
314
428
315
428
4024
490
8542
337
317
314
306
560
476
428
311
563
341
307
614
310
428
323
306
310
346
304
345
319
358
296
322
326
361
27154
520
342
311
380
322
308
455
340
323
629
456
2549
304
324
339
352
340
364
453
385
331
356
303
334
353
354
315
1258
359
303
470
428
348
356
513
363
331
428
383
487
312
308
305
355
362
356
342
343
555
305
333
711
343
348
346
360
317
335
300
462
497
305
501
355
341
355
369
592
358
150
643
544
352
665
306
540
503
540
522
653
303
99
379
338
322
581
358
362
428
539
354
365
311
666
354
340
393
535
339
287
376
382
331
303
357
351
1267
300
316
321
324
316
347
7781
325
296
304
298
406
300
303
323
329
370
314
343
324
331
282
304
358
518
230441
487
516
336
361
428
428
335
501
628
515
428
428
345
340
478
575
2675
300
335
365
307
333
428
428
349
349
517
470
475
783
585
480
339
509
905
330
337
321
354
355
288
328
356
333
367
376
313
326
52909
53727
1822078
1820988
310
352
390
531
357
517
373
332
2066
53
310
28628
341
499
331
357
348
115984296
321
318
352
363
1960
382
327
368
364
428
428
428
428
428
343
482
491
484
428
428
357
453
521
530
329
410018
427
322
466
363
575
347
721
324
455
493
460
427
318
352
1645
1297
1746
6092
1395
3272
506
465
479
289
549
479
464
500
403
510
312
428
311
5877
5801
1360
292
374
338
323
321
320
958
342
428
428
489
487
473
464
444
455
474
516
343
343
320
305
146
315
333
312
300
457
585
1658
3472
379
308
469
2491
319
303
712
414
318
318
337
781
579
336
341
539
507
517
374220
373579
373093
372520
362
331
343
428
428
343
2773
324
353
355
339
331
327
321
534
319
349
476
325
384
3911
322
338
286
355
330
333
352
327
334
352
360
952
369
307
337
576
428
352
333
310
296
317
333
338
333
500
524
329
292
369
345
311
310
314
314
370
331
332
447
363
378
305
343
326
311
329
329
326
540
472
355
553
548
428
428
871
330
341
428
341
337
377
322
295
307
301
573
356
453
319
298
297
307
361
513
309
360
479
1524
560
567
360
48179
525
475
475
447
306
576
607
320
340
317
478
467
515
358
366
560
561
517
549
521
355
334
325
346
358
354
475
678
375
500
500
427
54666516
428
428
337
338
341
323
428
428
428
428
428
428
428
428
428
428
316
342
318
335
344
377
357
289
387
317
1308
894
273
309
514
679
428
428
472
388
479
541
327
559
1516
2084
34
478
1308
357
586
283
4136
500
223
494
479
426
2266
408
485
388
649
402
365
492
309
541
451
327
103
528
6126
5233
337
311
526
318
323
294
299
339
284
318
337
1456
324
346
362
323
305
320
96895
317
349
317
302
343
370
315
342
341
330
340
306
340
334
302
326
338
332
357
5470
298
351
320
324
337
305
327
322
2189
1341
334
392
326
364
303
361
352
141884
109631
62719
330
322
428
428
428
351
351
354
371
310
306
326
306
310
324
40369
264
358
345
331
309
475
334
330
504
428
428
516
495
2212
4996
2042
342
349
1163
387
319
464
311
41782
38379
39381
4138
302
3383
494
860
309
467
321
481
380
322
475
517
318
428
428
428
518
469
499
292
2798
457
8413
483
506
643
346
310
315
428
491
343
344
5401
428
366
532
509
507
475
844
511
484
320
505
566
323
524
504
321
463
324
516
320
1717
310
341
285
540
319
318
340
404
427
460
510
348
537
342
297
505
496
1977555
814
379
326
21346
22459
359
344
518
477
349
356
371
349
337
308
306
317
332
320
336
367
468
536
329
316
332
312
336
428
511
351
351
334
313
43391
330
466
5569
5893
329
409
408
519
316
1237
1071
225
366
520
460
428
331
290
331
330
326
354
339
427
338
311
1118
428
2022
3384
220
339
568
353
340
333
335
342
358
320
300
499
354
2654
534
517
557
358
310
309
458
353
380
342
832
1615
599
428
292
5079
9669
3866
599
3981
555
515
346
571
334
976
344
308
326
312
495
535
1465
428
349
339
428
428
472
542
509
512
492
316
501
318
350
283
305
1547
22542374
357
462
325
527
499
487
1208
512
349
364
505
492
114250
114426
4219
428
428
560
409
302
89
305
482
548
7370
427
4674
475
465
315
343
339
1213
315
314
467
621
317
579
455
546
485
344
565
428
428
428
428
524
574
348
343
364
457
505
514
350
503
504
1232
775
339
336
456
370
428
324
329
567
461
313
526
427
287
301
328
362
293
326
428
428
319
322
338
602
297
348
314
322
295
512
347
318
332
300
334
337
304
79636
80381
456
519
310
491
310
371
309
4310
485
322
507
455
3191
296
459
531
463
471
509
88
481
468
561
315
606
10134
354
340
524
321
335
315
523
1616
2257
2961
329
380
1339
257
304
320
380
316
357
106053
105259
105099
127103
319
341
1986058
1974942
283098
449
306
333
317
367
334
13818
385
288
329
346
330
344
356
316
322
341
4582
326
2297
353
62
2019
355
1816
334
387
304
719
284
366
36848
337
302
346
361
351
375
339
323
352
859
315
306
985
298
447
322
357
349
331
316
364
114
618
707
3008
300
356
453
321
347
328
377
344
291
332
316
368
305
316
319
296
280
312
326
355
485
173630
173461
172720
172539
512
465
376
313
564
504
326
338
368
356
336
337
315
335
312
286
336
548
284
372
297
350
473
340
318
323
289
346
538
1172
1497
319
285
301
316
295
320
484
304
290
346
341
343
659
78
349
318
323
367
496
358
307
314
367
322
710
383
316
308
508
309
295
308
319
321
472
299
393
350
268
347
428
491
460
342
308
321
452
340
351
296
353
473
500
360
358
317
306
357
366
1355
3022
311
342
287
350
311
323
330
502
361
330
408
324
536
500
320
299
454
285
1142
325
490
318
313
327
385
352
322
534147
533303
532142
648
302
336
532
315
557
23334
304
481
476
428
83964856
496
301
483
331
509
277
428
428
487
506
334
695
403
327
309
506
498
93683
428
428
529
6196
309
347
546
362
296
1023
6129
7824
409
296
472
526
3148
2252
1489
315
449
510
453
342
321
338
332
316
366
496
298
303
447
487
523
1235
301
457
553
333
510
428
315
333
545
479
476
571
515
299
4396
5061
2752
3410
601
550
49150
1624
470
4202
8163
8523
793
584
455
504
552
526
323
500
342
515
315
361
353
326
335
296
299
349
332
1176
1474
358
1378
317
345
322
409
301
294
336
358
318
327
485
354
525
428
428
568
518
561
2219
2292
339
496
465
342
322
576
359
295
5015
272
304
336
455
312
339
301
325
961
449
206
320
7051
554762
352
336
552639
393
77
338
343
382
1323
549030
450
231
337
2019
324
288
689
1560
36
29978
763
335
345
345
351
320
57
300
338
338
347
340
344
797
338
527991
377
322
326
334
353
327
313
357
317
300
373
294
333
337
332
326
335
394
334
331
334
331
332
91
339
336
343
348
294
342
321
306
314
333
313
364
328
340
65
337
351
345
297
188
341
228
339
331
352
332
1770518
342
565094
346
374
315
361
483
343
527
428
428
540
564
291
428
428
327
319
356
336
352
350
517
543
491
1077
5889
329
284
6080
316
1571
493
360
3176
567
466
3081
2607
665
473
536
473
487
490
590
1012
522
484
428
63573776
301
511
428
315
497
484
536
117394
94642
478
598
474
165514
162882
47342
65863
64596
25532
26280
428
428
428
483
5540
321
331
335
352
316
330
133
501
576
334
639
428
428
495
321
518
330
474
428
330
315
342
857032
856311
856019
5516
367
371
6094
322
515
428
464
6070
530
489
2129
1273
533
466
523
291
347
327
313
353
358
529
519
485
510
469
306
310
520
333
6108
9103
2418
540
2489
332
11178
428
311
507
500
502
6172
352
426
460
428
428
337
428
428
79
480
428
428
498
6090
314
10629
479
487
510
334
478
428
428
428
428
514
583
504
504
457
667
428
320
514
521
487
458
318
994
465
327
1036
1307
538
483
469
599
496
501
2618
444
362
316
687
408
496
286
479
9844
1963
2741
470
793
4984
5127
3952
306
347
486
330
453
538
343
323
531
449
329
326
541
478
428
428
556924
530
330
299
547
524
309
362
318
568
550
308
8729
299
428
500
2271
483
316
4823
427
480
477
367
336
493
528
457
483
335
312
428
233
592
543
409
327
336
337
348
351
42229332
289
464
314
475
462
491
325
480
427
408
428
428
361
307
1843
1375
543
498
326
466
477
507
451
3257
2509
472
530
2256
428
530
546
555
668
494
2618
427
473
460
453
513
470
348
409
428
4410
364
367
362
341
319
318
508
447
2350
449
453
316
230957
121070
120035
121050
120193
120875
223148
224034
223221
240154
240551
3484
291
1675
356
520
319
507
382
975
535
428
1122
305
427
482
523
503
506
428
319
297
854
1041
542
539
300
521
306
363
428
480
500
471
293
470
476
293
317
496
306
321
305
80442
81336
399
495
6757
300
2363
427
474
2462
295
332
502
493
357
320
2493
317
428
519
478
1218
6083
5797
6245
123
428
452
297
1608
308
518
428
2482
280
499
516
514
4324
341
385
585
340
428
428
305
366
2015
283
500
428
477
507
515
479
492
345
355
5825
240
901
465
356
503
345
428
513
659
555
311
428
428
384
502
460
1545
290
576
364
428
333
463
485
296
531
544
475
477
307
323
3160
315
1508
377
498
356
335
315
512
1105
480
488
494
352
348
327
330
331
104
4599
1180334
338
3707
4121
2455
312
512
514
326
551
355
348
2110039
2110546
2111100
336
444398
443884
286
7924
285
326
600
491
318
508
708
2539
550
296
358
1124
480
359
343
315
482
6342
790
306
1771
312
321
8936
288
513
336
480
341
469
321
336
483
391
352
428
349
328
364
372
322
334
339
329
428
428
590
359
323
348
351
354
325
348
312
342
342
336
428
361
332
340
1353000
338
361
1306666
1306896
336
339
1338254
311
326
363
325
328
302
341
332
539
559
478
595
337
331
310
356
300
322
322
303
329
367
462
521
335
91331
92207
90450
84175
91373
90582
91324
92420
308
347
353
312
345
321
324
359
316
315
353
564
382
509
322
317
336
323
348
550
640
340
328
320
368
351
343
304
346
351
346
333
342
329
330
325
377
1713
1841
590
332
378
384
647
523
371
355
3234
3435
304
315
340
10234
10738
332
310
347
279
345
876
302
467
396
303
338
332
344
447
493
532
340
339
331
328
301
296
365
302
428
428
311
302
341
556
359
502
496
409
521
428
483
1957
341
317
346
322
516
1166
324
538
547
307
290
495
601
466
599
724
476
6299
510
566
312
318
1052
330
306
531
474
775
318
341
359
304
320
329
508
336
508
112842
113722
783
303
1603
1149
476
621
317
1451
778
13538753
13535889
13536152
13531448
127
7916521
481
1250
511
541
428
428
504
500
546
386
462
2287
669
2939
357
489
525
501
497
307
503
555
337
2082
1431
102
428
322
597
313
472
517
535
359
347
347
341
289
329
347
282
1441
326
511
488
428
428
3156
471
333
328
349
368
491
357
318
318
324
328
446
493
373
480
514
46918
45900
539
314
701
468
428
1878
467
340
2684
2808
355
339
319
325
428
357
594
9714
516
593
329
340
297
345
1799
653
478
350
299
368
366
310
310
344
342
364
341
373
369
304
198510
395
417
410
418
418
412
414
414
395
413
324
171239
117926
59690
298
337
124272
34315
49818
40193
89709
74228
336
106772
115242
291
428
332
311
56930
314
25
54123
309
298
45321
428
308
50185
339
321
428
448
335
294
329
164441
428
2953
2958
1240
10791
264288
9321
171018
213701
324
82945
20918
61857
140994
41823
163287
302
20424
320
449
348
328
1027
352
323
309
5143
428
463
466
513
761
409
330
497
460
492
428
300
1158
428
355
460
10335
295
6155
489
348
493
428
287
1467
2288
479
345
501
304
325
324
478
337427
487
484
329
472
324
428
289
353
338
505
329
365
324
344
338
353
295
330
3207
2965
307
360
305
347
482
345
331
466
599
347
322
428
428
352
366
539
552
301
312
346
482
524
548
613
493
497
518
320
287
287
348
326
299
478
546
428
331
516
309
519
327
296
313
531
498
523
360
2726
395
216
428
401
428
514
77712248
428
313
531
461
1172
917
484
511
551
475
710
477
530
326
460
474
300
2351
313
305
524
366
282
527
514
465
302
517
428
428
505
850
166
1259
321
461
456
312
2375
333
337
428
974070
974578
321
428
4777181
314135
333
491
492
474
463
458
486
467
511
316
506
4503361
4504225
322
6061
428
21075684
1129
1694
311
488
641
507
499
327
319
428
498
309
455
506
473
531
2995
534
514
1390
535
428
428
472
3644
428
587
479
548
6863
469
566
347
332
428
319
295
488
2568
603
563
503
348
2853
801
505
4743
517
527
501
568
531
543
452
1227
2051
491
363
297
316
310
449
527
427
990
356
957
303
341
428
428
336
474
475
341
488
301
6365
7224
317
451
297
330
314
348
350
1014
372
300
352
313
331
346
428
301
282
352
314
346
326
327
330
314
362
1745
427
1752
1383
304
338
300
348
318
317
349
334
497
511
460
346
344
286
484
293
339
341
329
375
468
361
1104
311
343
500
328
335
337
355
4190
566849
567683
357
428
361
295
462
621
525
518
475
468
3288
2549
2208
481
72
340
332
333
323
523
520
5728
6061
496
602
531
319
460
311
334
508
320
324
3970
20089
463
338
336
2295
6084
324
349
336
501
325
484
428
502
1830
362
481
324
7057
484
571
1088
849
450
556
305
428
319
340
509
327
427
428
294
532
328
1546
7929
8781
450
582
483
428
474
517
329
506
1421
321
471
510
534
483
732
463
312
482
451
459
428
372
302
530
336
360
363
733
1574
334
7922041
298
371
336
324
460
330
338
325
344
336
286
298
299
296
499
479
351
309
342
342
350
2020
545
285
341
447
1578480
1736489
313
309
356
328
349
337
303
470
373
2648
2616
333
1224
463
501
339
311
346
536
368
331
353
343
335
340
310
324
316
471
330
466
296
1940
347
995
595
321
340
354
331
297
848
640
343
122259
360
542
307
322
294
297
313
327
314
402
499
305
337
342
348
581
1102
329
308
301
303
289
1353
364
345
350
338
334
319
335
325
357
479
331
683
354
343
297
338
631
327
321
340
327
402
311
335
419
321
476
411
459
475
290
310
352
472
1148
23638
520
464
349
368
348
300
1106548
1106997
514
452
339
461
1952
584
643
428
428
489
516
473
363
677
532
467
341
489
528
551
495
588
1207
524
479
291
575
559
332
295
469
605
503
328
502
334
255
1248
1712
522
456
428
323
341
469
1333
485
475
528
473
2553
338
327
328
322
351
349
487
356
361
1125
340
318
4538
368
306
324
847
346
8246
1022
6168
294
473
471
480
343
339
69618904
526
469
327
353
489
311
381
353
593
364
428
488
500
519
291
526
467
427
2690
713
2445
6117
362
428
335
296
340
528
339
335
334
7634
340
212
503
322
114
57
309
357
2668
492
155569
156504
529
428
428
5597
54976
55203
1834
9285
113895800
411
317
325
344
320
348
342
356
334
296
1183
1529
74587
75419
84322
85115
84325
8444
428
304
2824
3045
310
303
299
318
379
357
342
368
312
482
827
60974
55991
98810
116324
55898
56607
116194
116212
56700
58232
87127
87959
86922
103933
86941
106703
87527
86647
46535
45377
8775
757
44401
61817
62604
61314
62009
61307
62077
61287
60459
34446
61354
35303
62147
34449
61310
35658
36143
62226
35150
35981
62198
35952
35217
36067
35135
60156
60102
59309
59324
42836
428
59764
43688
42145
58675
59581
58725
428
59545
486
1352
26313
20062
24944
25245
26059
25232
26036
6100
25213
26184
25301
428
15377
16195
428
17
2692
287
500
2821657
465
1964
1246
103956
103021
103746
614
103184
98360
1068
988
95664
96381
96933
96039
96846
96030
96739
96140
95928
96888
549
1095
74557
289
1985
518
99591392
337
315
372
352
308
199
313
342
1171
356
1165
320
339
294
293
302
353
64929
312
324
338
11334
315
326
320
361
311
348
338
486
324
1398
558
335
300
450
354
486
322
315
331
306
487
375
457
340
317
493
483
323
336
353
307
312
327
364
1765
342
323
493
335
356
156
319
481
338
328
353
330
306
317
346
332
529
679
513
509
486
502
514
428
428
355
450
446
471
509
469
495
495
428
428
703
492
469
591
301
6106
461
48763244
75
39662
1434
38019
321
3758
334
517
409
501
506
546
72786
77987
324
2650
285
2901735
2901508
2892199
2892844
447
2754273
2861329
2861588
2860592
2714588
2715021
529
333
2874332
305
311
312
297
2924
300
342
347
393
4989
295
879
326
339
3476
358
9445
287
326
498
479
409
342
471
381
345
356
553
409
428
428
305
331
377
2093
469
288
623869
623201
428
428
428
511
291
0
310
506
351
335
515
648
944
336
510
338
371
476
306
311
481
10435
1186
1186
297
471
483
491
365
427
474
300
5139
495
505
319
321
2062
1121
428
465
538
314
471
4714
539
321
428
526
428
1130
286
489
402940
402603
25204
520
6068
519
568
543
459
312
304
326
297
372
464
552
355
310
341
340
310
531
172
485
452
428
538
462
476
428
514
566
4938
302
6589
4395
934473
460
343
83
406
502
314
475
510
530
948
311
287
1765
638
497
345
532
511
474
626
499
496
305
325
402
856
484
519
321
343
544
13
513
290
25455
344
531
497
382
502
352
351
530
352
484
329
497
1189
366
355
356
322
299
334
1086
350
475
316
505
307
319
378
462
562
347
330
3055
327
318
284
487
344
501
500
1140028
518
428
480
310
1155
498
492
297
353
525
527
327
365
527
1263
669
314
342
319
475
465
485
290
307
324
428
427
504
321
456
377
488
4341
488
335
306
523
316
428
428
320
6088
462
523
444
572
3676
334
179
428
333
6068
342
797
543
510
366
571
346
45
864
1991155
1991592
300
452
344
4574
452
293
507
508
1465
409
503
382
482
339
446
603
314
6127
6971
475
473
495
367
482
284
538
321
986
339
306
313
649
350
297
70866
365
64009
319
358
369
386
290
382
279
335
333
314
293
288
352
2272
335
317
497
3854
7364428
428
1196
7357484
7356987
428
428
428
7354115
3184
487
58
492
603
2011
524
322
372
319
340
357
3397
469
525
338
42
446
455
491
428
397
833
300
328
359
328
332
350
540
470
409
333
466
682
511
386
327
367
45019
152587
153660
480
371
367
394
323
281
370
567
317
399
317
348
1754
428
353
303
332
339
368
428
367
327
497
301
300
7509
405
286
368
391
289
5028
307
428
428
428
428
304
479
348
914
400
349
382
341
267
428
1527
339
180182
60573
60648
35806
157804
158725
357
406
341
311
428
428
343
481
359
333
387
328
333
326
503
330
428
428
363
458
292
397
345
292
337
356
323
329
357
315
345
333
326
469
338
473
526
352
282
329
367
344
332
313
331
352
349
325
329
320
784
325
301
483
523
305
493
337
324
372
312
351
357
521
286
307
353
476
657
849
428
745
364
352
362
341
349
371
321
351
344
318
315
311
2423
321
322
314
293
936
681
304
295
347
344
317
311
309
348
369
365
376
456
524
300
310
282
319
335
340
354
320
292
646
362
306
311
334
356
656
955
299
301
484
349
374
332
291
572
331
302
611
352
324
707
371
377
491
342
360
327
300
325
323
324
337
503
390
534
379
320
323
306
313
321
304
357
357
341
331
307
581
503
286
524
375
323
354
351
308
380
339
370
428
658
717
543
370
1351
352
305
323
283
319
330
630
849
302
340
333
348
304
324
342
341
308
344
311
516
318
334
1125
293
320
373
493
325
352
310
376
328
1040
361
754321
754973
325
347
322
199
289
339
321
329
347
346
514
314
315
335
321
542
347
294
428
428
917212
908687
340
292
338
392
366
293
347
340
459
351
322
351
320
383
514
409
354
428
428
480
517
295
466
428
445
1393
328
534315
1857
475
428
428
508
332
494
355
487
521
515
479
478
306
479
500
409
499
291
341
328
446
2387
465
396
302
336
293
343
1938
348
533
502
428
564
338
8533
6370
428
314
336
352
318
483
558
555
326
113074
112688
3043771
3044410
233
535
298
346
496
3454
323
3007
306
481
409
2089738
2088845
292
501
22739976
22739688
517
469
517
477
367
301
331
331
297
428
316
20410120
20410082
20408976
20409210
458
797
466
325
507
500
463
16039
15102
77089
15085
19601
8339
567
317
11587668
342
349
366
611
999
327
302
501
329
487
623
759
584
476
307
310
559
530
345
336
355
328
309
342
536
705
335
289
465
427
365
17189946
55417716
487
6775
349
313
318
322
358
560
499
48495
48781
621
57
210
406
539
402
340
342
319
4373
502
514
853
478
485
520
304
521
503
339
755
812
2357
381
314
313
351
312
10059682
6631479
366
321
311
514
7037210
7037512
332
2583
2711
349
471
6103
314
8003
285
7111892
6967085
6899992
6558182
358
360
377
333
324
332
4859
511
349
335
337
311
318
333
338
327
339
356
316
344
290
319
304
343
326
343
374
358
311
332
307
298
304
308
374
337
330
327
387
312
12751
2388148
3774308
332
326
371
289
306
305
323
313
287
312
296
293
289
327
311
140587
321
314
357
387
357
103
1276333
428
1274011
368
366
7445
308
321
352
370
4312
419058
358338
339
344
323
300
338
344
319
361
357
91937
350
354
375
343
377
343
343
428
320
306
360
306
324
293
325
362
293
348
342
334
365
316
213
3681
16055
352
535
232
428
302260
4125938
4126843
294
319
316
336
357
2316
333
428
311
688617
688539
309
689514
689513
479
323
344
339
350
324
333
314
281
337
304
370
2515
9694769
351
227568
317
355
5790605
7238274
349
5870007
5866199
303
5831486
5832142
428
428
5783160
5731048
331
5537936
5537523
5502986
5490810
5442924
5438390
5438253
5293949
5294385
35073984
35074348
342
9175
379
528
361
341
332
409
366
428
469
428
428
428
428
30282258
349
25914598
331
282
516
490
355
309
345
309
341
312
531
306
300
302
300
364
17384
12234
484
329
333
1086
2332
364
345
295
301
305
337
322
307
361
320
337
1216
323
368
351
288
367
334
341
328
2816
361
344
359
321
25446564
25446840
428
334
342
327
316
325
298
325
336
338
372
319
367
377
510
326
163618
315
499031
388
25680260
25535412
357
359
290
359
280
455
531
529
502
486
530
474
4531
357
428
334
502
484
498
457
520
1089
486
306
316
559
408
353
533
467
288
427
426
369
331
305
481
477
517
315
612
91
479
591
356
563
512
470
2253
491
318
326
524
515
526
25809
350
292
4982
463
6117
3242
667
495
494
534
6168
500
3259
339
336
348
321
372
328
341
327
2267
343
383
326
299
402
341
342
343
338
351
334
320
340
306
326
317
312
335
326
337
13156
2652
357
329
351
331
428
2276
428
2205
1400
2185
2320
428
287
428
331
428
428
337
824
2330
428
8661
347
326
326
1113
316
340
320
319
319
324
325
2577
362
305
511
340
1568
342
1310
326
353
519
340
348
305
637
339
302
552
478
326
283
330
496
336
504
330
357
357
365
312
335
343
284
361
359
320
313
330
343
344
337
329
482
485
551
524
449
6688
6497
311
428
304
308
646
308
297
323
453
328
6046
518
463
577
464
347
529
304
515
557
501
409
539
3576
8644
12076
427
517
427
505
259
89
308
489
493
428
428
461
5595
392
3020
388
428
358
535
370
325
312
331
498
324
342
332
348
337
303
322
369
288
286
310
402
2235
316
303
256
338
311
538
482
497
338
536
428
362
32
322
492
309
504
499
428
486
478
295
289
829
342
334
311
325
351
521
365
471
340
302
316
6775
8567
1033
347
509
23127
26728
26347
326
499
283
411454
36845
35975
18890
18095
18952
36102
56787
36012
56938
36884
37565
18635
19443
18700
18531
18594
19279
20095
19093
19120
10909
20676
595
454
330
390
356
468
455
320
326
662
468
360
505
322
3475
364
317
346
328
507
359
22773
23725
476
385
4206024
4205660
4089330
4089815
2160
4050422
2153
2193
340
335
356
548
495
325
338
1683
565
317
428
428
351
428
428
428
428
357
392
371
2622
518
5618
185090
178888
528
706
516
151
725
320
359
367
327
347
1281
381
346
738
613
298
1642
337
4300
339
542
355
334
340
301
1086
315
1717
292
322
348
476
522
688
337
330
947
329
656
353
353
198
6983
349
366
301
396
340
299
376
304
348
311
342
350
301
318
303
560
308
21
359
346
318
303
327
329
343
359
320
312
316
346
370
336
344
366
315
330
317
353
368
297
316
310
326
350
790
329
314
340
285
319
348
332
301
322
401
303
289
490
355
613
298
331
546
342
302
305
305
381
337
310
332
290
347
1035
306
284
289
294
316
326
363
350
367
307
335
522
379
363
343
309
340
317
306
29717
30272
335
333
349
319
770
5355
334
315
320
329
365
288
469
333
317
320
333
356
333
283
627
331
358
3919
330
315
314
306
286
368
293
329
281
324
513
325
1243
370
344
316
298
339
314
338
325
323
355
334
403
289
1240
333
551
322
302
354
295
323
367
1168
304
313
559
368
340
354
307
329
319
346
1212
361
310
460
631
333
163
361
317
291
24471
308
361
7574
494
499
689
476
295
1340
473
380
341
340
564
342
494
4514477
455
451
593
467
428
535
538
471
39
486
336
447
409
387
334
302
409
339
104204
291
319
302
448
307
483
502
485
494
462
428
428
428
308
495
501
428
487
503
638
503
286
316
598
1370
1003
350
351
373
478
476
478
340
426
526
310
293
265
495
428
521
428
428
343
457
306
319
353
309
487
18562
523
4014
5983
183
456
447
320
377
355
518
521
308
428
657
318
312
282
501
384
344
356
369
330
428
337
530
333
1624
575
482
332
533
507
520
467
474
11276
523
324
294
452
510
466
317
427
592
458
1919
554
1018
473
474
428
535
351
289
326
366
321
336
155207
484
311
370
5258
523
363
311
557
4004
2412
353
357
309
475
346
320
358
215
9646
387
305
327
317
323
349
322
359
339
323
326
383
339
305
349
345
363
321
344
393
364
343
340
351
362
348
374
346
344
327
322
295
345
336
354
323
328
331
386
335
340
345
362
339
317
346
344
330
311
379
24
352
379
339
351
346
370
362
347
329
317
338
318
343
508
347
332
320
303
731
332
335
319
335
340
428
354
532
486
567
450
476
428
341
146
7252
554
1070
1155
428
428
305
1033
1326
2017
369
315
686
483
364
504
304
323
326
350
340
331
321
493
472
428
428
321
298
364
359
367
428
5786
10312
1388
8819
4417
362
345
527
299
362
300
298
307
348
330
432
553
477
476
512
321
453
375
345
319
471
3099431
511
471
364
424
458
469
516
342
308
301
1125
300
356
3109
507
459
135
428
447
6088
322
312
349
4091
498
474
318
333
568
346
544
427
106799
107675
360
318
359
509
314
536
334
486
595
8219
8546
471
327
311
453
516
338
298
309
553
470
337
317
516
508
497
314
3201
485
595
470
1273
467
493
499
488
452
526
480
428
321
2072
331
289
508
517
484
1232
488
305
340
481
285
296
471
345
302
293
500
513
601
450
335
113
329
490
337
327
340
326
320
496
524
48
368
308
448
17234
492
317
502
5723
642
327
488
501
804
428
428
428
596
489
583
516
307
522
497
523
500
345
516
334
352
499
562
506
461
341
427
493
535
481
10809
505
528
357
489
334
466
477
480
505
464
408
427
475
64278
537
658
595
466
294
330
347
470
304
550
455
458
362
342
518
337
454
505
351
299
403
363
321
293
356
525
545
487
80086
314
509
2073
1584
328
333
488
358
316
352
355
297
339
495
483
341
334
6078
521
2418
477
307
409
334
351
486
6165
428
358
294
506
472
366
320
17
573
524
326
428
428
316
471
485
453
523
361
359
6105
517
319
315
312
340
335
495
334
3734
405
495
11733
11402
961
354
327
450
290
276
334
347
342
428
468
350
365
316
352
2336
323
461
303
326
504
290
290
299
347
345
360
564
373
428
351
314
322
472
333
313
347
324
316
428
358
351
338
479
309
473
355
414
318
316
326
343
325
428
285
524
335
940
315
361
379
327
347
37037
38011
38073
567
472
359
292
354
498
342
893
318
14245
313
550
323
338
294
337
310
410
349
342
355
275
1109
278
518
339
310
357
322
331
351
516
350
308
297
319
342
302
324
358
289
336
354
299
351
317
334
324
308
478
467
639
302
325
428
696
365
345
325
498
519
516
428
283
497
327
474
537
198199
350
1190
296
477
324
311
10162
322
1015
362
511
516
555
537
68022848
522
350
428
1176
562
495
598
554
453
5237
470
495
481
299
6675
487
475
340
330
473
487
17510
310
458
538
313
578
506
488
563
512
471
292
487
428
499
317
346
341
333
293
520
311
326
292
1698
339
473
1572
5507
453
478
476
509
537
1302
466
459
1391
499
451
501
493
5076334
872
348
321
324
363
327
335
344
107681
106901
557
281
284
375
313
377
297
387
334
314
304
459
476
335
293
301
321
345
355
303
345
346
321
291
296
336
2754452
2756174
2756988
2754597
297
428
349
336
2631787
47354
312
348
428
343
315
3626
350
309
332
308
19655322
428
19654924
340
331
19640814
19640388
356
550
2302430
313
2301543
343
314
346
19619576
365
329
428
329
366
326
335
320
19605362
350
2828
428
19608972
347
342
1175
352
334
22988588
339
308
27362120
362
300
359
358
428
428
22593308
22587544
22586910
21564948
21564878
22530628
333
281
25227462
486
331
329
309
299
428
428
509
487
380
349
290
337
326
375
428
368
320
324
329
428
368
350
587
573
296
342
428
328
367
1017241
354
326
318
361
428
791
298
307
314
306
726
313
296
324
329
344
449620
364
68847256
336
298
400
301
344
359
342
499
487
362
5285
526
1193
310
495
339
142
104
347
349
576
252
518
484
305
297
350
355
287
315
576
295
287
2220
158
428
428
347
318
308
490
358
510
2472
383
310
319
294
18705082
311
313
488
357
498
516
577
2815
328
2621
505
295
1953500
1952634
360
353
320
486
862
748
452
338
2157
427
325
1331
329
345
428
565
490
321
338
313
324
180364
346
2051
547
497
313
458
305
356
1942
327
348
367
307
447
989
5195
338
2032310
463
477
357
372
339
312
358
328
323
530
335
365
315
335
1147
2903
534
313
2563071
467
362
319
319
523
330
523
340
296
353
304
302
3197
428
428
322
577
341
458
461
324
354
2652
451
428
915
428
345
353
365
306
428
428
694
501
799
318
457
181
396
428
428
449
476
1444
6199
5302
327
388
513
101
327
333
1110
409
428
428
498
581
197
428
2596
2049
313
341
333
299
3748
3144
330
478
367
170
651
512
343
523
301
2980
565
366
311
409
494
333
1959
462
314
471
507
353
506
920
468
6766
316
362
527
295
527
428
93205
93791
496
489
457
352
304
507
428
496
465
2736
305
476
453
335
375
329
361
1015
317
345
348
337
294
338
353
324
353
291
330
339
332
332
365
341
359
1324
428
498
297
357
341
1721
4529
341
366
302
991
362
318
1010
594
345
373
325
302
342
339
340
332
333
356
321
331
346
321
482
321
328
926
327
337
334
428
428
428
515
428
428
428
428
428
511
428
428
428
428
428
428
428
324
351
359
540
343
313
331
337
350
4347
310
357
318
668
329
328
332
352
379
349
371
327
356
338
302
309
349
374
332
679
347
492
349
331
522
454
358
327
363
288
324
498
519
462
323
359
428
428
1089
308
336
540
326
357
346
365
1008
321
317
373
323
293
345
572
344
384
309
347
381
405
336
311
355
3584
3825
428
304
324
353
330
345
319
374
328
297
310
295
359
305
467
343
404
459
339
333
317
314
362
384
502
318
330
304
491
287
320
354
332
235
525
315
342
295
360
326
327
370
2486
319
306
335
322
317
306
337
365
300
346
305
304
311
1086
340
1059
1344
309
479
607
317
361
354
354
428
333
309
15582
499
505
293
323
449
339
329
311
303
345
330
319
344
341
325
347
299
362
295
335
962
342
594
327
351
354
293
321
346
322
323
322
325
309
353
350
343
509
685
324
403
120
320
354
317
358
303
572
352
284
311
385
347
318
326
357
373
366
338
312
332
368
342
330
494
331
387
592
312
351
304
314
354
325
302
2329
384
451
321
335
354
332
820
343
288
316
325
326
514
342
328
330
324
360
299
369
318
333
296
313
330
356
354
286
570
322
357
292
360
526
314
552
326
313
354
339
353
347
356
305
502
339
339
359
371
323
334
497
345
297
2318
545
1805
339
367
302
316
309
349
384
320
354
360
326
342
323
311
476
288
335
333
337
384
575
301
351
513
4411
373
314
310
512
886
304
312
1368
1195
350
344
465
493
751
344
560
318
301
390
335
329
333
298
363
306
294
5390
415
323
328
373
3310
345
341
309
327
428
328
428
308
352
353
428
313
2209
508
885
132807016
132806424
501
5135
2247
6025
6164
1387
1699
159
589
309
329
340
344
488
370
319
409
454
477
316
597
374
428
428
356
301
302
339
446
466
428
383
814
308
395
3866
4831
403
309
75
373
352
409
318
829
531
453
331
344
353
316
324
1684
1783
15997
4156
428
347
333
428
369
357
285
312
316
2425
549
318
685808
684935
311
359
172
2793984
2793774
2089
2789624
325
2022
328
303
331
299
7483
529
400
364
352
339
363
324
343
328
305
327
293
288
313
318
315
354
340
332
309
347
369
342
282
532
729
401
6516
322
334
338
267
309
348
335
161
466
544
343
533
335
428
380
289
348
321
386
5768
474
484
313
310
345
514
656
512
5829
6102
320
332
540
492
316
509
517
635
476
483
425
322
322
340
716
491
585
428
428
428
305
535
475
453
507
537
345
335
479
494
313
300
452
457
554
814
279
494
483
464
323
428
366
524
340
289
352
483
428
355
232661
232032
556
312
308
839
299
323
617
528
306
889
344
564
451
345
486
428
489
479
308
295
331
351
310
470
295
162625
161391
321
520
48779
316
515
324
501
479
518
8126
342
6097
481
4567823
1162
357
323
500
428
428
313
337
513
27997
497
341
392
320
378
327
332
347
336
479
327
315892
316878
317103
3199
182498
180699
315
362
322
349
508
334
467
492
335
428
428
12641393
12641418
12640724
12640641
329
358
374
332
364
19883
18641
20206
340
357
331
346
579
329
295
3677
21393
16350
2405
20336
3121
16817
110248
331
368
29959
4334
324
59998
93232
373
353
330
344
315
364
361
346
341
337
354
353
343
350
345
338
357
347
343
387
341
358
789
349
350
331
375
340
371
351
330
325
62
781
339
342
350
327
1381
365
852
333
384
346
330
368
401
33
1472
379
336
365
331
331
340
342
778
342
359
370
356
325
368
362
701
352
373
331
313
377
328
328
342
336
361
282
312
361
356
340
322
841
353
322
542
338
354
359
327
365
347
364
937
889
377
327
360
364
354
355
342
428
345
428
362
347
331
334
859
360
341
1369
8022
25437
369
365
1050
350
17465
428
342
9956
10868
325
428
428
428
428
428
339
1624
3288
333
325
362
361
372
343
332
330
329
335
315
357
331
372
345
356
374
314
317
302
8953
348
189599
368
7179
185664
334
318
27031
33328
352
184835
323
27631
340
45314
360
297
361
4165
316
4047
343
335
307
309
317
333
313
305
296
343
1901
338
282
349
354
330
308
325
320
327
315
344
702
358
307
339
348
5712
295
370
271
332
350
302
459
407
349
306
358
352
320
381
343
450
330
448
326
345
336
853
332
6781
2594
457
428
428
11896
317
362
2758
328
355
344
349
351
346
524
349
313
353
358
340
292
319
308
345
367
347
620
330
321
304
503
328
342
51635300
341
512
331
384
316
295
330
343
467
342
308
335
320
316
297
339
379
336
326
318
294
315
342
335
341
357
305
356
324
346
361
322
326
556
339
329
294
339
325
310
341
576
1624
514
2047
96137
49752
27849
428
391
295
316
544
985
6084
281
641
327
460
363
322
1092
319
314
305
340
495
495
306
495
507
452
335
972
319
360
486
455
315
325
323
595
325
335
333
356
312
206
510
141
394
334
504
493
1491
336
334
341
468
531
332
427
348
325
356
325
344
12137
11307
20595
21387
312
309
344
469
316
518
6129
486
346
572
366
338
303
497
491
326
326
325
295
354
321
323
427
1219
468
302
7201
1683
302
497
521
585
727
497
334
545
464105
688511
688103
465
332
1284
365
330
308
49
1340318
1339607
601
766
342
361
407
298
503
355
306
2755
603
298
306
496
329
491
518
518
339
359
344
537
611
339
284
539
533
298
382
316
343
511
309
1236
340
427
520
327
331
4606702
4606260
320
316
324
352
366
3783926
345
384
354
385
428
347
3480027
373
375
657
68
299
350
334
340
523
325
237
329
594
327
330
336
364
284
783
3784
607
234
327
343
308
340
294
362
383
491
324
345
332
298
509
335
359
309
350
2146823
337997
305
314
310
316
300
307
323
366
330
308
290
290
299
292
316
333
285
357
449
300
321
350
322
330
358
336
371
344
1001
350
350
417
73
331
347
347
5947
318
5507
364
986
7680
363
43
241
442
345
16779
248
16247
383
333
338
361
330
343
338
360
347
374
345
705
361
329
322
342
341
356
378
450
374
381
327
314
341
349
387
315
322
318
634
325
335
600
331
352
4222
322
338
57192
305
365
355
335
343
2379394
480
475
294
346
328
342
329
312
751
512
488
490
901
347
330
347
4339739
4340668
314
295
175582
428
1272810
428
428
1273673
329
551
428
334
322
478
334
428
428
428
428
428
428
428
428
334
334
534
483
527
476
514
310
347
29692
29304
29164446
402
497
49670
48745
501
5344
510
9060
473
478
1307
478
1613
458
516
428
428
428
305
428
498
519
2071
277
505
479
457
308
331
500
303
343
329
353
493
286
306
558
368
2001
427
525
428
8391
428
632
331
282
310
445
348
316
477
458
304
301
482
357
310
321
314
1025
300
317
303
451
539
350
279
513
428
491
527
353
342
325
527
290
332
327
359
324
464
299
315
357
344
354
325
316
355
360
428
306
359
128
470
321
340
625
319
319
333
343
328
288
382
335
304
402
326
5488
282
512
334
357
337
607
521
624
56930
57166
57480
499
318
428
304
428
557
505
2416
428
491
531
513
428
428
518
476
494
387
347
219
628
428
350
308
487
374
314
320
739
345
299
409
490
544
488
457
451
599
544
315
315
3068
315
335
325
333
310
503
301
7797
365
289
340
343
329
428
367
330
559
548
366
2571
445
290
491
348
536
330
251
483
339
312
284
427
367
307
358
313
338
428
394
359
336
385
317
347
324
312
297
318
328
366
367
370
324
514
342
451
491
342
448
379
484
359
339
474
5833
510
551
620
468
288
382
449
339
320
491
496
6176
307
568
359
409
323
327
299
345
371
279
366
466
522
452
324
369
343
312
322
502
460
480
350
353
356
547
324
369
376
508
362
358
317
311
324
315
489
346
321
333
330
330
449
322
568
681
371
345
350
4823
490
331
322
316
315
47
6081
10142
9547
5655
3687
346
428
428
428
428
863
313
151
527
503
293
341
362
342
519
313
477
363
333
317
351
307
532
324
455
326
344
304
478
301
341
428
482
332
506
385
308
335
346
355
368
538
269
2493
3143
473
310
326
326
323
312
331
368
336
322
356
413
997
822
540
346
387
367
324
372
569
346
334
338
350
319
347
523
345
285
326
319
454
361
329
342
330
468
346
383
348
311
316
316
379
340
337
342
310
339
347
343
477
287
346
360
365
321
363
323
636
378
286
319
291
346
332
343
340
321
385
12484
303
310
331
357
309
428
318
337
499
301
350
337
354
314
478
323
338
315
917
522
323
317
3158251
319
305
563
337
668
356
320
358
94
397
1271
348
334
337
372
346
310
351
346
490
331
316
281
351
375
352
428
428
476
329
2381
623
21750
19661
342
387
329
368
21749
45237
392
333
350
486
143498
457
344
543
493
320
359
5384
350
354
291
405
336
335
326
331
6527
330
479
8644
321
323
427
24736
365
544
447
512
514
500
328
449
327
459
336
332
1052
538
320
333
312
321
285
350
428
428
357
471
323
513
496
477
329
331
481
555
495
523
488
530
428
593
484
512
519
464
386
603
498
513
362
567
1529
459
318
428
331
342
284
449
21275
20681
303
337
319
533
451
343
324
494
37526
544
428
428
517
303
619
6116
267
290
311
428
428
486
567
341
460
409
604
554
458
5660
1000
493
320
560
428
406
336
540
374
317
559
485
372
356
468
528
497
306
344
7969
378
298
322
694
482
501
483
498
524
369
141
533
465
308
500
428
530
404
360
505
487
462
324
304
524
1394
354
301
332
331
319
323
333
372
348
364
331
280
328
308
311
487
1736571
1737129
1670585
1670250
3472
323
328
351
1073
359
314
6131250
6197597
719
2345
5470
310
332
1044
350
357
322
354
370
316
321
697
539
701
350
322
370
346
325
40354892
40354196
39986192
39986724
500
39892928
39892068
478
39363396
39362836
39153208
39153760
362
64922
359
385
341
344
348
483
251425
496
3367
360
368
349
323
1498
332
352
341
338
342
332
342
329
303
315
391
322
360
317
311
331
311
43027
56312
14580
45992
179553
30750
164005
132519
867
3822
254043
254667
339
314
343
292
352
376
340
343
380
291
323
298
312
4764
4948
327
318
490
325
31311
320
331
300
499
315
6983
340
428
428
535
428
428
428
428
428
428
428
428
428
498
511
500
380
305
335
354
321
319
1191
487
553
552
3967
484
165282
164441
510
4534
533
347
333
272
347
17906
535
309
461
327
349
305
428
5154
349
314
336
314
310
349
331
347
300
352
321
320
318
323
311
358
329
310
481
333
1106
318
2773
332
340
317
503
340
329
292
339
531
364
381
503
304
315
288
320
320
310
292
312
396
377
324
318
326
354
364
310
300
344
337
322
331
359
355
315
355
310
341
316
378
318
526
511
337
127851
128063
128895
402
356
301
318
371
428
340
353
369
607
339
329
368
326
324
452
352
355
293
322
352
350
363
428
428
428
321
409
338
331
381
428
308
346
354
320
10157
10703
391
298
355
519
319
347
297
324
428
342
337
366
330
372
471
318
607
488
492
453
360
343
324
428
317
413
515
346
427
317
356
329
451
366
538
538
409
574
570
221608
220810
6946
498
372
345
331
464
456
454
516
534
318
781
379
346
332
479
1175
505
334
25314
468
525
1386220
1386748
3047
296
338
642
311
428
428
409
505
462
6082
527
1055
521
2239
8959
4313
339
234
445
336
428
1511
501
501
459
364
3349
5355
1449
520
2305
408
490
467
264
9908
4254
405
352
119
496
303
517
354
334
519
305
11
511
513
5538
291
502
428
358
428
361
180
307
463
3365
16984
17564
316
324
338
354
311
336
515
288
476
555
519
310
301
361
370
314
349
313
318
310
355
327
328
398
364
247
281
75044
340
498
494
303
428
320
314
365
324
354
333
372
367
344
324
329
342
490
329
518
357
299
330
318
542
479
393
1755
324
355
283
12754
13717
893
5969
311
302
478
335
342
382
315
317
334
489
255
495
7690
311
312
482
399
409
85
399
336
366
376
302
320
568
5184
334
352
535
346
372
488
380
305
344
576
485
335
409
390
366
328
310
295
290
62128
62982
61982
317
314
468
688
367
303
323
306
1737
370
428
428
304
340
372
353
341
382
8008
361
491
341
320
461
298
311
495
491
428
332
366
328
342
428
428
428
317
308
299
337
321
323
282
1654
1398
310
325
800
334
314
459
297
332
327
356
957
330
334
384
106965
106075
311
342
61100
723
299
19791
20647
532
335
302
328
1124
356
2870572
341
21714644
21853036
355
382
341
5010885
1011
21713912
21712108
448
21720426
21554170
21554782
287
39731
2
308
15440
275
428
458
469
47495
465
54297
54358
55123
54749
55652
54834
55689
26543
100521
59962
25663
28108
28923
29208
72709
42829
41665
321
304
484
330
1267
428
502
279
692
526
482
346
334
361
510
484
1173
316
489
516
491
1175
298
526
497
1827
330
281
315
309
345
335
347
353
357
301
291
451
721
492
409
428
428
550
345
321
529
534
477
508
725
438
291
572
78161968
99513000
78180712
78182672
506
481
486
483
504
301
503
329
3186
573
457
2134
6321
99128
428
97206
428
428
563
1720
1681
3266
455
300
314
323
370
308
347
348
349
315
323
344
302
355
316
308
330
315
339
321
343
490
369
300
4294211
4296099
4295944
4295235
322
324
370
335
344
340
315
310
357
369
314
370
341
335
351
332
358
370
355
345
349
327
348
303
334
330
338
362
328
327
346
334
329
313
353
324
309
350
329
365
337
313
339
326
372
320
357
346
320
341
346
304
345
381
323
333
329
363
312
373
316
335
330
354
428
6653
13190
329
2423239
309
361
339
326
317
307
289
341
316
334
300
318
300
314
349
297
291
309
311
340
340
307
321
323
302
789235
365
324
297
310
357
285
303
316
322
336
317
309
324
347
311544
336
219927
326
302
325
331
339
303
318
363
318
318
330
315
323
319
336
336
309
359
355
297
293
304
340
384
313
322
320
1024
337
301
311
335
327
296
354
1446
2764
342
583
334
391
338
304
313
307
335
337
343
315
290
381
303
351
37182
311
327
452
319
1648
367
311
321
386
3297
343
316
318
315
369
301
302
331
297
344
356
524
325
111
527
311
332
1694
1964
884
3398
242
346
1716
5850
428
428
428
428
517
496
535
476
452
896
428
428
428
428
428
428
298
317
7299
492
428
2126
2421
553
462
334
6828
309
428
284
337
365
333
511
408
546
357
517
473
339
328
339
331
321
329
334
540
342
335
517
335
89
347
356
345
361
308
336
375
304
373
353
337
309
358
329
334
466
323
378
808
301
309
297
352
368
309
478
357
340
307
351
331
314
318
356
324
461
329
333
335
459
428
428
308
306
308
362
343
325
344
319
310
282
311
298
325
285
300
349
344
335
428
360
290
335
357
332
352
321
309
350
317
295
341
375
354
359
471
428
503
428
428
428
428
540
19922660
1629
1229
471
491
457
10146
568
409
513
573
467
350
428
428
428
194220
195065
378
324
334
310
370
340
278
470
2270
353
470
577
321
309
641
323
331
780
547
49140640
334
364
321
2826
8539125
472
235
2136
369
1585
428
428
302
428
3486
361
285
592
339
743
548
499
126
3706
233
521
21123
313
309
319
6974
627
518
506
464
483
467
346
353
579
491
428
7381
409
484
533
489
327
309
373
507
489
409
518
2882
541
1132
314
461
470
474
324
476
344
336
307
446
1196
597
320
2013
325
2761
2634
356
479
333
319
288
586
1373
1355
337
477
2113
345
337
428
361
368
452
475
351
327
606
687
385
466
343
526
345
579
21350534
290
308
537
563
305
321
428
316
315
287
521
304
330
368
320
339
325
316
339
338
703
428
328
304
298
349
310
330
311
319
327
358
329
306
338
356
507
299
325
356
342
309
329
348
335
365
331
316
318
363
349
341
323
309
569
332
450
321
454
323
1408
1658
2353
506
304
338
328
2601
334
386
337
342
365
332
342
377
324
303
322
337
488
455
323
498
454
304
320
330
309
338
342
354
353
492
318
358
349
357
300
428
344
304
343
329
312
337
341
358
306
372
316
521
347
332
383
299
326
467
378
601
305
321
339
315
359
316
341
332
315
316
328
332
507
347
370
334
351
332
316
336
306
324
428
346
380
360
332
344
331
357
314
293
328
337
32
134
357
351
335
8571
428
479
637
327
467
479
365
337
326
367
299
521
298
327
309
318
372
484
321
297
341
309
518
616
307
515
305
312
469
347
586
324
334
326
1960
339
319
409
300
357
324
351
284372
212108
211750
134125
347
295902
282874
282219
275468
274945
615
357
325
309
495
343
377
348
347
453
345
348
289
345
314
332
469
360
317
695
322
327
317
356
343
340
486
476
346
778
34
354
334
325
340
1265
1205
17300
18185
832
355
369
575
293
336
297
345
302
303
310
261632
333
347
300
302
310
319
344
355
4892
308
15931
11408
10335
428
5718
24878
41232
22700
33438
382
416
257
47536
386
411
403
428
428
401
415
398
428
318
359
300
293
300
320
307
333
347
315
335
330
488
697
453
506
345
428
428
270
348
377
369
5869
363
563
326029
821623
17851
31339
311
12798
279105
294498
357
303
303
914245
322
338
528061
619680
494901
341
663469
289
441979
12303
554676
239061
127124
337
297
316
348
151807
322
342
59951
329
288
211878
302
311
331
288
313
322
302
329
356
296
312
363
473688
328
298
47851
300
215664
341
382
310
303
332
321
316
305
348
313
17682
428
355
323
316
428
300
428
356
428
428
428
360
355
317
343
19294
428
543
499
321
342
325
368
317
1488
500400
501358
500534
5132515
5132263
5130711
5102944
5058856
5058072
5055105
5054799
5054020
292
319
335
308
475
529
326
358
320
306
359
291
318
485
3774802
348
330
354
497
593
254
140
497
605
305
1422205
1423093
1421730
1420980
1421858
428
506
485
387692
356831
357131
356388
356725
357
516
368
428
428
349
323
339
291
352
300
84
339
473
352
482
524
446
949
368
507
356
315
344
309
317
627
520
309
1199
469
428
301
367
6112
6029
363
351
317
500
356
320
319
427
319
349
497
339
9117
358
502
345
484
488
528
320
478
495
310
547
13661
2957
306
321
4094
1275
481
337
516
313
305
367
344
517
287
301
476
511
359
8304320
1699
357
320
359
498
490
337
322
533
312
461
492
374
488
483
454
513
6984
503
312
3189
342
333
373
314
351
452
5773
485
328
494
332
352
445
461
503
641
511
71222
36373
1304
536
530
481
354
564
458
489
316
554
513
428
428
428
428
428
428
428
428
428
428
428
428
428
428
428
428
428
428
428
428
428
428
428
428
428
428
428
428
428
428
428
428
428
549
297
332
502
521
482
523
408
493
477
453
471
24075
501
497
428
479
428
428
317
481
506
538
501
443
649
4074
3854
559
565
314
301
322
517
498
483
544
327
33057032
485
484
538
427
345
2883
1182
619
451
428
543
428
328
318
364
427
484
548
522
531
135
81
4603
7507
2255
452
498
331
538
479
492
363
459
428
34
351
306
525
299
351
428
684
2155
453
1652
1077
574
960
324
362
428
325
427
496
475
427
428
516
341
486
350
525
350
327
484
383
470
378
296
506
484
361
290
427
313
368
341
428
368
311
317
345
348
504
307
315
2245
2482
485
528
474
511
368
428
428
317
538
477
560
481
487
331
511
516
1049
542
428
428
358
291
340
306
322
320
471
329
495
555
1400391
322
1440611
1441246
345
395
342
350
428
309
325
344
343
352
860
343
310
346
301
316
311
314
337
323
347
311
340
343
342
364
357
300
312
362
522
314
1371
1306
367
540
638
389
348
328
676
330
292
315
322
310
481
300
322
336
360
303
365
336
523
507
316
340
323
319
303
338
502
299
332
298
351
340
339
300
318
352
348
334
381
345
528
313
352
345
355
356
332
485
298
293
351
3897
585
343
344
345
321
353
390
366
318
598
322
336
561
378
347
357
321
394
398
334
335
326
1686
372
347
65301
327
428
386
285
320
311
332
390
451
335
428
455
3512
490
348
308
316
521
370
344
318
335
314
315
292
531
475084
323
325
319
311
333
450
286
328
333
503
468
73875184
463
520
296
320
331
23741
24670
337
545
517
496
346
483
485
455
551
2407
291
959
316
781
1576
346
531
346
369
310
313
428
323
1087
525
499
377
501
359
552
428
428
824
487
361
338
325
345
348
7161
411
489
479
337
324
488
323
346
323
306
885
334
385
448
479
428
327
482
1301
322
457
367
282
1882
7857
3968
287
363
247
409
491
466
493
491
328
461
471
2160
339
343
375
340
428
428
482
576
469
16110220
475
562
137704
140988
2564
327
349
352
322
311
364
301
312
315
287
428
484
350
318
540
313
595
494
503
329
464
324
1029
313
323
496
320
327
321
332
281
304
445
502
514
349
2417
496
313
428
152409
428
1686299
26616
314
298
330
315
409
520
485
507
391
345
428
325
334
327
337
314
335
349
102
3194
408
470
1723
305
311
321
379
282
487
307
372
1112
408
335
28079
428
328
315
303
750
344
389643
389084
353
428
308
315
1638
533
584
499
453
480
314
543
341
373
907
311
1158
365
313
686
31045
31907
341
362
323
574
375
336
305
363
337
462
428
317
326
291
305
326
522
481
308
557
346
365
331
325
345
341
336
315
495
321
310
336
290
526
843
358
455
4850
528
498
323
451
506
523
2404
428
482
524
428
474
459
349
428
484
516
535
300
550
428
428
322
503
306
320
343
320
325
382
316
351
428
428
336
344
370
354
310
299
350
5790260
974
321
318
120
89
371
454
309
15667
428
14696
428
338
544
349
335
475
481
321
555
333
344
455
446
491
1137
117
381
298
288
460
356
315
310
289
296
352
477
365
374
567
376
524
428
428
485
510
579
302
492
507
312
496
311
324
308
324
321
342
351
342
312
360
428
428
334
323
294
350
362
365
313
520
295
386
702
511
378
304
351
355
344
1001
807
329
362
308
364
332
314
315
308
325
373
380
119134
119955
119325
127838
120381
119110
462
353
119336
119435
120218
351
115424
143614
143225
144554
145397
327
314
343
7747
379
357
297
347
331
361
378
290
357
1100
615418
9522
9821
1569
248233
332
321
258337
428
259115
428
2404
547425
505
25181
24232
25125
23820
428
428
428
81289
428
12011
428
46566
47471
428
45959
455
644
348
470648
393
326
309
428
428
521
428
332
362
304
1622
344
303
313
340
336
1305
9544
428
403
428
428
428
366
290
328
307
309
314
323
1994
317
330
316
354
342
297
341
324
360
332
327
335
428
358
336
319
338
347
8211
325
357
298
339
318
606
345
358
314
306
317
347
319
339
2190
3762
351
316
351
372
374
370
374
352
344
356
324
326
335
378
509
508
325437
324589
387324
215723
214694
306026
140901
141726
207757
206808
206657
207522
50620
1451
2459
2219
749
1441
330
1029
400
1380
350
448
522
517
463
643
364
333
342
350
305
409
2685940
2683656
345
347
298
320
505
372
428
428
428
291
360
1989481
1808221
922277
922759
914321
913767
351
326
321
342
317
338
508
495
407
428
603
468
499
480
542
359
327
345
322
323
459
1190
463
456
554
346
320
314
314
345
366
324
358
337
331
344
358
287
356
322
279
339
470
355
316
346
312
322
349
373
331
359
497
326
95617
96387
317
327
323
301
309
358
314
344
364
320
328
311
332
331
346
285
327
493
45630
343
297
527
452
531
456
451
347
304
317
302
326
359
625
566
325
311
192
332
292
326
332
428
428
283
499
291
6216
489
365
344
314
467
11169
407
347
475
308
325
535
492
502
513
343
308
307
316
489
300
313
468
428
344
376
130
1738
301
337
325
428
312
606
363
329
491
409
237
517
547
294
584
302
300
341
325
330
315
408
323
340
336
319
321
428
428
314
524
316
319
356
2968
414
366
303
466
493
524
460
463
1026
345
479
329
5662
323
360
5107
286
513
299
314
3736
305
606
339
334
365
208
573
1234925
1235404
359
332
321
334
295
2659977
2617200
2615202
328
330
333
324
458
327
2206860
2207487
2188077
2170270
2171024
330
2168589
12350
350
340
312
509
327
516
797571
792575
783370
313
324
344
6635036
12385263
327
458
293
319
1219
331
335
370
322
324
352
2921612
285
528
315
319
6064
1115
620576
295
326
5750006
354
568
651
327
734
600
351
353
313
304
346
353
311
321
494
332
523
428
579
484
346
331
313
318
378
2550
521
559
372
313
356
497
305
381
325
407
158
309
547
86
3889
474
925782
510
547
503
1519
630
331
518
340
875
375
301
2010759
1967729
1967069
1966882
1951668
428
329
631477
631229
581
380
338
4043
352
1084
547
509
314
343
314
295
322
333
347
324
339
341
318
288
307
1113
322
498
3537
345
370
447
304
320
347
341
340
304
378
301
327
284
361
309
335
349
296
324
329
312
333
348
559
511
349
337
311
683
341
336
508
336
460
537
329
359
353
347
337
326
296
306
338
1275
322
512
369
340
334
343
338
312
309
373
428
341
343
350
340
282
313
78379
79217
383
355
487
341
508
473
352
326
336
336
342
313
347
292
324
323
325
320
329
341
336
358
506
342
10124
395
335
308
309
337
335
299
287
325
347
523
327
364
384
469
393
307
531
514
428
428
321
364
302
323
302
330
339
303
518
303
333
319
362
355
297
331
352
317
569
364
536
345
312
499
302
533
347
1577
380
310
487
351
327
464
369
294
370
334
353
300
306
356
313
343
2911666
334
356
265
367
373
373
292
1623658
2192798
375
4043
324
172289
321
303
505
484
320
337
520
348
504
506
428
373
354
1115881
7171618
481
321
443
297
302
332
499
447
463
1782
388
316
468
511
343
330
519
539
350
323
349
71205
70272
323
406
428
344
0
487
693
400
325
286
322
318
20
2924
338
314
926347
344
344
298
374
334
58962092
58962336
58965340
58965080
58966220
48
58965272
58970080
58705552
58706496
58706648
306
363
324
334
338
298
340
312
317
360
341
367
360
288
298
330
316
312
340
308
504
294
350
313
314
282
315
339
326
317
293
319
339
291
358
362
305
349
136
347
428
343
94503
353
384
340
115
341
347
387
335
351
338
320
407
333
356
324
301
376
352
310
428
331
309
306
299
316
322
322
334
428
428
428
342
332
307
317
327
325
336
341
338
315
329
1484
3173991
11819843
335
341
349
342
459
11805800
248
11806880
326
8744393
6455
11803566
5304935
325
375
324
345
11797027
11801329
344
11795093
334
317
350
368
302
337
377
46849
11512579
309
11465565
474
353
344
338
373
320
486
354
328
332
361
347
303
361
310
318
328
316
317
332
361
361
367
305
428
308
16107
6479
452
12717
353
498
321
6901
1351825
1566691
363160
446269
362
22252
194027
332
287
693678
335605
294
313
312
344
641685
382
331
338
189212
381
151161
342
299
433
451
333
348
355
313
5928
285
349
333
321
341
545
324
304
357
352
376
362
366
411
569
591
496
561
314
331
623
467
488
2558
462
1919
311
42559
72511
71978
342
350
473
304
455
552
326
289
333
329
335
345
356
366
286
502
331
344
308
338
15
3594
322
428
428
428
2631
409
477
362
295
475
323
300
372
482
506
321
454
496
539
529
476
347
330
314
337
336
507
334
331
315
351
322
335
315
344
314
322
304
339
337
334
319
367
295
357
329
313
428
294
352
353
428
298
431
280
366
379
341
4196217
373
334
365
312
351
344
344
343
558
349
347
320
356
7733
8558
409
325
298
317
303
332
542
406
331
330
300
349
339
337
462
330
868
523
349
355
481
5052
4934
456
2717
459
336
333
348
304
13397
13237
900
342
503
319
534
498
206
388
466
492
324
494
565
344
306
297
324
321
792
483
500
452
320
318
321
314
447
1127
319
298
324
537
340
622
610
699
352
509
356
318
321
563
354
388
319
653
305
322
6287
5795
355
320
542
515
308
508
344
300
359
428
289
358
335
351
345
299
362
297
316
290
160
306
452
333
1395
371
382
300
373
311
523
375
340
1023
526
343
343
467
335
562
369
356
349
333
323
349
547
340
324
291
325
317
312
515
326
347
331
355
302
360
321
351
123
308
335
305
619
428
428
324
306
358
308
1074
340
339
398
428
428
329
357
347
346
327
334
307
372
321
349
311
334
1792
483
326
327
343
368
517
368
345
326
333
346
372
315
338
308
331
327
348
353
466
325
1228
519
344
298
327
455
324
355
317
304
359
339
335
890
328
332
331
487
361
1410
351
343
303
320
339
351
314
340
318
356
484
350
364
330
811
298
314
330
368
363
885
562
288
300
328
317
322
320
294
340
356
330
324
298
126192
9548
373
319
337
2120
1065
334
370
460
328
341
344
317
337
343
323
372
355
315
326
337
508
469
4335
342
289
322
338
300
357
339
337
325
511
324
320
483
336
3660998
706
510
479
40
138
310
358
354
43646
44508
1278
338
332
321
307
1281
333
293
332
324
428
428
582
329
1390
428
428
460
428
459
338
398
327
325
489
515
322
296
316
472
355
370
510
298
332
517
346
509
1396090
1678
533
350
523
2147351
318
3039542
315
2996725
2884554
2883949
917362
350
4815369
3612816
4817844
4817782
4277
509
471
347
334
328
312
324
892
349
331
918
308
343
361
518
289
428
40272832
338
1535
295
353
343
337
1070
360
292
428
428
325
341
533
326
484
352
594
495
549
325
331
312
358
318
343
342
556
2
473
301
309
321
473665
469652
459962
446650
426172
422709
331
257846
287613
287391
287533
285044
285983
285829
5556928
285863
1828
479113
474373
475096
426740
427263
336
1125
5271257
29763
376
342
84
370
4930270
297
10782
350
363
314
322
376
428
44
342
359
3925627
352
397
315
329
327
338
600
323
398
346
2288
5635
331
343
368
257
1911
4690
319
304
342
354
355
325
404
396
405
323
399
315
419
296
302
334
400
318
359
387
299
397
417
406
300
395
420
421
307
293
44368
44540
316
1398
300
305
490
335
7051
333
306
336
484
350
342
341
604
340
340
352
336
9802
1041
3745
392
351
319
402
318
310
358
3940
335
335
428
3870
4219
309
305
372
335
3166
473
343
692
324
282
349
325
483
330
336
293
326
322
366
2234
317
357
317
333
283
318
428
360
299
369
382
302
333
333
335
337
285
1158
521
489
943
386
329
339
305
326
337
355
501
333
511
170
333
408
316
28439074
28438712
28438024
501
528
379
311
320
324
106364
105434
106540
107277
12571
1724468
12778
356
428
358
489
527
342
340
428
303
322
350
9270844
453
326
324
314
300
347
501
1383
573
301
293
355
279
365
316
331
600
346
300
308
284
306
290
312
334
563
334
355
400
7079
21177
55208
54845
20042
19153
16906
476
10609
333
10311
299
326
333
343
336
307
301
350
336
363
347
305
286
323
317
347
330
563
484
316
349
348
308
291
469
331
282
327
324
316
327
318
339
356
353
337
73812
4235
2250
349
307
312
331
329
298
321
353
326
461
364
289
356
350
290
319
332
340
316
319
295
603
366
361
19346844
19346002
915326
652196
651930
636100
593532
584
332
986299
985296
367
887872
887152
18629970
355
486
373
557
387
304
323
369
525
340
475
323
304
428
338
597
481
716
1419
302
428
319
616
348
318
490
471
340
332
455
316
356
345
343
0
428
306
327
552
329
317
298
332
361
318
358
326
323
491
428
315
409
487
292
2307
332
3158
610
325
2139
501
342
342
283
372
349
322
311
297
314
366
304
294
362
324
316
403213
283
332
980
324
2085
301
307
1808
2074
379
343
357
360
298
333
309
314
334
289
523
322
367
342
370
349
572
37359
23597
13854
1005
369
331
348
346
337
334
347
322
342
2278
365
330
307
1131
498
304
994
359
346
306
1251
359
351
484
577
585
306
357086
356234
356004
310
337
359
544
514
513
2550
327
4496
376
6088
455
428
428
544
347
400
354
428
428
855
309
428
382
362
561
492
321
324
363
404
536
357
116
58
515
291
333
314
1356667
360
335
338
352
364
320
381
521
309
453
345
350
292
328
456
320
309
560
984
315
3112
485
337
407
312
509
492
321
360
428
492
335
324
493
344
293
462
517
1193
371
346
360
478
349
318
335
342
309
338
476
364
323
314
321
363
368
311
353
8852
8953
784
3140
315
518
399
346
332
332
359
975
299
336
348
337
353
327
332
391
473
357
428
366
384
309
331
1021
334
323
499
417
331
362
364
50065
316
336
324
362
771
325
320
354
345
333
378
345
371
335
361
328
356
400
331
319
365
330
345
628
355
293
324
336
354
323
509
344
318
313
317
319
1119
448
529
312
285
345
356
290
364
331
449
337
467
331
354
324
343
465
342
294
428
338
345
350
331
307
359
561
366
719
536
588
1621
321
333
351
1354
323
367
286
497
327
311
508
312
388
547
494
722
308
537
321
504
1625652
1624936
1624145
1616434
1616746
1615106
532
1644
1794
322
163
361
24
489
360
320
323
502
313
2082844
428
789
311
367
327
293
349
335
572
318
344
325
213
330
346
323
3276
34760
428
449
356
428
487
428
320
746
332
336
323
450
2571
371
59908
150526
315
160692
177379
116909
4948442
24200
16404
4865744
4885024
4912385
318
3886328
307
320
331
348
305
346
2744743
2428470
319
320
332
319
314
329
369
305
312
307
56767
19315
4130
452
296
345
365
345
524
356
334
424
1885
428
428
335
288
326
305
480
323
329
1249
353
517
380502
476305
618
3531
308
326
312
280
481
463
462
588
496
584
506
346
327
364
482
488
570
530
490
302
524
482
616
345
2073
387
524
491
608
643
60
176
3554
541
638
1040
1267
428
428
517
467
328
527
533
349
306
356
368
347
318
537
346
346
313
542
323
428
336
405
342
354
363
3428
6041
6225
4935
408
308
377
428
335
567
491
291
409
4649
428
292
4035
361
281
346
526
428
2047
294
488
357
319
342
488
501
549
473
338
336
332
290
368
6679451
547
584
470
478
379
329
332
327
344
307
357
344
461
364
303
300
333
562
461
352
562
351
969
395
2362
458
356
428
428
427
300
521
536
479
519
315
358
428
544
476
495
307
494
428
230
886
502
535
527
505
516
517
401
484
314
325
343
349
516
307
318
501
349
335
297
583
733
332
326
360
371
330
353
506
498
456
329
327
331
324
334
331
302
376
320
328
336
330
315
400
347
291
1123
343
318
564
331
336
505
850
340
380
377
363
1981
346
344
309
347
315
303
331
325
668
305
388
327
298
353
286
336
321
327
321
337
343
335
353
339
366
427
324
332
474
314
383
335
320
360
300
343
293
352
328
282
331
331
286
333
566
307
509
334
517
303
340
354
296
332
318
377
304
347
347
311
651
340
320
348
364
373
308
689
530
363
339
298
354
537
393
380
321
379
364
329
334
323
365
305
311
358
331
305
320
333
380
354
340
351
335
331
333
361
573
320
330
356
344
344
340
296
297
314
332
313
320
297
311
352
308
331
328
489
348
346
1640
318
313
348
368
334
341
322
362
283
464
354
313
302
319
326
365
485
282
332
4288856
4288043
1240
338
329
353
347
316
331
346
468
299
367
1464
332
336
345
338
354
323
363
316
492
721
722
305
298
320
320
364
485
347
319
366
333
340
324
331
351
340
317
301
337
343
350
336
351
337
320
341
369
352
357
308
355
540
326
583
290
365
339
346
318
343
290
994
337
161
348
327
339
319
282
336
369
327
603
323
321
318
323
294
293
347
322
326
331
491
325
355
308
299
326
967
319
311
304
351
324
363
373
321
516
333
347
338
337
385
371
298
331
340
328
318
327
326
337
309
333
16377
316
345
344
370
325
314
305
49
354
323
313
323
348
482
308
355
291
298
317
299
337
328
325
329
314
457
293
308
305
361
357
349
306
319
428
3028
428
6087
3079
308
352
351
373
308
331
361
428
341
354
330
398
300
343
363
353
347
356
320
310
318
377
317
344
348
487
300
303
349
362
337
363
313
297
342
358
341
340
351
371
293
1691
319
357
351
471
297
372
338
350
315
102307
102842
320
335
297
351
521
348
336
38611
39493
39909
315
4367
377
4056
379
333
327
372
316
339
338
348
346
315
322
312
356
320
365
287
314
314
317
362
327
428
343
316
319
380
298
367010
326
327
328
330
279
359
1826
471
360
533
331
503
306
295
338
335
470
331
312
511
526
353
361
102211
101699
489
198298
192689
192272
489
352
312
343
428
353
300
358
352
428
481
351
355
344
343
303
370
359
338
381
320
310
520
325
317
338
289
475
355
295
316
356
325
350
348
355
320
382
587
318
330
372
347
482
327
560
350
301
301
322
356
317
824
355
349
340
346
297
5315
328
527
328
329
542
201280
82131
80482
181826
182334
322
483
531
323
524
391
361
333
348
354
378
326
352
58711
59552
62007
61242
332
408
358
311
356
349
355
348
553
257204
1097265
331
299
1609698
1007
839959
83166
352
2547
345
332
326
328
344
321
391
365
294
544489
543904
343
350418
421023
371365
259541
247094
428
493
309
332
619
318
323
2085
322
490
309
459
460
376
310
351
1703
305
134745
142894
419127
419701
341
557
428
519
318
319
369
502
95113
94167
344
383
338
323
329
316
331
341
331
343
333
711
318
308
370
315
306
309
341
723221
331
288
333
332
373
321
325
303
345
3288
330
306
428
362
5117
330
340
324
313
341
32034
26215
335
347
343
508
189
346
330
583
709
348
371
338
329
327
320
331
1908
1081
335
607
340
333
296
336
319
322
307
351
335
6077
336
452
343
395
333
300
359
379
538
5999
6183
377
351
528
388
4345
321
340
386
358
2307
495
339
297
376
337
353
309
318
301
311
331
324
334
329
302
302
332
370
295
336
326
369
371
343
2360
428
509
357
282
57
428
428
70
428
428
428
428
428
428
428
342
344
380
333
329
353
326
672
309
317
321
294
290
309
458
447
310
309
315
2518
475
313
315
481
621
294
326
297
345
459
399
333
453
48
306
326
321
330
317
378
321
345
339
337
328
319
375
1002
349
341
330
343
332
366
286
312
343
342
344
313
314
363
356
311
2793
331
293636
293911
29806
31907
168795
169277
334
67036
67947
66804
67574
311
371
324
334
332
338
336
321
341
4630
2496
3531
2796
286
359
371
327
358
366
321
491
329
547
439119
61275
62129
159064
124138
335
390
428
318
345
297
324
322
325
310
288
346
302
82736
337
346
328
702
336
334
342
341
319
318
343
314
333
347
340
336
363
515
338
506
318
302
364
341
328
303
335
308
1020
342
340
322
287
346
321
5639
64621
65204
1120283
361
1456
325
488
453
311
468
310
315
321
342
334
350
328
428
352
339
346
307
302
370
315
352
501
328
305
351
20023
20603
382
328
363
321
288
334
362
330
350
341
298
385
325
297
299
316
350
311
310
327
338
351
330
308
338
299
333
1827
1622
336
300
464
12393
359
335
356
327
1676
356
504
358
1625
462
339
306
347
539
384
42413
345
353
322
294373
675561
676212
320
332
309
36274
30622
36043
357
26139
26246
27148
326
539990
539527
2010
327
303
507
565
300
2774
39891
39307
452
383
577
81781
36775
333
316
333
335
287
315
336
297
323
841
170
356
5158
294
343
324
363
335
343
303
19779
18968
12311
18909
628
279868
279492
301
337
339
324
320
334
57156
56304
20578
19699
19870
537
486
365
333
317
60477
63510
64216
347
356
325
307
313
284
321
315
956
312
318
353
343
309
301
382
483
347
511
312
322
353
343
9160
10047
313
329
305
239
460
304
334
3483
568
589
334
525
365
761
320
366
319
287
319
339
295
333
332
301
501
295
351
312
342
215
1769
364
383
299
373
358
331
304
1718
33113
379
428
354
32
694
391
335
336
3289
321
315
544
315
484
369
333
372
328
352
330
542
472
329
342
480
316
428
346
303
315
349
372
342
326
510
501
505
309
322
6064
510
493
4923
501
409
496
455
523
316
526
664
606
428
428
428
428
518
529
326
292
428
352
1679
512
327
985
515
511
349
369
343
317
448
498
339
303
315
368
368
331
294
313
372
333
291
335
323
322
293
519
521
368
381
332
338
331
306
428
334
495
341
502
490
392
537
324
62636
75490
529
365
859
322
376
329
392
300
328
357
300
373
344
336
428
322
292
318
428
2406
3731817
319
367
428
345
321
335
346
333
368
322
337
331
336
311
1879
318
327
327
453
303
343
23084
1511
454
338
327
301
351
341
341
332
306
353
168764
287
323
309
325
313
372
1867297
567201
362
311
526
1859216
553660
428
1752941
374
509929
325
1719280
315
428
309
329
428
319
4538
323
428
8852
11292
1234
1065
428
8904
428
428
326
350
428
1443
3050
1455
450
240
292
7211
7388
323
323
329
349
335
453
428
359
428
428
292682
428
322
428
428
333
522
325
463
1998
351
428
401367
312
1298997
24758
408
401
388
415
406
372
388
410
410
288
378
381
428
683815
428
335
338
363
348
314
2784
629888
626762
621759
309
315
393
428
348
1183967
312
757
1187896
441402
428
428
135730
223393
437199
428
428
428
428
1561
428
753091
488863
350
128
327
3117
317
486
308
353
363
300
324
320
428
327
428
355
428
341
321
318
428
347
309
338
428
362
938145
938799
428
428
428
341
357
987
428
428
539
428
355
390
456
428
347
428
156405
428
331
355
326
356
303
381
319
360
1745
428
428
309
326
472
340
378
351
331
332
324
314
2117
365
323
3783
357
254
17542
661
5142
339
3093
10280
747
8164
11856
79
29
526
954
1549
9050
342
4035
371
336
332
118080
341
124
347
378
344
353
397
327
378
329
300
373
361
347
352
299
330
521
320
304
343
324
500
482
583
54
357
1931
3933
347
324
339
299
354
506
294
543
328
3341
307
329
351
340
375
321
341
324
309
343
1447
338
355
361
282
314
476
295
395
316
322
340
333
345
377
325
342
473
291
358
330
503
308
345
353
317
371
337
356
320
380
299
483
300
337
353
404
489
347
465
365
367
1286
448
2781
335
315
311
428
428
521
333
486
343
1442
5926
2476
2251
300
334
325
549
318
326
334
320
366
525
475
514
337
299
316
357
496
346
317
300
349
322
295
313
374
332
348
340
336
331
348
338
286
328
334
522
338
302
495
317
376
294
294
323
313
474
312
346
358
605
506
294
339
315
312
338
332
333
319
1715
1838
329
291
524
330
335
326
346
639
478
1691
6039
524
326
329
330
330
308
323
295
465
455
313
341
304
513
329
339
349
287
344
497
464
357
303
302
361
345
16
331
336
357
343
342
345
505
364
381
348
305
331
823
339
358
152
287
566
501
318
358
536
289
527
373
338
342
339
302
450
314
345
332
334
308
350
359
288
960
349
350
339
326
302
428
320
317
346
359
335
343
328
300
428
428
570
349
328
338
323
299
317
337
336
305
327
317
337
345
496
328
383
317
485
373
355
349
314
364
323
389
295
331
327
1930774
328
37397092
428
302
327
361
337
378
3530823
327
326
300
312
321
361
338
342
428
1238
299
352
428
341
428
428
321
326
428
428
332
359
358
356
428
355
315
344
340
342
428
343
342
316
345
358
337
363
348
303
1409
291
390
373
301
340
428
428
304
428
428
428
536
320
344
345
55728
428
52256
52951
428
232335
311
341
428
328
378
428
428
299
428
320
330
332
287
324
428
2929
336
428
565
467
566
752
2350
370
351
86
344
428
338
326
2057
343
323
315
428
345
314
428
309
332
323
316
306
306
311
315
315
315
324
367
428
428
316
384
340
325
299
322
329
325
341
19329
18723
8869
370
325
369
321
312
1360
1079
428
465
409
273
408
326
301
428
506
551
524
554
526
428
428
525
428
428
409
675
315
506
428
428
488
514
407
549
174
449
141
404
675
661
330
1115
279
499
598
297
564
527
603
506
566
987
337
409
342
363
563
331
329
357
349
358
527
355
313
493
428
536
450
340
428
353
300
330
308
515
335
960
408
364
553
282
339
328
495
343
310
336
330
514
488
484
482
526
357
467
340
4654
491
349
465
460
406
499
315
383
1658
344
394
479
3394
478
560
314
368
349
366
625
347
288
340
301
313
615
338
316
323
554
335
712
303
372
523
506
359
77115
77872
338
26043
293
460
543
759
316
347
369
367
315
346
380
329
328
352
361
542
323
322
335
350
342
79
318
333
347
335
297
337
350
340
312
333
959
360
501
312
290
370
316
514
543
324
330
314
331
325
374
357
322
330
340
428
428
311
3301
324
324
335
337
323
368
1214
2362
287305
284454
284729
320
318
324
353
313
362
428
179
346
241659
333
334
315
344
428
338
365
284
319
459
324
340
336
355
290
320
335
537
325
327
306
356
331
342
370
333
428
428
428
478
353
296
302
294
301
289
315
346
322
287
312
329
319
3759
3596
333
380
320
324
301
329
428
428
428
344
348
336
306
292
366
317
345
393
350
442
377
297
319
338
296
882
326
345
558
477
346
491
347
325
456
306
492
319
332
353
2196043
339
394431
428
428
328
1302738
1303002
1303537
428
345
329
1534
333
341
300
354
373
346
345
364
371
314
318
331
314
355
323
3249
1017024
1016865
1016137
468
334
334
315
302
325
307
345
327
379
339
326
509
321
311
355
81667
48553
428
22711
21935
22777
22795
22243
23120
23119
428
428
318
360
58177
57305
57260
71
5288
1233
469
1329389
1330177
1329416
351
428
348
329
2510
1840196
362
354
351
2621
58942
365
358
355
353
350
324
337
308
469
296695
296636
295455
295676
295602
296591
295682
296713
296484
295648
511
355
1777
454
322
491
616
342
464
325
470
324
492
348
361
348
335
2324
287
2724749
2724214
309
294
322
358
341
364
335
318
346
333
308
373
343
4226
303
353
325
372
318
337
360
371
356
341
320
333
368
339
293
352
325
348
495
162
469
493
339
394
476
310
347
294
288
539
465
1040
367
339
310
353
316
6501
428
316
327
53019
351
306
329
376
348
4752
428
428
326
501
525
368
780762
558
301
313
335
350
352
577
331
203
330
335
209
338
335
326
507
365
4598
294
1234
330
320
1048
339
322
330
2571
341
361
361
332
305
371
328
344
328
345
311
291
312
519
467
342
311
310
327
333
359
346
59821
60659
295
332
462
472
317
349
311
339
394
314
304
494
604
602
353
306
311
952
341
332
338
1525
3192
398
341
558
349
346
346
340
327
317
942
77
379
356
366
320
388
360
367
389
352
399
347
336
462
321
339
350
375
318
409
284
364
305
344
494
520
382
295
335
306
487
530
351
288
358
361
372
459
559
381
893
355
585
428
464
465
369
310
340
428
428
336
1743
1050
313
428
1716
3769
4458
316
343
300
377
339
470
333
307
351
408
336
346
372
351
338
327
349
319
298
357
341
323
297
329
331
478
285
348
549
301
376
333
371
353
372
362
310
365
326
319
337
310
350
366
298
338
334
328
303
336
162
342
353
352
328
348
335
333
302
325
380
355
321
349
329
334
2690
385
4986
1688
553
213
198
6825
361
341
387
336
313
336
353
329
339
356
353
353
348
362
334
347
302
336
6823
347
354
370
326
332
321
350
340
306
3231
32110
343
2498
2399
2426
340
328
317
379
353
5321
319
310
386
289
315
2873
379
310
346
322
428
328
320
316
307
320
339
346
316
303
377
428
317
305
365
5631
1484
325
330
3389
2141
367
3790
2239
3783
256
450
451
373
324
1034
479
338
344
428
1199
360
338
1595
355
373
385
350
428
11670
340
342
3403
797
1435
335
337
362
287
1084
501
11394
867
1198
292
428
1073
1173
1018
537
339
296
6959
317
355
326
317
7354
324
299
356
316
339
345
3099
296
336
329
451
348
349
349
428
1197
428
318
389
509
296
324
371
520
1026
428
315
343
312
720
446
1012
428
312
336
428
556
344
5805
336
329
185
500
988
376
332
360
340
324
428
394
278
720
343
332
337
341
335
4336
26677
296
5937
300
446
7005
1929
4418
336
330
343
315
323
351
428
338
428
355
350
428
329
428
319
306
293
321
317
6317
314
321
334
324
319
363
428
450
306
329
300
361
330
352
290
3059
10179
465
428
351
428
358
310
403
305
459
331
269
366
352
386
1365
43
383
313
304
295
308
340
2198
428
428
347
349
360
354
614
2162
428
321
312
309
326
317
337
339
362
428
317
344
333
428
320
323
346
298
331
13023
133551
61549
76621
87774
102352
133930
1365
57405
66748
72173
83200
121092
428
428
428
20044
29382
44446
49653
54651
63445
69326
80783
94558
127500
124482
428
531
54
343
5162
333
331
1856
1966
10671
341
342
1533
17632
42592
56893
67635
107606
48848
72533
104330
13593
13308
23774
34020
41689
50578
64362
96478
91739
10671
20703
25560
37898
49772
82241
79909
6272
20811
31716
44719
56604
77592
7399
9968
15144
25583
6013
354
49179
327
333
306
366
338
1325
428
324
335
315
30720
317
7524
322
363
319
1064
358
327
332
328
343
376
428
325
333
370
344
428
408
339
428
309
428
447
428
428
337
346
373
355
346
348
762
299
313
341
361
369
1324
361
1213
367
333
689
2335
364
327
1550
343
338
428
428
3012
357
327
345
339
338
314
283
340
408
324
164
346
540
41683
42519
1173
353
315
10644
428
370
332
22
16667
18355
337
13011
4534
1595
5230
7549
335
15235
340
326
363
376
428
349
357
370
330
310
344
307
293
311
318
353
298
334
372
375
361
364
358
358
358
406
347
320
315
344
348
280
340
340
15267
514
1333
292
353
337
305
361
428
428
428
369
428
428
428
