327
382
367
298
354
51425412
342
360
898
358
532
444
354
375
310
287
382
331
378
324
385
360
300
386
443
326
342
327
65377
64419
341
310
306
335
312
301
612
308
300
310
396
330
338
337
315
378
384
447
345
312
324
323
489
468
338
375
321
275
13540
7474
34303
8016
374
99547
333
331
333
326
341
304
382
342
311
319
314
332
351
310
357
344
352
315
377
298
304
341
377
342
372
345
313
530
446
372
357
357
323
247
376
660
361
2332
1580
357
342
402
365
360
602
389
306
306
387
546
390
1783
1524
321
622
337
433
374
383
502
361
433
433
38
308
315
433
345
337
433
372
311
456
664
375
320
343
319
346
312
319
355
628
359
335
370
323
379
357
392
374
317
353
347
324
395
368
354
364
319
372
322
329
374
423
328
342
320
385
330
417
335
380
383
331
371
322
341
317
317
310
348
309
1331
338
376
324
465
343
374
341
302
343
341
315
354
370
471
311
328
321
325
326
353
334
364
144921
305
143524
144361
313
3372
347
314
323
452
1935
1050
1896
393
326
317
352
322
312
23134
22271
23300
21673
21578
336
315
455
318
353
433
332530
329840
325105
336
298
22824992
369
313
380
433
317
337
342
338
289
356
385
335
449
339
495
343
435
351
317
350
347
332
759
679
330
352
357
362
352
358
355
477
358
339
52617
319
312
336
601
24571
347
357
341
343
332
383
390
311
337
331
330
433
341
327
351
355
348
337
332
326
334
353
301
316
375
434
452
343
350
339
342
331
334
357
342
2858
339
346
300
394
475
372
738
353
358
331
315
371
338
345
433
325
375
371
318
375
340
495
343
339
364
367
433
318
443
362
358
433
323
324
2780
332
353
346
338
332
320
321
371
337
325
26502150
318
476
433
781404
1103384
347
395074
376
433
433
433
322
433
257
408
1135
335
318
321
307
367
306
350
335
350
379
4175
319
319
302
338
319
8919
38963
325
330
338
330
324
478
317
433
1138
25620008
344
345
433
433
433
1446
468
433
19707974
328
303
487
327
323
309
343
362
374
352
355
314
1088
317
349
360
324
335
2371
1532
424
306
426
342
306
317
433
2342
318
341
433
309
338
313
326
367
321
325
330
386
371
367
351
336
322
293
317
326
377
371
320
445
467
371
361
759
341
492
73
321
342
361
311
875
1713
336
381
338
319
452
359
337
307
345
503
350
328
374
433
433
360
433
448
481
351
333
473
348
336
327
362
321
219656
218944
350
433
337
338
353
293
312
312
340
335
357
310
331
290
366
381
841
1382
499
444
340
363
438
321
338
345
360
317
306
433
351
3717
446
348
339
433
433
301
465
3890
496
435
474
341
454
157102672
433
346
926
464
433
2318
898
433
486
300
342
433
433
345
356
453
383
329
330
299
378
475
469
324
320
298
327
324
549
1291906
2365029
350
3024
483
319
863
314
483
449
461
480
456
453
433
2975
436
413
303
45532
481
477
773
458
414
319
452
492
433
490
253689
356
361
351
330
348
331
345
379
331
305
535
1267
532
317
488
6182
593
493
531
354
470
450
470
1654
433
433
6731
3880
316
433
73
433
341
465
446
355
314
458
326
726
2909450
2908845
379
433
433
848
320
431
307
388
442
524
599
1282
307
325
338
382
433
327
372
35
5
457
2926
464
33
52228
51178
521
329
413
334
455
353
326
77002
495
507
433
573
772
433
2042
328
485
468
431
7587
433
536
3922
366
305
342
443
694
350
325
4313
18502
306
531
351
349
365
2609
439
303
333
386
343
319
321
433
321
337
2441
333
364
6092
358
378
461
484
364
372
428
3454
3356
340
295
344
1465
312
433
433
583
433
451
318
467
27450408
371
389
365
290
344
333
328
298
301
309
311
326
306
347
295
286
336
175614
264879
323
339
289
351
311
330
330
326
300
337
303
325
309
301
310
289
340
307
309
309
328
323
348
298
306
310
313
315
302
328
635072
305
338
304
341
302
316
312
324
360
304
328
288
306
297
323
320
319
318
304
329
304
334
295
304
309
309
288
328
300
309
335
313
287
317
307
314
338
339
324
334
297
88668
329
327
302
306
308
324
329
346
294
303
302
317
322
954061
300
295
291
347
336
320
321
338
293
321
324
320
356
312
341
332
349
429440
315
293
1321067
324
316
553122
326
331
323
325
344
287
319
290
6403
304
347
322
328
295
332
302
325
357
308
324
335
337
314
313
336
312
328
325
324
295
287
340
335
327
329
306
304
305
314
327
316
313
327
331
367
333
329
312
304
311
328
319
352
320
293
337
330
306
339
307
325
295
288
320
319
379
293
300
346
320
302
302
317
298
310
307
365
311
344
300
312
341
334
325
313
300
334
308
322
313
303
286
305
295
330
311
312
291
322
294
299
306
295
308
319
328
320
344
328
314
306
1367483
310
343
356
318
329
315
306
357
293
311
319
314
326
347
324
322
305
348
343
306
292
293
316
321
330
334
311
315
314
329
303
322
348
298
350
312
295
393
320
318
348
299
334
322
320
352
292
310
352
305
285
308
320
332
324
329
351
345
302
308
307
339
352
316
294
345
299
308
307
322
298
327
353
298
329
336
315
291
336
315
312
302
302
372
351
323
336
315
285
342
303
320
314
324
326
335
305
324
307
324
313
317
316
307
303
328
315
311
301
316
320
313
297
371
307
321
305
294
338
306
344
331
859884
297
323
304
545008
306
335
347
313
326
317
316
329
333
320
349
310
346
294
341
307
291
314
294
293
327
329
289
297
290
294
323
320
299
372
307
335
302
330
336
304
302
332
318
288
308
310
325
310
301
329
336
1113092
352
322
333
338
340
310
307
320
316
330
330
331
296
328
331
308
320
607595
319
310
328
310
300
316
312
313
317
310
332
317
300
323
310
309
319
332
302
314
323
316
313
320
309
315
306
370
329
310
297
324
325
292
308
322
330
330
305
309
360
298
314
302
303
324
329
304
306
324
329
312
317
319
323
304
300
293
317
298
308
357
327
356
306
335
351
323
338
346
307
297
320
328
338
309
336
317
378
314
352
310
313
327
310
300
315
333
309
319
318
325
319
314
314
291
302
328
298
307
323
320
316
315
285
307
343
311
325
341
316
327
292
314
302
318
322
336
299
331
341
320
333
299
316
295
305
307
295
319
312
323
313
320
295
311
324
321
329
297
407
287
343
305
327
333
328
309
301
316
313
325
296
313
347
356
303
315
337
314
316
323
300
394
310
310
335
299
313
344
316
339
323
321
359
318
335
326
336
316
310
307
326
348
305
301
313
305
358
312
309
307
294
301
329
299
323
298
336
316
317
311
328
320
290
311
345
314
352
308
309
305
301
301
323
309
314
314
300
313
292
371
300
300
322
301
322
289
311
302
326
310
326
319
361
309
295
325
316
332
322
326
321
335
299
314
326
297
307
308
297
299
322
298
291
319
318
312
296
324
332
291
325
319
325
312
323
287
322
311
303
317
328
308
330
359
296
313
307
319
328
300
295
325
308
334
316
357
302
330
302
324
300
307
306
302
348
313
315
341
319
325
324
300
307
356
316
325
312
291
293
294
322
334
293
301
311
328
327
316
306
346
331
298
288
355
294
321
356
323
316
288
342
305
322
292
360
298
296
288
305
297
333
353
285
293
309
294
352
331
297
315
291
332
318
339
340
330
313
336
343
311
313
306
321
394
300
320
318
382
316
312
340
314
365
308
403
316
328
347
316
301
375
327
329
301
1019
2801
5054
351
367
361
301
315
324
317
433
338
1832
433
379
977
388
433
433
333
1258
340
325
327
329
418
330
291
322
319
328
356
316
417
383
353
328
575
325
301
330
332
406
322
355
343
383
302
328
292
354
329
335
357
368
298
318
340
311
312
326
315
313
360
328
326
348
317
420
294
325
343
359
320
365
359
332
339
336
323
308
322
360
329
345
307
381
337
433
433
433
1840355
393
2573035
385
2254374
308
361
296
334
334
419
433
298
336
317
58964
334
378
364
339
320
336
336
329
335
343
308
338
315
309
338
517
312
364
307
366
331
365
325
350
389
353
5855
12298
6050
391
432
364
335
363
300
327
331
340
295
381
609
300
310
311
344
336
360
293
305
308
335
352
352
332
330
321
295
328
474
404
326
353
95
329
352
336
361
357
380
324
324
4692
322
355
374
446
325
355
371
365
362
330
315
349
366
318
315
311
327
333
379
317
341
142368
69
452
446
433
2464
4620
5476
971
332
349
481
346
390
311
302
325
329
333
310
318
80470
440
576
475
621
459
336
371
433
433
464
324
434
558
323
344
433
458
298
341
1217
433
433
14087763
14088158
433
433
35839
35221
33185
32743
32476
374
325
311
303
319
348
311
471
366
528
453
317
319
5307
304
433
1043
638
370
382
565
454
433
433
806
374
502
444
558
341
341
355
333
319
352
358
346
471
321
463
456
342
350
352
314
453
6094
431
325
440
470
322
328
640
390
368
780
493
433
433
433
352
462
2201
339
433
433
433
456
3101
179
327
301
2766
337
442
486
1506
1640
301
321
318
327
334
331
432
303
352
302
350
345
310
297
360
335
480
364
360
433
317
433
343
431
507
361
361
306
330
483
80
334
369
339
375
326
379
318
345
339
94
785
433
417
316
164
301
437
338
7954
479
353
433
433
325
312
433
441
321
429
370
332
363
1530
433
471
323
433
433
433
345
433
433
318
330
346
343
449
6104
897
556
433
433
462
433
433
433
326
485
499
6391
385
370
302
345
433
433
433
21
530
509
304
290
343
320
114108
115045
506
433
343
505
348
353
478
327
329
346
327
315
361
330
299
363
512
356
328
333
566
431
485
324
376
379
312
381
379
477
325
346
340
363
319
340
347
511
432
475
339
483
342
337
322
387
292
382
326
316
447
319
318
115196
464
1703
316
426
325
355
320
489
465
1394
1125
433
351
328
440
368
351
334
336
336
331
297
341
385
462
308
2270
497
1112
139
90
342
324
7790
301
293
970
332
336
324
459
482
491
449
450
468
462
361
323
341
331
433
433
445
433
433
321
1504
304
314
318
330
1057
433
433
394
313
313
353
330
349
324
433
433
502
307
341
351
2010
467
328
386
475
565
360
317
281233
372
463
433
6058
6303
6142
1028
48006
46185
514
612
378
433
212483
211417
1354
310
321
353
374
332
346
349
360
369
324
340
301
538
585
329
341
385
337
320
346
350
733
324
317
471
378
893
343
408
326
343
347
346
522
334
308
390
4368
358
360
336
3088
1527
326
296
302
330
313
377
383
329
322
484
332
311
312
334
367
493
350
326
384
347
319
294
360
310
350
382
341
380
472
356
319
389
368
308
540
433
347
315
426
388
341
433
433
332
311
370
287
198
698
356
380
313
348
322
385
598
321
433
385
6043
347
311
470
347
334
375
298
1705
353
317
438
460
433
357
336
336
402
451
643
383
373
1506
340
318
303
367
344
319
359
350
354
359
433
342
309
433
433
433
460
416
482
291
313
2335
432
320
737
123
350
425
450
367
319
467
455
434
564
309
359
302
484
326
336
356
335
357
369
328
390
322
489
317
367
333
335
372
381
318
301
329
433
324
433
433
427
336
370
333
468
310
360
324
442
433
346
475
374
348
328
416
323
329
344
485
387
366
357
329
379
342
8879206
302
2801
330
302
2208
2088
464
454
1600
389
456
446
483
336
453
324
379
371
349
368
331
367
476
336
379
301
343
334
66
341
454
433
433
433
339
2742
433
1081
363
323
352
369
312
328
318
328
317
329
372
327
362
332
363
360
327
467
305
353
503
433
433
440
342
316
489
1575
2205
1023
339
380
325
513
2206
2397
433
326
482
375
365
315
350
354
366
485
304
466
460
433
491
435
160
456
330
314
316
338
311
2181
342
432
306
314
318
350
337
293
291
459
471
345
4851
331
338
433
351
522
452
299
290
443
334
432
371
433
433
559
377
329
375
1142
367
358
5353
338
482
313
336
314
454
433
310
464
317
480
296
338
359
353
303
364
471
294
318
376
474
1875432
414
429
2387
1921
15529
13864
446
470
131461
130937
12687
442
359
752
1177
306
364
508
517
986
794
511
333
431
464
356
334
381
304
458
434
522
469
26726
26079
303
334
371
312
304
370
319
457
19678312
19678822
24252866
24235760
323
312
375
337
333
348
308
308
371
322
351
18015
553
355
385
2880226
343
370
323
325
321
327
23667958
346
295
3079
7163458
8390294
347
369
5585
380
305
433
339
4857
259
352
376
343
739
321
331
381
2862
2505
372
356
333
377
335
359
332
334
345
331
339
383
340
180
351
373
357
386
313
298
1155513
382
1154174
375
1153082
374
1151686
394
371
336
358
371
345
351
12650
363
621
6015
320
4838
10514
329
361
365
5618
6675
338
319
339
369
362
342
321
317
589
433
349
332
353
373
375
340
358
328
341
340
347
336
330
366
350
318
382
433
433
386
433
377
310
318
291
333
291
352
325
289
312
313
303
291
329
294
305
296
307
27066
300
298
318
308
73584
300
334
313
304
299
330
337
316
355
389
298
349
333
345
309
433
433
314
316
352
348
318
326
336
379
433
336
327
360
349
445
146
298
380
358
305
1855
333
293
333
340
341
328
354
352
316
456433
455792
2040
350739
375
358
339
323
354
318
498
322
349
312
1336
352
307
320
338
381
347
318
468
442
462
335
328
466
350
361
351
816
6398
364
485
432
433
346
333
3826476
1607
330
356
352
302
345
40
341
349
335
309
393
301
774
433
2237
82
433
433
509
491
328
335
432
408
362
501
1315
369
339
321
370
582
330
266
403
5465
369
452
325
340
8633
915
2550
377
388
313
349
303
444
794
353
457
387
18032
338
286
321
1079709
1339063
1339296
1339940
1332988
1333470
1303439
1302754
1300750
2487
433
1092953
1092393
1085510
333
312
285
41
426
364
433
348
46224
378
320
350
310
433
352
369
433
433
348
433
454
560
482
331
326
319
365
346
340
433
435
1542824
421
433
341
433
454
585
466
479
385
356
14278
417
318
374
323
315
461
439
528
491
522
302
506
448
422
445
498
317
345
330
356
390
3443
430
480
480
462
505
20967
20046
2561
338
473
528
427
453
466
324
442
433
433
1838
433
433
433
461
474
305
309
368
2121
344
332
464
1131
373
331
454
508
532
461
364
348
297
2454
323
351
334
496
470
474
385
433
433
333
3270
6146
358
356
521
464
432
436
442
338
87673
6444
367
457
301
436
487
469
511
456
316
493
377
1383
2483
512
40092
341
328
322
314
492
443
357
335
336
434
357
313
469
469
433
9274
433
433
445
453
432
500
434
341
495
323
372
317
327
339
321
2823
463
322
316
314
333
356
336
330
368
340
354
372
340
318
393
527
482
335
331
324
317
433
322
301
318
471
2354
160
5
324
476
296
439
459
433
1032676
1033313
451
474
439
433
433
433
433
6021
1146
477
453
433
511
528
433
332
488
446
367
362
323
433
2561
2992
356
1354
1618
330
319
328
317
322
311
315
498
362
607
3780
3065
383
375
325
501
475
356
438
449
459
2489
461
433
433
433
432
365
311
166
781
324
510
356
5801
496
382
342
353
4002
364
320
451
288
336
330
333
499
433
336
360
478
342
296
287
329
321
328
328
317
353
311
302
110819
481
359
379
366
304
299
433
340
370
2006
452
379
313
342
325
1182
374
433
316
520
297
382
603
346
433
319
322
378
376
464
456
367
327
367
339
344
314
339
325
728
378
387
339
373
715
325
358
1472
372
369
383
563
343
169
651
311
316
340
306
374
451
449
627
366
523
335
505
112
310
291
355
371
330
433
390
379
771
319
402
320
391
373
327
331
366
340
370
345
354
369
330
362
307
308
7972
309
346
322
563
342
370
339
308
452
389
366
318
322
348
336
3673
331
347
356
313
379
356
382
1138
5687
587
487
361
360
433
433
432
538
293
460
361
144
603
503
376
433
433
506
537
2655
349
375
390
340
355
360
26772
431
302
518
450
353
317
299
335
904
342
305
531
588
461
351
319
326
337
338
308
314
52845
53681
1901367
1901526
1902305
1562560
341
317
315
451
389
306
310
320
329
328
363
355
343
321
326
373
423
360
115983584
115984304
327
350
356
311
377
705
475
323
343
429
458
457
5016
336
369
327
6310
433
433
347
335
451
2263
5499
344
494
334
486
4751
481
1398
304
6085
1316
298
431
311
341
449
8745
591
508
122564
574
344
5882
505
430
305
313
1362
347
342
352
433
316
343
341
375
367
432
467
352
374
310
153640992
352
364
2722
379
385
8571
329
414
317
432
379
332
341
350
3488
294
433
433
433
2515
453
370
384
384
302
344
767
298
484
360
451
372
354
366
486
330
297
329
443
301
324
332
311
332
335
440
332
454
433
433
2804
335
321
378
335
326
433
338
313
316
378
297
311
343
343
356
342
335
960
330
341
311
343
358
316
362
329
454
308
325
328
320
327
357
301
355
337
287
472
336
337
337
335
338
309
824
354
325
358
319
324
456
332
337
340
315
385
331
516
335
301
341
314
375
313
823398
422
794
294
13878
325
362
337
339
434
348
2561
347
461
413
433
502
455
288
469
330
317
334
466
309
433
1273
5534
8214
472
392
349
529
363
327
349
321
435
463
349
515
343
455
433
54666556
433
433
433
433
336
338
368
344
339
315
348
340
190
299
433
433
433
433
433
433
433
363
433
433
433
433
433
345
338
362
367
340
636
453
7986
699
314
285
433
433
318
426
336
1301
347
456
488
251
3513
4066
491
2243
458
448
386
28337
406
344
488
433
6143
341
293
299
315
351
348
342
333
310
312
335
312
292
1437
324
332
297
376
326
291
342
259
98553
313
102505
342
7420
118358
334
334
335
140554
332
112516
318
347
329
318
332
82945
357
337
293
5496
305
298
326
354
356
2255
1361
346
344
316
318
141873
433
433
433
312
342
363
215
331
314
337
297
315
370
149
327
357
378
382
366
327
329
321
338
317
365
340
693
501
361
330
358
382
42429
38493
39345
381
315
4085
3360
5741
442
569
440
484
374
913
333
302
351
2222
432
508
492
503
550
441
433
466
2433
499
2253
327
65407260
433
490
346
448
441
454
350
500
448
432
449
305
508
485
433
489
350
339
540
577
340
333
309
331
449
324
362
298
383
440
438
482
432
1977525
384
421
327
757
869
361
352
459
343
21400
22673
21732
22565
351
4120
335
338
374
378
457
425
361
390
306
369
349
379
326
346
350
2730
303
357
353
357
701
459
331
363
618
22760
43314
433
338
478
5550
474
387
494
547
6018
330
384
182
373
348
340
327
352
433
688
433
293
336
5242
308
363
344
2004
364
329
320
360
349
327
361
306
750
418
512
292
2818
351
436
346
324
433
445
773
1669
529
433
350
320
561
4230
564
5025
9687
3876
402
4011
19912
19352
481
509
6306
1709
322
328
349
369
306
433
1434
309
433
359
485
468
433
433
467
573
326
329
316
441
1225
366
140
374
336
329
400
379
529
281
453
441
305
456
21435
1911
6439
4206
433
433
522
560
141
118
321
433
433
50
334
372
369
467
353
322
1173
498
504
316
109
336
433
433
497
313
433
494
323
352
298
327
339
352
4175
1038
787
786
337
374
343
315
314
509
438
675
413
321
323
360
312
354
433
341
354
533
362
340
330
287
334
1015
437
485
341
331
331
347
374
385
315
377
348
79506
80542
315
342
474
342
4592
4284
296
498
498609
440
446
443
3369
3168
369
430
924
135
6960
429
505
321
495
451
468
537
10149
10266
439
414
347
331
499
374
488
2953
2257
625
764
439
362
1100
374
347
360
312
320
319
303
344
359
106089
105226
106279
105595
334
292
339
367
321
374
324
384
360
348
355
1275
315
326
337
314
213
339
309
312
325
47193
335
313
325
379
313
340
321
308
286
369
433
433
528
367
339
312
318
353
475
363
336
325
285
417
349
349
315
432
370
81
2075
727
125
4336
321
115
325
364
335
322
329
308
291
344
321
327
285
315
336
338
326
314
363
309
318
351
326
382
6148
172690
454
355
350
342
341
406
372
368
320
334
293
370
333
341
349
398
417
366
383
336
394
379
402
400
133
316
1431
318
292
323
335
391
398
347
325
495
309
333
1672
324
772
310
320
360
343
313
385
328
347
296
314
363
693
343
336
327
363
317
439
332
311
345
389
349
387
658
433
483
331
307
357
347
337
271913
272756
309
5636061
333
638
354
360
471
318
345
433
433
832
349
317
355
1351
355
336
306
333
432
309
362
453
526
413
686
320
354
300
314
335
339
382
339
360
377
313
534143
533312
433
342
24556
323
293
428
443
23476
23338
414
433
419
311
390
314
163
307
298
433
433
357
697
378
433
458
312
443
93729
94263
478
469
584
6146
461
427
1036
337
6155
381
399
378
447
398
335
414
363
369
364
401
312
490
600
507
334
290
433
433
483
427
482
550
496
6439
433
429
4208
468
463
443
302
314
365
506
363
334
337
300
333
338
324
321
353
1323
327
312
350
361
481
357
1370
507
340
288
290
320
337
337
357
336
352
470
6872
348
432
432
485
313
451
433
433
518
494
539
385
319
386
329
2224
303
434
357
339
476
522
515
330
338
324
5
338
344
333
419
338
6869
345
786
380
356
737
326
323
345
272
319
552694
371
319
11067
219
335
10389
3990
338
1110
326
217
67
294
302
2221
189
344
352
361
359
361
338
388
397
536361
353
327
84
354
329
333
338
337
343
327
324
352
312
329
329
335
353
351
374
339
329
339
509820
392
323
334
379
337
326
336
341
349
418
336
345
482153
474975
310
301
340
321
330
322
307
322
366
391
433
329
345
340
339
343
356
203
345
375
339
250
5456
345
330
328
353
342
357
331
418
1296217
345
1770590
342
318
325
297
355
360
532
379
307
433
433
433
484
422
320
346
433
433
354
345
343
49793
514
9280
1058
458
6542
5875
416
320
302
6054
7625
1566
475
515
366
2609
353
424
458
432
995
328
257
476
419
21505
433
469
471
478
433
421
451
406
476
117350
94647
95541
491
470
47327
65888
108736
39281
18492
19353
19527
433
433
433
324
331
334
372
314
343
433
227
428
491
320
632
511
448
127326
126716
340
332
432
6064
568
351
433
328
322
333
428
389
308
491
6078
433
485
6071
433
473
16387
414
462
2089
462
471
453
309
562
332
517
430
469
481
294
309
454
422
359
2422
471
454
492
433
444
457
414
465
6157
379
4283
1658
557
516
433
433
262
433
433
433
433
6073
455
493
476
1434
1253
481
470
509
469
482
4962
473
446
320
432
314
507
486
433
344
318
319
321
436
548
554
340
2685
2571
459
676
187561
414
452
424
1951
2586
435
536
497
3952
2798
488
433
348
466
640
499
372
310
350
461
480
422
437
468
327
351
433
457
310
318
8723
6018
460
456
483
478
586
417
13466
316
456
484
347
385
342
469
474
451
45883824
433
433
420
444
465
348
1416
425
323
335
420
339
336
357
366
481
495
430
443
345
433
346
284
336
357
298
329
2999
451
455
432
433
453
479
6113
4271
655
454
445
447
2618
452
357
447
414
433
1039
4366
368
371
321
472
314
333
457
349
305
461
482
121008
120018
120212
118440
386
308
8168
324
291
325
508
1056
2001
323
478
369
320
301
349
432
432
433
433
293
341
361
313
339
927
299
329
328
333
374
347
306
350
433
457
510
441
586
481
6422
348
471
458
313
334
308
80436
81352
328
357
451
559
433
433
1201
318
375
2463
433
587
469
457
6048
5771
6199
88
340
398
334
310
345
320
443
5050
4300
429
8524
378
432
2857
473
441
433
433
1835
328
433
473
475
323
433
433
372
473
325
433
517
645
372
6834519
323
433
433
326
370
471
1561
605
433
433
314
342
440
492
466
362
295
329
598
146
324
286
369
469
293
2504
302
325
370
358
340
1180360
1181138
322
3688
326
439
444
300
317
2110207
2111104
462
444319
443734
332
387
543
499
311
429
519
341
1987
2285
472
1982
755
329
352
466
547
382
332
316
433
433
459
349
314
759
321
344
480
473
469
386
453
378
294
358
387
433
302
309
285
317
321
314
344
333
354
344
336
334
326
372
394
349
331
336
344
343
318
433
424
357
291
376
387
362
327
352
325
346
301
373
335
342
504
444
484
341
314
372
330
333
479
621
68518
379
390
91424
90462
90396
84477
348
91388
91146
91677
91640
317
45830
374
331
317
308
332
337
439
504
3147
334
362
2463
346
375
461
308
305
295
345
332
387
328
395
318
355
322
289
338
1743
342
341
385
367
651
398
338
351
3219
355
371
329
423
338
429
313
386
339
322
595
461
320
376
357
465
476
1255
355
387
323
345
372
303
336
317
337
343
325
386
365
433
433
460
324
339
311
356
560
532
3525
369
322
456
433
437
1948
443
426
311
480
377
538
515
388
392
361
334
462
470
619
484
517
9547
490
319
477
305
521
383
426
462
1511
486
314
319
333
471
389
519
112848
113720
449
319
318
535
13538749
13335163
2323
2927
366
433
433
303
475
2926
466
513
501
435
350
382
367
694
316
424
485
503
91
433
330
321
414
391
520
522
289
325
481
313
345
1243
302
353
309
428
344
433
433
377
326
349
348
374
354
456
364
342
329
46816
348
492
310
379
433
719
475
433
1888
424
2754
331
304
326
580
9699
319
381
342
355
5200
318
334
353
312
1080
2236
330
433
433
416
50597
405
276
117879
333
313
124246
49816
40244
89754
74318
106710
327
92096
296
433
322
312
58
54132
319
305
296
311
364
298
300
347
318
321
335
433
337
336
306
338
342
5
315
338
136975
433
9326
374
196326
61873
335
163298
20437
314
296
328
1070
328
308
311
368
375
146205
469
316
338
491
465
335
424
342
433
348
311
363
1214
374
343
336
305
332
363
17048
10356
6147
377
355
349
433
1504
3895
2256
448
437
438
387
337401
536
434
444
309
433
364
353
369
425
292
373
372
355
322
504
3065
334
334
316
330
335
490
295
433
433
348
375
440
351
436
329
345
457
505
479
454
467
518
485
463
328
368
358
434
488
319
296
298
357
332
345
372
335
1048
448
471
317
492
220
433
414
457
7135
58284044
432
3230
362
728
917
380
2361
461
346
465
432
439
477
370
315
329
497
320
457
453
477
510
433
477
346
894
298
454
1204
445
2398
2584
413
459
433
4777100
423
478
498
453
476
477
304
419
450
424
438
500
483
6368
6078
433
515
519
338
1173
457
630
6097
489
452
433
470
341
469
1445
512
467
452
433
36365
323
359
367
452
466
458
334
380
350
315
466
3626
2595
496
442
340
539
790
4767
318
573
472
336
497
442
1204
2046
433
347
341
315
462
515
974
339
3460
462
433
433
335
438
423
333
308
299
340
332
336
344
341
1013
460
275
386
361
332
340
311
433
355
386
330
391
345
332
344
340
323
445
379
357
370
432
1779
1345
310
304
302
316
364
304
326
309
310
480
362
1178
319
346
342
367
304
331
325
35232
328
341
566774
567821
446
345
341
504
347
338
494
533
1555
2213
347
317
443
513
432
5864
2557
446
1230
100
335
330
373
329
496
331
511
370
344
418
460
315
303
6069
343
1855
313
332
367
376
358
321
344
1127
819
6061
339
434
374
314
303
433
318
312
429
435
487
727
433
356
352
339
433
325
335
313
370
388
493
466
355
1513
433
472
432
337
414
322
333
337
439
338
377
370
513
501
965
7617352
376
316
335
334
293
458
302
364
446
373
298
351
350
350
302
295
421
433
831
381
337
437
302
393
413
355
460
533
455
1944823
1577569
1578097
359
375
359
335
321
308
2612
321
337
327
311
321
856
328
324
357
361
1766
359
345
370
430
473
311
1721
381
606
346
319
334
383
304
444
335
892
487
315
308
344
309
316
317
330
328
388
328
321
371
318
303
339
326
328
341
329
325
829
301
337
341
309
321
384
338
507
309
343
1476
436
339
335
327
355
305
379
461
355
383
378
3786
318
332
1156
23623
547
385
315
507
304
374
320
1982
480
507
509
307
330
523
543
313
307
371
358
312
378
470
489
447
333
333
3851
557
462
876
355
368
326
320
311
314
350
327
398
481
310
457
433
433
314
468
433
345
328
326
30584
30106
1354
473
299
341
370
1073
366
505
346
373
348
822
364
507
6105
336
303
314
317
340
359
338
486
350
329
335
385
359
361
3442
2554
436
457
433
310
386
475
374
326
362
371
433
434
380
6066
433
351
433
423
338
366
344
364
319
298
467
482
326
319
437
445
314
311
2657
224073
225112
227135
433
1704999
230150
144934
155145
433
156145
433
433
156389
155618
156423
156229
155313
155423
95353
95422
92974
93125
93943
93034
433
433
39772
38938
433
433
154691
97933
522
433
132340
5646
53992
54811
54845
53868
54852
53894
53974
53973
54067
54925
54880
60692
60795
433
16336
15131
1832
433
433
433
433
433
433
433
433
433
433
433
433
331
346
312
351
321
289
351
1107
317
319
338
1198
75703
1525
84245
84267
1921
8505
7666
94159
95101
329
352
348
329
337
340
312
804
55922
98799
55894
56721
116222
116282
56674
87233
42880
43724
103962
86897
87732
106690
85996
85174
59776
45538
2271
38713
62662
61738
62716
61296
62017
62100
60434
62266
34462
62218
35143
61180
35262
35155
35982
34998
59308
60089
59298
60118
59793
43642
42138
59613
58598
59543
58646
1519
433
449
443
1399
26256
24148
25975
25224
25909
26816
6160
25262
26123
26109
25245
16152
16095
516
512
97
2659
576
484
1262
1947
103989
103038
102697
102655
450
103144
1086
98295
1119
971
96478
96888
95945
96090
96022
95803
96861
96001
433
515
507
590
461
1080
74609
533
1991
299
358
323
319
329
332
199
325
337
329
333
350
340
1162
313
361
340
385
339
337
310
308
3340
347
11304
326
475
343
339
330
437
323
326
327
350
462
467
447
342
357
376
335
309
301
565
490
316
347
373
312
480
331
306
336
433
345
346
313
317
464
327
340
477
334
433
342
294
377
358
327
319
371
370
463
535
324
488
437
482
433
476
333
433
433
362
433
460
468
438
433
433
433
437
732
6056
48763272
332
420
436
295
39672
1459
38044
356
480
451
432
569
469
498
617
860
496
20772
329
451
2901752
2892125
2892887
22792
342
2750618
2751392
2753517
2754170
2753495
2861079
2860638
2715055
348
2787215
312
310
305
337
294
318
1158266
322
325
344
350
353
441
437
2827
314
352
440
354
362
459
371
389
336
325
414
433
433
471
2036
474
285
433
825
420
2377
488
131
1469573
1470325
338
447
354
975
354
456
489
341
313
377
451
2048
495
427
1178
482
317
322
292
333
21810
375
437
1088
1626
2088
433
70181
69656
338
362
34659
433
433
440
403135
6135
455
309
290
352
2030
6184
323
488
315
414
341
349
332
316
327
361
377
1346
40
344
433
467
433
433
391
331
1012
495
433
331
952
339
520
287
1768
443
436
302
435
478
2539
55
852
533
317
439
25500
362
480
451
2958
476
487
495
486
345
442
363
292
330
341
383
331
348
335
335
337
344
1105
342
493
375
307
358
436
325
341
453
320
342
433
325
331
314
336
432
1152
446
525
433
433
438
451
344
139
414
442
353
321
365
467
358
3070
479
449
324
350
479
503
325
449
2639
303
314
4310
328
433
433
422
6123
441
344
139
350
2202
4352
435
438
473
291
436
6096
461
417
1627
717
329
433
432
354
469
354
613
553
365
1991146
1991610
384
453
351
331
325
497
447
1463
475
433
433
433
337
450
371
447
414
527
462
390
525
309
306
327
304
323
684
328
70879
319
320
354
359
302
376
340
332
312
293
327
311
1136
352
340
2479
2249
325
3816
418
7364322
433
433
433
1240
7357505
7356947
433
433
433
7354172
3200
499
367
1556
556
334
466
342
326
319
382
362
321
375
329
365
323
3428
416
333
155
355
351
469
433
387
312
315
848
354
364
331
302
320
375
450
459
330
2696
617
371
321
383
30997
153029
152610
341
372
332
357
338
312
359
459
351
292
326
328
333
968
319
306
339
362
367
335
316
380
7506
325
379
346
376
433
433
432
303
362
330
359
386
312
1206
360
347
382
266
433
433
1556
339
60700
157816
158717
353
340
357
387
356
489
375
433
433
338
355
345
344
361
378
354
326
315
434
306
318
307
340
4015
433
433
513
335
1719
326
394
343
389
307
381
346
352
342
325
435
352
356
460
339
342
362
482
386
340
876
318
382
334
352
350
318
299
356
370
382
355
339
349
325
339
348
330
438
392
390
341
330
328
366
482
363
922
346
352
303
341
318
367
350
355
349
297
681
2433
453
386
308
1063
312
318
357
344
321
363
357
1941
321
328
340
322
654
328
339
903
1611
310
356
329
384
332
324
319
716
342
523
370
390
387
364
526
329
314
433
318
353
360
315
301
348
214
350
374
512
337
335
345
344
311
331
383
379
312
305
311
371
384
347
363
384
386
377
339
361
366
368
333
337
437
346
433
338
628
369
492
477
315
1332
317
343
367
329
383
334
312
363
311
367
337
322
330
286
348
442
354
337
316
293
371
336
344
386
376
333
335
367
385
310
746046
320
381
307
346
351
297
340
332
369
917189
312
337
327
338
323
360
294
315
315
330
319
327
386
376
309
359
329
353
368
323
336
301
460
454
344
353
433
433
466
512
433
338
1367
417
534310
476
1860
301
346
432
433
433
433
373
351
491
473
306
539
395
552
2322
471
320
414
487
449
452
356
424
327
2007
342
354
374
363
371
21674
22215
1944
493
469
486
292
349
8581
6368
433
433
2736
368
307
429
485
498
443
856
319
435
452
373
433
112685
3043605
498
6119
475
451
487
499
328
3454
308
480
307
414
22739366
372
362
540
474
423
333
68091664
433
433
432
335
372
20410106
9777896
815
367
454
87
492
555
1206
18894
17067
15181
16006
15156
15166
19617
13495
12466
484
340
333
540
340
557
431
331
327
455
669
326
371
493
514
457
516
361
384
475
341
335
353
355
355
294
443
378
357
360
313
433
363
414
457
521
393
17189994
55417708
454
333
390
322
81
482
522
470
66
429
333
4401
479
226224
225369
479
288
162
432
824
312
311
987
863
351
2373
341
10060046
10059651
7294512
342
292
309
470
332
326
334
2556
6670897
312
371
378
316
346
329
7006658
6967106
6899992
6170969
300
355
383
393
335
3889
343
390
443
469
346
182120
390
382
312
327
319
8430
323
1692
346
319
327
328
290
353
327
361
319
348
346
336
325
313
342
302
348
329
330
336
396
389
12782
2388147
3617006
3777728
321
329
318
347
336
296
301
488226
311
306
285
75471
316
316
356
299
344
1388791
130865
371
380
433
1273885
356
433
433
363
7403
1383051
623988
347
332
294
328
340
377
327
321
362
433
100300
328
323
321
381
359
371
346
334
362
328
319
433
2610
331
321
307
339
341
352
328
336
347
336
340
344
356
204
343
349
359
319
3618
15997
344
433
302380
4125891
4126755
433
349464
382
318
290714
289654
300
433
2243
691
399
689488
688739
689528
688649
688513
305
327
432
366
343
368
375
438
338
339
372
360
353
374
2545
9694642
9691386
299
336
366
320
227525
309
352
4071420
433
7238215
9316538
364
336
5870100
5870376
5866225
5831450
433
433
5783210
5731167
5302633
5300436
5293953
5294446
35073948
35074380
349
351
325
454
383
412
414
347
394
377
341
433
433
433
433
433
433
433
30282314
387
313
358
558
358
376
375
505
313
333
1067
342
331
308
326
320
361
343
354
373
357
330
467
462
305
347
338
1228
334
330
313
376
336
336
323
2842
315
334
327
332
342
335
308
303
362
433
347
334
328
355
346
691
66166
352
374
459
323
317
498027
249316
499946
332
418
25535368
339
302
337
513
453
483
475
494
302
495
965
522
502
479
462
432
310
344
290
489
500
484
2238
486
461
361
25902
26548
331
306
427
330
334
433
291
335
763
325
375
313
428
499
296
340
526
327
353
316
433
362
299
350
342
373
354
398
321
317
338
339
341
353
372
322
300
351
383
371
337
13189
327
311
324
433
433
433
83
1449
171
433
433
2221
1400
1905
433
1226
433
283
433
433
433
433
433
433
433
483
433
433
833
3131
433
433
433
433
374
347
313
296
319
373
338
297
344
2570
516
346
306
488
335
425
2875
3434
186
360
342
468
305
393
342
432
507
595
65909
461
334
369
346
543
777
223
308
317
509
321
507
309
341
318
383
433
698
499
451
516
456
318
433
320
769
489
405
318
457
6091
291
338
491
479
326
414
506
239
77
296
46042
325
467
420
433
473
5588
504
463
366
315
344
486
291
323
365
351
307
333
475
330
365
332
316
327
379
350
315
315
319
515
428
451
432
519
511
14256
13797
433
433
344
433
432
404
490
360
431
480
433
334
333
365
350
741
347
350
333
366
462
341
325
343
314
294
367
566
507
376
293
381
345
329
349
341
329
348
334
362
318
464
25416
26382
433
433
433
433
433
33564
31492
32296
433
433
433
433
36844
36012
18823
18104
18958
18133
36086
56972
36717
36802
433
18440
18669
19461
18746
18544
18601
19267
20057
19146
10961
433
553
454
491
343
433
331
332
624
429
291
384
327
3485
433
372
359
346
361
449
337
337
22843
23660
393
331
4206140
4088938
4089736
350
336
1290
318
3676568
370
321
528
345
354
1383
358
361
1799
556
389
371
433
433
433
333
298
326
972
2597
316
464
332
395
290
177
731
340
380
1318
443
330
7903
787
536
332
384
345
533
463
323
322
374
313
329
322
330
312
360
1054
370
379
339
355
345
340
433
515
347
375
328
344
319
382
357
321
473
345
383
339
309
369
321
373
482
346
562
393
349
321
356
321
378
325
339
344
1517
1732
309
619
330
458
366
371
292
362
312
372
340
320
327
386
480
356
323
358
347
329
315
350
995
793
391
400
370
325
310
314
449
344
470
296
314
325
326
331
391
351
287
3574
328
334
298
331
296
349
324
347
287
323
305
347
435
372
336
390
383
339
350
315
324
380
321
326
339
344
353
303
373
29653
30285
342
373
346
801
357
317
321
381
324
353
4979
322
419
287
373
306
345
321
317
343
360
3902
323
341
338
383
384
299
364
351
359
365
318
329
3040
353
335
513
364
1284
332
338
348
438
398
327
327
327
342
321
343
443
338
324
1307
351
479
343
324
305
319
370
349
336
525
295
372
320
339
383
341
383
449
358
351
346
976
312
727
334
300
37501
331
330
342
352
314
329
717
7596
456
456
476
344
356
361
307
386
500
38103
327
122028784
378
342
433
307
496
382
305
450
438
1687
381
345
307
335
104179
5054
504
433
433
433
433
319
457
433
1102
488
358
481
330
405
432
317
428
1371
988
381
368
325
458
346
366
435
314
433
58418744
351
433
433
365
352
298
337
320
314
376
317
357
3998
432
371
307
292
720
108
344
329
375
301
433
378
433
433
433
463
314
376
614
458
332
621
360
1652
343
341
450
429
394
11282
457
346
299
529
433
327
977
368
433
510
350
329
343
2605
433
433
433
299
336
313
363
546
459
6551
710
343
314
460
337
331
333
378
334
462
326
322
377
315
378
331
320
301
345
348
347
353
362
347
318
298
433
345
355
355
358
335
312
338
322
327
327
515
497
2960
352
354
380
315
332
367010
330
333
335
897
354
368
312
369
354
336
388
383
566
493
359
332
370
335
323
371
325
357
382
379
316
386
358
384
342
367
349
326
394
324
321
327
369
337
381
340
347
332
325
383
376
342
315
342
359
371
294
358
338
336
334
346
337
473
2111
570
343
300
337
357
358
433
374
433
316
353
541
380
433
433
433
487
327
376
350
747
445
365
468
457
432
474
493
361
433
317
342
327
345
307
364
433
5752
10309
1400
8799
3503
4413
385
298
449
504
457
433
368
367
486
430
335
295
351
433
323
338
374
326
336
338
357
3099372
450
503
365
451
502
433
305
348
338
344
354
1105
485
533
457
350
130
433
6100
386
366
307
343
4113
440
678027
499
463
445
457
467
107702
315
324
289
345
424
263
5588
561
379
494
356
8363
483
323
336
433
6306
306
345
432
582
320
50683236
463
433
291
326
433
374
323
340
318
297
354
373
337
307
312
433
464
488
47130652
514
318
339
372
372
319
460
316
309
301
1124
315
353
330
353
425
2822
3
473
433
456
367
485
433
362
467
432
782
991
432
302
581
500
489
421
434
412
454
438
3122
497
428
466
462
4252
576
350
340
433
433
320
433
445
443
441
344
455
6965
6708
300
486
423
431
442
1574
321
303
353
307
437
306
339
376
578
467
322
303
324
6018
473
2348
426
465
391
430
6126
433
309
353
504
355
2000
4
444
441
433
433
367
315
492
298
312
804283
803403
6126
336
340
357
3714
11486
472
293
375
927
442
324
315
347
232
364
433
341
322
347
343
516
524
348
351
354
335
330
433
489
356
383
455
319
433
333
362
356
317
344
359
647
352
300
304
319
360
372
328
433
339
320
380
308
926
353
325
373
334
336
328
309
529
315
330
339
331
345
349
317
392
389
358
973
355
322
347
324
387
14249
334
616
449
500
299
390
298
339
372
412
357
345
273
1165
1247
510
382
498
343
342
353
365
375
495
359
345
343
323
353
352
358
382
937
327
372
392
362
401
332
433
325
322
324
342
801
303
342
6560
333
630
332
433
316
324
317
312
343
347
1533700
1533897
433
1081882
1082783
463
451
466
458
198974
198180
356
418
353
533
328
390
327
379
493
319
295
322
1028
453
347
433
458
411
591
547
461
501
302
2858
433
456
453
6025
432
439
346
316
493
6962
6655
333
479
349
19274
451
475
335
328
379
329
342
298
348
342
1726
442
347
452
450
414
338
478
351
433
433
414
478
499
367
385
314
494
358
439
1684
359
356
532
5446
442
441
433
496
527
1317
434
341
761
314
536
471
388
325
348
373
322
304
304
314
351
337
778
324
320
357
107762
106816
336
331
318
312
355
355
307
328
325
342
447
494
330
312
350
302
333
312
326
331
355
311
325
353
459
185
2754475
27263654
2331986
433
350
344
2631787
333
358
433
386
326
338
315
321
320
326
19640542
19640090
310
326
329
371
334
433
433
349
744
339
341
1935
2721
19605384
433
19608980
1176
2128
354
22988576
22986936
335
22984720
22985090
314
27378310
27362110
340
317
327
357
433
433
433
22592050
22593290
22590904
22587564
22586930
21564868
22530698
315
464
337
433
433
433
318
370
316
464
318
330
314
320
433
336
307
129796
368
320
352
300
458650
331
1017255
336
358
433
433
433
433
422
433
353
386
359
713
2683
332
315
324
568
365
330
449559
385
68847184
314
351
317
517
465
5326
494
425
526
1230
342
445
330
333
38
438
386
498
3365
371
480
457
13379
433
433
345
315
358
473
370
449
431
593
385
471
474
476
300
420
339
449
458
316
2595
431
325
309
320
439
361
455
531
1953370
1952590
363
370
382
353
559
146
553
433
441
3000795
3001644
322
328
350
180360
167494
334
502
295
433
433
2054
337
433
316
547
330
427
320
442
350
319
333
356
324
310
349
343
393
309
334
5167
371
498
358
2438898
346
349
445
341
493
374
320
1167
2950
288
333
364
454
345
342
546
377
340
387
345
323
352
307
334
304
355
284
2525
481
310
360
827
517
560
2642
931
433
313
345
433
771
9655
352
465
466
448
329
6243
5298
359
40
480
335
364
414
433
433
513
2624
2020
3110
322
581
129
595
315
335
452
488
324
326
2900
335
96
347
4204
4089
306
353
342
535
753
327
298
486
477
459
343
309
370
489
344
552
292
1346
6742
347
444
497
442
329
447
1614
484
433
443
462
433
413
340
360
24
357
307
459
473
468
477
385
352
383
323
334
363
307
375
322
318
341
344
358
341
314
322
346
357
313
385
358
332
324
439
341
314
320
2799
380
308
375
1693
296
348
317
424
378
330
332
309
341
322
329
1095
318
321
299
319
331
335
343
346
1950
320
378
357
449
318
320
327
324
358
333
300
326
1458
335
376
385
329
433
433
433
433
433
478
433
433
512
433
433
433
433
433
433
433
458
433
433
433
433
433
433
433
433
334
376
352
318
397
4159
329
326
353
337
526
462
356
374
333
341
351
1122
343
348
372
493
309
296
318
327
325
368
764
307
315
365
456
522
370
332
729
335
336
347
1797
518
359
8587
327
330
351
455
497
353
433
369
1112
352
334
308
385
331
461
360
353
319
368
402
354
401
400
380
356
366
321
360
336
323
359
359
365
382
469
303
341
376
341
325
380
350
3570
433
375
522
1135
378
319
379
312
328
313
388
365
318
381
386
312
318
330
304
375
384
397
368
363
371
323
300
317
340
310
341
352
346
334
309
362
320
341
390
336
268
312
305
376
320
320
315
343
376
2516
304
295
324
377
321
330
341
355
335
341
331
714
353
1008
1376
325
298
324
348
325
354
433
433
15650
505
414
520
291
357
335
338
334
352
340
319
615
1133
362
350
355
334
352
378
321
323
333
367
328
290
369
359
649
623
318
358
346
363
449
315
323
306
314
344
1384
336
302
326
382
497
363
339
302
310
347
326
452
301
374
353
330
346
373
392
337
327
342
324
433
48338484
330
337
383
330
329
319
360
339
503
919
724
364
327
297
379
318
331
287
322
365
302
339
331
345
309
343
336
334
407
288
543
361
371
314
303
325
362
311
332
330
353
327
388
432
531
352
315
343
345
332
372
311
354
353
310
316
334
305
340
357
319
362
377
349
308
473
1072
338
341
2489
505
1827
313
384
332
306
310
352
327
321
392
366
375
382
340
291
373
377
307
315
333
301
526
516
350
337
319
327
292
308
322
339
308
812
359
377
651
330
336
394
354
365
319
475
341
300
623
357
556
301
303
331
433
2301
306
352
303
358
368
357
343
324
429
521
113552
114390
382
383
455
381
433
303
370
362
394
334
532
322
315
394
488
433
304
330
451
433
433
2174
330
494
344
1149
902
433
332
328
475
358
334
379
317
298
462
387
339
522
587
415
333
327
317
330
588
335
311
305
440
434
362
424
340
338
363
315
338
324
500
457
422
388
325
352
481
326
336
515
346
324
451
316
383
484
459
347
313
320
1490
286
380
398
318
345
388
382
157
375
341
339
372
350
371
313
544
374
508
414
486
293
319
346
433
340
111764232
319
290
346
305
334
306
311
474
368
338
345
334
364
331
337
330
4101
308
304
317
384
348
354
325
326
385
372
322
370
433
433
325
324
318
57557
367
317
308
290
358
353
377
324
70754
54132
1335
335
292
353
349
337
312
325
317
327
198
353
324
322
377
333
433
354
685149
237
2793931
2793761
2285
2789606
307
353
300
301
334
345
311
348
345
370
546
7527
422
316830
364
311
366
378
378
365
365
379
362
9921
364
359
335
345
386
337
329
376
351
331
382
305
346
377
367
333
314
318
372
330
338
341
339
322
336
306
317
319
356
351
300
311
318
317
330
465
324
298
320
361
344
338
432
326
437
338
314
354
309
346
330
432
6499
356
328
296
342
325
378
344
335
360
7124
10438
451
488
348
335
343
344
372
324
337
321
368
373
320
155
480
578
337
349
318
353
358
283
329
322
310
338
323
326
478
325
315
347
336
2510
347
352
317
344
307
420
433
433
350
306
623
1189
4059
2644
386
303
618
6051
471
305
6017
5796
502
424
7230
7626
469
325
508
465
4759
17705250
458
432
528
334
772
1339
366
433
683
433
433
433
433
433
687
433
433
304
298
474
306
447
437
447
433
372
319
495
468
371
358
360
309
441
370
324
310
360
484
378
309
381
459
314
292
436
295
511
361
364
611
337
333
469
348
389
338
2129
489
433
113
473
713
432
431
516402
440
826
332
310
174
433
363
339
334
338
334
357
323
2641
335
305
340
327
323
351
319
306
529
293
369
1561
296
310
328
334
330
315
501
432
380
323
346
4639
433
197
354
364
326
322
389
486
160706
161318
327
4868
337
301
345
361
447
48773
334
345
490
505
356
354
308
332
333
347
432
456
464
62345
356
705
379
341346
455137
2512
6089
459
311
375
349
604
327
3004
3241
352
383
56943
56781
56263
2454
433
433
351
452
778
350
25685
1557
476
333
390
317
353
312
319
367
256978
257523
375
378
360
378
367
317
335
306
333
327
433
13272
315857
316902
182400
180673
348
337
307
352
433
1150837
367
381
323
336
323
384
372
332
327
338
374
336
373
369
349
365
385
331
367
371
339
341
366
338
381
351
350
371
372
383
351
353
382
380
349
341
375
350
355
372
385
339
375
353
322
368
383
369
383
335
376
303
379
390
332
359
349
354
392
331
369
45922812
383
330
372
373
387
387
387
341
348
375
376
376
392
330
358
368
375
358
379
42589564
368
356
375
381
367
331
350
376
374
386
367
386
344
383
380
387
316
346
326
367
353
376
376
379
369
340
368
382
297
370
329
389
343
358
352
433
344
352
433
357
374
351
380
380
343
338
341
352
388
24520
433
433
8062
182
5843
853
433
433
433
17424
45523300
350
346
342
9914
10767
433
433
374
45517408
338
433
337
433
433
433
433
433
433
433
433
433
433
433
433
380
381
380
339
360
328
330
329
377
354
372
323
326
374
370
276
838
587
1434
373
5828
341
374
324
183
433
433
433
433
381
341
331
334
329
295
334
317
336
372
311
336
398
290
341
299
637
684
296
323
306
376
548
344
369
373
323
859
341
341
341
342
305
295
319
340
331
333
356
309
358
348
312
327
310
294
358
325
330
329
337
318
316
476
358
319
341
305
352
315
313
306
355
348
1662
456
2020
2187
503
95963
433
389
329
355
568
459
344
6055
322
583
333
323
479
379
372
329
433
1114
526
558
324
421
344
438
460
454
441
325
564
472
475
302
316
330
841
308
341
483
335
314
327
448
311
2557
322
327
169
342
114
449
464
1513
318
352
332
508
458
361
379
312
335
316
433
366
338
495
17256
17232
518
331
530
334
525
288
837
524
335
10753
497
337
362
344
451
432
533
1421
441
302
346
324
335
306
305
369
373
396
7224
1646
388
337
332
471
334
616
500
449
328
429
296
345
43929
53831
52774
374958
61041
3586
433
353352
349393
716098
78354
433
433
1672
302282
21689400
283092
637332
439
352
408284
9942710
325
3957
3850
433
433
319
321
372
370
16211
16570
479
9814880
433
433
449
597
295
433
351
1339528
432
342
654
309
1193864
1193192
1054436
1055210
375
343
477
352
337
1534
349
325
322
350
324
463
291
363
509
447
433
328
301
378
362
295
380
433
433
353
153272
414
343
317
581
433
11717
10803
351
4606641
4606307
4472355
4471852
397
390
384
370
324
364
357
380
393
346
334
389
348
3783709
380
374
347
342
385
433
432
356
3480054
357
85
786
338
327
362
433
320
291
350
344
344
345
358
345
339
310
369
294
345
342
502
317
782
3820
570
339
336
270
342
361
341
308
333
529
5070
4137
328
348
1517
301
357
337957
336
300
1329936
329
290
303
341
340
322
294
316
309
315
316
350
327
323
336
323
324
302
293
318
303
327
304
349
328
361
359
352
5138
336
377
10997
344
377
338
1672
352
316
416
333
372
17
344
1479
292
85
200
340
97
91
820
1487
16772
15073
333
323
349
1371
335
12502
320
353
345
10838
15056
375
9885
1965
2924
341
293
13127
348
356
317
329
321
337
321
339
347
344
320
299
328
327
308
376
344
346
324
339
323
377
391
360
353
352
329
350
32547
372
348
389
337
2379411
465
390
315
377
326
516
336
353
733
363
4340759
4340596
175560
433
1272697
433
433
1273676
444
61089
41573
40906
523
433
372
432
319
348
433
433
433
433
433
433
433
433
307
356
433
490
478
460
436
341
472
1459
576148
29164294
29165330
424
2564
315
449
162
5306
489
451
471
436
505
326
510
1611
1743
433
299
433
433
466
433
433
433
433
445
2062
315
288
352
333
297
465
450
340
358
373
338
287
3347
438
439
386
454
329
335
2210
344
465
1978
299
332
460
4416
8025
433
8413
433
308
351
336
358
489
343
348
326
501
327
359
518
438
318
330
489
364
361
341
503
369
356
354
311
342
2615
352
431
359
432
337
352
324
343
321
490
318
320
349
348
346
376
351
390
433
457
470
350
353
318
315
364
319
7456
58
197
337
352
298
315
345
300
490
327
315
5485
5027
504
342
334
340
369
332
603
423
359
453
359
56909
57548
433
5513
14896
14875
15714
14843
356
473
497
433
321
519
433
433
480
304
390
353
382
433
375
337
348
326
319
300
350
455
426
351
505
344
352
1245
315
300
3061
317
327
343
331
304
297
553
426
995
338
333
433
433
361
351
298
335
374
2564
360
370
461
477
317
340
325
476
442
311
290
468
313
429
375
361
355
317
433
383
470
359
423
297
371
345
342
425
322
433
357
339
339
334
357
376
350
346
310
337
297
533
331
349
480
369
335
340
339
325
330
287
314
382
477
1114
929
1758
2239
433
468
338
466
387
433
433
503
6122
390
430
326
339
428
414
467
332
376
314
480
364
322
296
348
476
467
384
367
475
449
511
358
370
324
305
317
366
379
344
518
372
439
330
307
363
326
2165
308
340
302
337
315
495
331
295
382
454
6856
363
370
386
309
505
358
374
10258
316
493
343
331
313
339
4937
18
6022
9539
5640
381
433
433
433
433
433
839
137
462
381
377
483
511
329
441
324
327
297
332
331
375
518
337
335
433
384
362
486
534
317
298
366
320
375
16
2548
374
342
389
348
343
481
300
2574
560
387
461
302
339
379
375
343
337
287
335
330
309
378
387
371
362
300
450
313
354
375
356
349
418
359
370
310
345
300
355
343
563
353
312
343
361
313
316
329
375
321
296
400
388
387
3
380
327
313
356
326
453
537
320
339
345
425
354
345
858
302
327
319
351
334
345
508
483
303
396
709
375
1211
377
354
333
333
335
323
313
12967
5054
5855
350
332
433
433
324
331
386
373
371
316
380
311
344
339
333
335
347
519
341
1767
296
3159094
3158264
362
385
384
351
331
309
396
349
65
375
312
374
345
380
461
299
180
330
337
326
386
330
480
378
386
380
367
433
433
433
294
605
21673
345
313
346
425
347
21728
45282
350
348
382
461
386
362
330
338
359
340
324
329
497
485
3990
5012
5139
1616
350
389
24785
302
337
521
543
1888
1655
297
328
341
328
316
362
1067
287
337
490
318
443
341
458
479
366
333
433
433
1435
371
1691
556
361
417
495
423
329
463
520
350
518
452
1507
326
340
317
358
433
351
432
20678
338
348
332
348
331
376
454
297
498
433
433
2247
152
72
2061
2971
269
6085
178
307
314
433
433
480
449
433
316
304
5646
1031
464
433
433
411
929
596
460
465
1393
511
360
365
334
322
306
481
366
471
529
547
306
311
358
321
381
388
7403
460
433
433
193
292
438
451
164
468
5128
480
487
433
433
522
855
454
477
293
429
433
521
472
363
430
368
510
425
332
328
318
352
486
338
357
365
337
318
327
338
338
391
373
327
319
365
3320
355
350
352
307
318
475
1670642
1670203
3433
328
305
6397808
6397507
336
350
346
337
319
439
345
309
23763
2371
317
355
329
330
334
1045
324
5560
429
327
353
692
291
579
315
333
356
40795100
39986752
492
39892040
438
39363428
39362876
39153252
39153804
64444
64935
372
350
432
307
1548
345
2748
345
340
447
320
328
375
316
332
318
375
352
317
324
304
353
369
351
56266
14608
36734
36688
30795
164019
132551
295
879
3395
4084
353
312
377
326
340
331
317
337
6440
379
326
346
368
356
349
368
366
4873
325
365
316
859
453
31349
339
380
330
635
483
481
285
360
6949
315
433
433
331
433
433
433
433
433
433
433
433
433
433
433
433
433
433
433
433
433
433
378
310
6395
458
447
42738
4478
327
373
499
314
522
468
2144
240
319
348
17813
473
343
345
359
329
350
433
297
17836
329
330
341
318
348
342
344
346
335
849
329
333
299
4948
377
360
309
326
335
2754
309
321
341
337
366
356
323
331
325
340
357
334
330
317
316
318
351
334
322
352
353
352
1407
375
352
354
332
300
364
359
350
364
338
941
326
293
317
328
495
424
342
324
366
346
3999170
381
332
361
360
336
383
328
316
321
384
333
307
333
348
433
357
349
329
342
386
339
371
354
325
366
433
433
414
384
347
343
340
333
433
399
386
385
359
434
309
327
376
392
10632
296
345
310
318
466
343
279
317
433
349
323
348
299
371
379
317
345
327
312
311
307
490
313
436
433
331
426
348
348
456
328
428
493
314
331
338
328
460
337
285
433
354
461
324
482
477
510
1036763
1037334
290
286
380
377
328
3468
302816
25476
459
433
2315
1386151
1386759
3028
357
433
433
343
498
350
421
6249
6054
471
2215
320
343
507
327
428
475
3127
1277
1219
440
436
373
1924
465
719
9489
426
341
352
365
1713
1986
478
472
497
216
94
475
467
5509
345
8031
29194
30072
345
430
527
458
433
402
348
382
190
17000
17626
341
373
319
334
330
4414
349
309
28726
29445
475
439
286
353
473
375
315
575
334
350
450
490
452
332
323
316
315
347
304
374
504
489
362
366
365
249
429
353
74979
326
309
400
345
338
362
326
356
303
319
331
340
309
432
349
341
307
340
344
372
313
336
329
345
326
334
376
312
339
320
320
1734
307
309
305
372
297
395
454
358
429
348
481
209
302
548
483
184
332
331
1784
337
322
373
335
336
356
314
337
689298
690174
1526
436
476
362
359
380
466
418
345
387
340
414
459
366
367
371
364
356
309
450
450
310
709
293
333
334
1452
1236
305
433
382
331
375
433
433
433
433
382
350
307
321
364
308
300
330
349
331
767
341
434
281
349
335
383
382
315
436
469
336
433
342
313
346
330
433
433
433
433
347
454
300
946
704
1138
346
490
349
328
905
349
432
303
373
367
362
433
324
336
433
433
354
496
344
358
470
331
375
986
415
383
106973
105999
295
373
361
361
332
19735
20597
441
539
323
8045
1066
324
2870514
92250
85488
324
384
1023
21712060
21712468
378
21720424
21554804
40307
39721
323
441
289
433
48215
54284
54323
55258
55032
54317
55154
54806
54709
55811
54786
55580
55724
25958
59950
65904
25641
29108
27618
27572
70148
70897
28951
28533
71564
70801
71085
42853
41633
41737
433
429
41607
40662
365
314
464
319
340
1287
433
446
34935036
359
414
341
418
478
321
322
295
339
312
1159
492
366
307
349
433
433
425
518
385
569
71056264
99512872
78180648
78182568
367
502
460
516
508
414
424
516
366
299
497
433
433
2756
433
433
374
307
343
298
357
345
445
546
367
356
10774
1857
529
433
4293461
351
350
363
343
342
308
348
334
374
323
331
338
349
368
323
375
330
370
355
376
354
344
352
337
330
376
316
287
336
335
340
367
374
328
294
344
368
350
364
355
344
380
333
339
339
356
315
321
328
335
372
349
351
433
6649
328
319
11723
418
309
368
1759395
310
970576
306
342
329
335
348
316
354
470332
350
312
287
289
299
310
340
295
323
343
321
320
305
334
325
316
312
333
373
303
354
320
323
303
326
303
302
311576
319
331
325
352
339
307
325
337
300
313308
302
337
341
330
311
331
339
318
311
329
311
329
311
329
454
344
377
893
362
309
366
337
313
315
315
317
332
322
336
1366
2748
323
553
324
359
316
313
347
345
353
344
348
325
330
344
336
37214
298
322
352
320
2301
321
323
339
320
306
316
1523
308
365
326
328
342
347
387
356
341
288
317
433
5813
433
433
433
445
855
333
433
433
433
433
12773
369
353
300
343
351
433
433
361
2135
377
457
6833
388
572
354
371
2926
345
347
332
376
325
373
330
331
322
362
372
331
107
313
1341
1328
448
325
369
347
362
330
370
372
333
314
1709
351
349
568
341
328
335
356
340
353
363
390
296
335
325
313
815
347
349
304
305
341
311
313
326
371
334
327
322
372
360
348
377
369
321
351
313
310
293
377
359
337
376
376
344
433
332
343
348
326
337
471
313
365
442
315
1289
384
376
428
340
298
332
354
433
433
433
331
423
326
17181
17015
10754
5526
1221
3231
454
22007336
457
381
445
302
306
433
433
194119
195005
330
376
313
372
361
423
347
258
314
322
320
375
317
778
332
306
350
372
330
2736
2792
6027
435
2133
320
1631
433
433
571
347
362
309
313
352
122
433
340
328
319
384
341
7114
7053
485
479
485
450
502
591
468
2938
315
497
426
360
314
415
472
433
7393
918
95
414
356
432
311
352
434
456
366
2840
2298
391
340
488
351
538
490
314
1175
353
362
2767
309
356
513
498
356
296
312
472
414
325
325
319
494
344
344
695
303
429
326
336
469
327
491
21350442
21350774
325
351
4527
451
478
438
582
343
518
343
443
377
446
473
433
369
335
335
327
342
397
315
313
384
348
325
433
692
433
342
354
349
386
323
332
309
307
332
303
350
358
358
335
333
323
346
548
353
1992
308
369
322
361
369
294
321
382
340
326
325
333
340
340
339
310
1079
395
338
361
382
315
298
323
336
321
349
346
453
326
359
308
5650631
5651303
336
307
362
370
324
295
310
362
339
357
308
360
339
337
327
325
337
520
437
433
348
324
308
362
381
361
340
317
356
322
393
453
340
315
334
353
345
331
364
333
313
336
316
315
481
350
12501
372
311
433
365
382
311
300
328
321
344
334
806
342
344
391
433
344
338
343
343
378
308
540
325
345
358
304
303
319
327
177
309
360
337
6125
400
433
454
357
664
77
327
380
342
318
317
359
332
384
356
506
325
329
455
303
301
322
307
451
441
234173
356
327
310
390
331
329
380
306
508
329
332
363
354
295
362
414
323
337
340
304
372612
371896
337
298034
296317
296897
295804
296512
295789
282863
282163
275643
274907
321
595
317
306
328
325
331
336
414
371
500
380
310
375
337
343
368
357
333
349
316
349
345
386
343
327
335
328
337
333
372
336
382
352
312
1116
374
345
508
324
359
346
361
311
467
1473
972
319
402
321
1146
347
377
376
369
347
386
425
345
356
371
340
353
304
342
359
379
369
377
313
397
334
328
381
331
15957
433
11406
10340
324
433
5644
24882
331
41246
22773
338
350
51475
433
352
329
6543
433
387
47516
47488
367
386
369
400
20135
433
8131
404
411
399
433
393
404
396
404
391
433
409
288
313
314
389
300
345
320
344
346
296
1065
1419
442
1711
433
433
489
320
324
332
433
433
371
363
5866
720
314
326012
778360
17880
31311
12813
279167
294460
293098
514730
297
299
914219
559093
379959
619698
771410
312594
494895
300
296
704902
450905
663455
311
12276
554652
344
239096
433
322
127128
309
311
316
318
316
327
59923
211869
343
292
303
330
317
319
300
326
312
294
322
215691
306
312
317
310
304
374
338
317
309
17716
433
302
302
433
433
433
433
433
433
433
318
343
371
302
379
322
433
361
369
427
360
501472
500466
501417
500461
5197942
5188212
336
5102915
5058784
5058170
5055103
5054864
5053995
1724557
1723613
301
316
308
328
1733
486
377
443
349
377
458
3773584
3774101
3774444
304
497
350
1412236
1413397
1421261
1421274
1065951
1421590
1420914
1421740
1424375
433
1424422
433
433
433
433
433
4838
335
462
330
385
418706
307
326
355
357057
356541
476
290
433
433
505
491
572
449
323
433
433
372
433
328
341
382
380
61
344
332
367
352
319
300
357
292
462
418
433
134308
135474
134373
135201
459
510
464
630
6061
346
348
365
346
303
454
349
373
374
339
366
380
364
334
322
331
6387
6220
1502
490
433
487
348
488
475
433
542
292
4170
327
443
361
323
523
319
320
332
433
433
457
487
481
366
53377
52923
52666
1661
329
432
315
329
338
314
345
304
384
1980
432
491
303
336
386
369
3123
2456
351
331
5750
345
487
307
397
358
331
342
340
359
1294
416
480
445
1958
307
440
483
294
838
386
322
464
312
433
433
433
433
433
433
433
433
433
433
433
433
433
433
433
433
433
433
433
433
433
433
433
433
433
433
433
433
433
433
433
483
373
401
344
385
315
433
433
518
5339
413
489
486
445
3287890
433
433
573
447
3300
3869
315
539
467
1469
469
303
484
440
312
314
514
1160
482
432
475
374
357
438
615
52
439
492
465
382
433
529
252
364
436
294
448
495
1557
505
569
433
433
2017
1972
457
357
443
478
433
433
359
404
303
328
357
342
505
468
460
460
336
372
356
598
525
388
4312
331
444
351
380
318
376
356
312
433
433
458
338
360
309
329
510
320
342
333
303
439
441
448
301
433
433
466
528
427
330
436
330
438
426
508
433
433
421259
420744
335
332
456
579
1011
330
427
331
4784
433
433
683
360
360
378
297
1129
346
475
419
341
376
303
462
340
385
1444358
486
439
341
324
322
433
471
312
309
367
371
342
847
391
334
300
352
449
336
473
688
376
328
305
306
357
341
309
317
322
352
369
308
369
329
321
374
347
343
339
358
530
315
333
353
339
325
338
334
374
331
333
346
481
327
353
302
339
299
314
355
343
342
338
325
336
308
570
379
492
323
336
384
365
329
339
323
323
1086
486
323
350
350
388
391
371
390
3555
335
331
343
298
318
338
342
352
341
390
287
326
375
310
391
314
350
295
341
343
297
337
314
376
410
345
323
337
383
360
337
354
319
375
1689
336
324
323
304
336
433
393
314
404
483
342
64271
479
333
451
2391
3692
1356
340
329
356
316
495
337
73875288
501
322
37141
300
480
23818
24710
351
433
433
486
303
800
452
476
328
337
377
343
454
487
433
433
326
1045
440
503
433
433
550
342
346
348
378
439
352
308
320
318
316
489
323
364
307
325
373
321
500
328
344
338
433
857
315
298
1817
7848
459
158
544
451
414
332
6613637
474
494
439
322
302
320
509
315
433
470
1359
424
472
322
316
916
472
474
137752
141013
334
2553
326
309
356
636
315
433
343
441
451
513
512
308
432
345
307
475
549
349
326
3391
362
339
332
306
336
331
366
286
341
433
152408
433
358
463
593
1886
26336
26606
1450
325
326
466
302
1185
520
414
306
342
334
353
433
353
334
345
314
347
79
3186
344
354
394
14641
452
351
1119
341
25890
433
433
316
389613
389062
433
336
431
333
417
454
287
497
386
303
374
314
326
322
27857
343
31016
31893
30993
329
312
317
337
341
352
311
433
309
330
336
325
367
338
337
383
374
470
457
331
327
289
385
336
430
531
469
467
453
452
583
8792
433
4222
320
433
324
299
316
649
452
534
332
341
433
433
435
451
485
321
384
591
433
433
497
446
330
358
305
335
326
288
403
342
348
339
355
292
433
336
370
314
366
325
961
1127
379
299
67
322
8490
7643
15718
433
14746
433
433
433
350
324
323
346
367
382
351
500
468
336
324
446
466
1179
1129
366
365
368
338
335
387
384
320
387
381
343
388
433
433
340
447
344
324
309
357
323
296
363
336
316
316
327
388
346
350
358
333
351
516
313
345
361
433
350
321
343
390
353
319
339
351
391
365
312
350
305
332
514
326
341
372
433
312
365
367
335
381
433
792
372
349
346
349
349
324
339
310
297
325
325
371
771
376
355
307
381
368
350
306
316
383
350
315
382
339
104215
120045
399
380
119109
420
350
119430
120203
377
143718
144253
143244
42989
117045
348
331
435
368
73142
380
376
350
385
362
353
347
367
341
324
382
342
361
391
384
499
8758
17836
18748
347
348
1868
53525
1576
420355
317
258365
433
433
433
259400
547376
9829
469
498
24207
25082
24079
24083
24103
23937
357
81362
388
307
47437
433
349
334
134282
336
305
331
433
433
370
341
433
433
343
341
323
433
1621
332
362
364
364
321
350
356
338
433
360
12015
433
390803
433
358
433
433
340
351
822522
310
317
326
319
433
333
356
343
378215
382
347
388
293
385
362
360
301
309
340
370
308
303
549
8195
298
296
306
315
405
353
362
357
464
367
383
359
6073173
320
378
373
325
427
328
316
356
371
341
307
349
337
323
271
319
366
331
325394
324559
329731
328860
387324
215638
215669
214712
305809
140936
141681
206518
206666
207523
172052
172861
483
353
463
339
346
494
421
379
366
765
448
491
319
419
572
312
345
2642765
2643186
368
311
333
355
348
513
479
433
433
433
433
317
1989525
1989111
914322
913721
347
355
300
520
462
433
147
486
552
335
355
323
433
551
469
361
318
367
4814
488
329
2163
379
361
478
1141
450
555
392
330
336
320
340
341
337
317
336
352
346
480
352
326
1463
358
320
335
518
496
360
487
98857
341
366
357
350
324
348
366
585
338
330
90176
1824
337
314
459
333
497
456
331
440
327
510
360
337
202
323
378
473
592
354
433
433
6261
496
1568
323
348
433
344
366
493
351
344
456
445
341
315
330
421
433
432
329
1688
324
371
343
388
350
472
342
358
344
323
307
323
300
313
323
350
3371
3320
364
325
433
433
471
443
309
318
321
340
440
358
325
975
450
2960
489
307
549
343
451
297
446
364
278
378
441
350
5094
311
454
694
483
342
323
371
339
437
357
326
345
338
315
327
357
290
326
320
334
323
313
352
2615198
317
2214130
2212326
330
10167
366
372
372
481
429
340
352
810416
783293
359
333
322
332
6635055
12385223
3499412
352
343
393
480
519
472
311
336
335
309
343
433
289
478
316
332
6108
526
1992
340
316
326
444
5750012
340
4667
2221
364
357
313
355
337
472
324
348
303
333
362
332
433
326
335
311
321
371
368
328
348
326
335
335
320
467
616
355
433
438
301
500
320
323
442
370
335
335
327
333
353
482
339
338
381
469
374
318
332
461
445
352
83
565
465
894398
464
441
501
1194
342
631406
495
433
440
352
1200
359
327
319
309
383
326
313
312
333
333
336
9310
345
396
358
319
443
321
323
333
380
353
506
345
319
361
426
435
440
352
317
391
334
354
364
312
315
391
331
485
316
377
379
325
380
462
471
357
336
370
352
361
308
692
338
334
343
381
360
348
1271
327
341
295
339
481
331
350
324
366
370
320
336
317
323
433
433
335
338
366
359
330
359
335
354
334
319
358
300
329
309
369
327
352
424
297
330
315
367
389
344
368
352
320
379
326
350
319
324
323
456
326
439
301
355
366
309
494
304
317
433
433
342
1331
1439
374
320
322
346
355
318
304
362
365
340
352
372
356
350
537
349
1587
304
324
303
468
309
325
321
376
434
2077
373
382
342
350
433
464
333
339
358
342
323
375
312
54990812
326
2911698
2911641
304
372
341
355
586
1623599
2133390
2083525
6098
432
349
342
355
324
466
325
503
326
317
309
356
475
330
343
1115868
314
351
328
460
1797
437
468
517
552
351
1927
418
336
587
496
469
433
365
312
324
325
71193
70264
340
378
136
334
370
3043
433
12
651
313
361
360
370
374
58
349
378
926294
310
326
364
335
293
310
323
316
58961112
58962104
58966144
58966036
53
58965308
58964944
58970160
44229372
58973572
58973460
349
58705584
58706476
315
326
372
364
347
332
383
342
314
353
321
340
385
307
360
348
339
333
319
312
320
292
423
360
367
358
323
45403
348
318
353
384
394
384
378
172
346
433
355
75539
351
374
384
347
141
334
344
374
10409
378
336
341
324
327
386
340
166
311
346
331
374
320
364
325
329
343
433
313
286
321
322
323
433
433
320
433
337
339
343
330
344
341
352
321
341
777
1741670
340
313
346
346
337
335
11805578
7701
11806880
11805667
5647
6476
11803580
11806486
11804027
342
325
362
333
11795260
347
371
309
302
347
335
353
350
398
362
391
371
46107
46883
11512647
374
1266687
318
389
374
349
355
372
347
336
338
345
349
389
315
312
325
319
333
325
367
304
360
334
433
335
323
1164
362
325
16098
6463
12774
3206
9770
296
710
325
343
356
6947
309
1566687
241918
371833
380
19968
309
194080
809363
335586
309
299
297
834324
362
328
189212
287
316
151218
317
328
328
326
10624
370
344
347
299
335
335
943
334
332
342
3362
367
366
348
333
388
341
334
389
379
396
308
352
360
442
378
344
2522
332
371
313
386
371
385
322
351
464
303
305
317
433
330
295
376
321
347
499
43466
42600
339
70314
63808
63121
355
346
479
362
333
340
421
344
342
335
1451
322
2502
319
324
308
309
333
369
323
3513
8320
433
433
469
447
352
369
318
756
4039
3882
321
358
512
526
487
322
435
433
303
387
337
206
348
378
286
452
332
329
443
375
421
334
356
379
367
433
300
365
424
312
347
326
323
346
339
327
339
287
365
361
368
321
433
317
351
315
328
307
318
433
322
181
456
342
324
308
337
344
4246131
4243927
4244598
4235317
336
314
355
296
4196149
4196806
4187943
349
352
346
336
345
348
381
559
349
321
316
327
356
427
294
297
306
348
356
335
669
455
375
328
314
344
341
453
357
332
299
315
331
356
336
40321
40152
328
433
433
4938
327
686
3541
375
383
345
478
188
485
456
472
581
346
338
379
307
369
338
449
383
761
6084
305
379
312
327
298
2700
2771
584
311
354
354
383
645
352
320
330
362
322
317
324
424
311
6340
5750
348
376
433
337
378
348
470
3130
351
324
331
369
198
510
821
320
353
330
303
176
323
322
309
364
377
379
384
390
473
350
401
385
343
375
315
401
351
344
453
343
361
352
341
362
320
360
328
318
367
360
301
382
313
370
342
342
484
312
334
351
372
309
293
313
367
738
307
469
332
366
314
335
673
111
357
372
293
333
1069
339
385
433
433
323
314
354
485
364
362
338
510
1756
337
402
346
336
333
3343
386
468
328
369
340
290
374
321
338
362
469
304
360
658
325
325
295
336
420
289
342
865
322
309
318
1244
333
331
314
309
657
345
327
361
349
338
320
391
312
316
344
850
338
309
303
295
390
305
325
364
324
331
332
363
373
381
374
352
300
378
889
347
341
535
362
311
335
325
384
363
334
358
320
328
326
349
322
340
311
1368
338
302
126164
349
357
361
308
357
1096
348
322
363
356
344
335
316
303
329
313
353
363
339
323
310
289
353
321
328
297
359
321
332
310
328
337
307
1762
459
330
321
353
117
348
494
540
330
330
322
338
304
301
306
351
336
330
433
433
325
354
316
385
404
533
364
320
383
514
457
322
339
326
322
2861
5085
347
320
436
1579
6127
324
742
1048
467
1396052
1668
2524
1950
351
337
3103710
3021394
327
370
325
4815318
4817152
4817884
4817805
4249
340
467
355
335
367
365
330
3709702
336
328
433
365
956
354
341
332
340
312
358
321
314
343
315
40272816
2166901
334
378
433
433
330
387
381
356
325
317
358
353
299
478
345
329
509
1703854
2468
323
344
472997
336
468958
469617
459946
286538
287554
287415
287293
285020
285938
285881
285010
285825
363
478969
475039
426710
427275
339
29691
376
177
381
20503
331
328
382
395
356
4879742
361
353
392
4907157
391
346
329
333
386
397
377
3177
379
6186
4226
343
4349
943
4517
2316
2671
3714
1417
318
323
73775
352
317
173763
849693
3816543
380
408
393
399
395
370
410
354
303
2460232
400
292
303
2061268
363
332
351
307
387
872006
361
401
395
395
389
349
379
338
403
549700
299
1236
327
323
95
331
351
342
340
305
322
366
347
347
609
737
380
364
371
397
376
997
5144
396
351
350
406
387
347
378
3581
433
743
363
360
395
57798
343
345
336
433
433
3872
365
338
347
299
362
3123
491
367
323
296
312
311
343
316
414
339
353
320
2029
317
330
304
433
590
305
1205746
357
326
469
1165
328
339
355
351
301
347
343
348
171
413
333
28438772
28437966
1688
365
337
339
377
333
107313
77017
12575
1724484
12730
316
436
344
346
358
516
415
433
9270884
382
368
340
315
312
321
318
330
363
378
354
340
361
633
312
342
330
368
350
464
357
381
326
449
298
590
304
319
339
328
332
346
7188
55232
54754
20113
19178
19350
379
10351
472
19044
6411
16488
15532
346
344
345
350
366
428
337
295
320
310
315
555
492
433
323
335
338
339
356
365
3459
2275
437
315
1317
337
375
347
369
347
351
359
344
310
318
301
365
314
335
345
352
342
315
286
341
300
303
323
553
360
325
298
593746
473
312
353
18630046
365
353
344
342
319
342
334
309
2492
291
335
433
293
341
559
356
488
451
373
316
356
328
385
329
473
432
357
51
433
291
293
430
470
376
336
351
318
332
356
433
414
326
444
311
2353
1623
309
349
332
3134
2185
325
355
321
396
459
469
368
358
287
301
385
325
307
436
293
335
331
921
336
307
342
360
374
293
348
336
427
355
338
325
354
314
327
314
352
297
373
383
300
330
318
311
995
317
3239068
327
453
371
362
382
296
433
433
332
1031
333
301
457
336
322
336
332
339
365
298
340
545
469
307
353
331
423
355968
356187
354
316
337
314
292
338
346
357
499
444
311
366
335
466
488
6108
433
433
466
362
489
322
433
433
433
343
358
314
433
496
2050
508
316
433
295
395
344
345
333
351
358
328
356
287
322
300
329
336
324
334
317
339
308
332
329
320
338
315
380
439
350
352
328
344
380
322
346
433
329
338
473
371
319
376
302
323
323
315
388
339
320
333
324
372
337
327
307
488
378
316
340
331
532
3141
433
343
382
373
347
367
339
350
366
375
344
391
314
960
340
341
322
331
342
690
352
346
325
359
425
383
357
323
389
432
384
313
312
354
355
344
335
343
476
357
334
440
346
50033
296
330
390
330
313
311
317
321
340
380
326
376
358
373
314
325
320
327
294
339
332
358
353
305
362
326
328
321
477
373
329
455
323
325
331
385
291
343
323
417
324
336
355
307
700
312
353
326
367
301
431
460
433
433
314
331
319
319
517
483
343
344
528
1589
424
1355
322
360
313
322
337
464
330
452
433
474
368
676
310
307
338
348
300
1738
315
376
456
866
350
325
324
296
315
433
364
362
307
336
480
362
331
344
249
345
305
571
374
368
433
321
350
19351
433
433
433
433
324
340
433
397
340
312
351
2794
343
99836
60001
150520
160779
326
24163
4865771
4884975
4912361
317
362
345
307
332
329
339
340
2744875
328
305
372
337
865132
311
342
328
345
337
323
369
304
305
344
309
345
56632
19333
4147
821
355
352
348
326
298
828
315
310
414
13123
433
433
427
369
339
323
1268
476313
501
458
792
339
773
8958
521
318
517
347
467
537
486
584
490
450
509
528
319
339
368
352
355
343
354
359
433
11964
433
430
381
471
492
452
440
484
481
342
453
310
379
379
588
516
340
426
493
6911
3580
1029
433
433
433
482
331
432
654
729
388
491
342
318
518
333
332
350
456
481
494
462
374
305
343
995
746
508
335
571
449
433
321
349
628
510
446
327
3562
3443
6087
471
414
339
334
311
348
315
433
433
2168
445
501
508
512
323
376
349
4027
352
201
433
1975
321
342
305
328
473
329
483
509
453
400
361
399
452
353
338
384
362
365
331
370
358
486
459
2382
570
1566
467
331
433
433
486
422
393
458
433
462
740
497
828
433
433
490
536
447
472
530
477
412
310
497
330
371
435
506
313
301
387
300
362
324
311
331
302
2719649
379
477
370
1633050
1633597
328
319
531
531
373
332
378
329
341
349
307
356
322
2006
1235
300
334
930
375
284
379
381
344
393
327
361
440
326
320
303
367
339
314
311
322
342
353
360
471
380
502
329
349
356
350
365
381
312
362
2095
366
319
317
324
339
316
368
386
433
338
307
420
514
329
397
351
303
318
1616
358
329
1235
329
295
338
393
318
321
328
330
399
741
328
538
363
433
387
340
385
378
311
337
33
377
371
320
343
367
348
320
313
360
345
486
369
376
342
456
398
338
343
348
329
351
474
339
398
389
367
347
361
343
309
380
384
327
356
347
382
336
357
312
307
323
310
327
388
375
467
347
342
339
347
354
317
323
338
308
372
373
343
343
371
354
322
318
352
297
358
343
350
301
346
321
321
357
325
321
1203
378
333
328
361
356
327
363
372
1415
1573
360
364
363
328
358
318
333
337
308
372
325
330
342
378
384
402
477
451
335
329
343
313
316
354
321
314
354
332
449
153304
153954
341
323
383
376
385
361
297
327
335
335
318
314
509
455
361
297
324
300
421
329
330
330
303
338
330
357
314
334
1042
372
156
332
337
369
319
323
311
355
358
292
341
343
327
511
376
583
345
330
344
324
345
347
324
337
344
336
330
332
311
341
369
346
322
1329
388
357
299
319
334
309
306
297
388
334
314
305
352
350
350
328
394
318
318
467
389
953
355
338
89
431
88
366
350
562
334
340
317
344
373
377
292
366
313
318
315
1989
368
332
349
356
341
349
471
445
379
340
351
373
325
345
433
433
433
2135
8150
433
433
433
231521
242259
325
338
320
318
346
9831
343
433
433
335
324
377
312
311
325
365
354
373
345
327
338
323
349
373
393
304
342
348
307
317
357
350
324
364
310
349
315
344
341
375
324
324
380
338
369
380
340
313
306
340
373
343
309
324
326
343
310
333
359
377
323
322
347
305
323
323
365
340
315
320
312
1562
338
313
439
325
325
342
308
974
363
308
374
382
316
316
355
305
469
331
340
279
250
300
1227
424
294
354
334
364
382
304
349
326
334
341
389
330
356
346
335
345
369877
370482
367858
366999
340
375
316
366
330
1841
337
329
366
318
50366
51222
357
479
3142
321
369
312
329
310
608
102297
101734
480
78327
78845
198263
336
433
304
332
378
341
318
321
340
346
358
363
316
310
310
362
381
308
337
375
373
565
351
433
433
350
303
327
381
323
333
322
324
331
366
358
357
327
359
515
334
432
337
763
382
324
383
355
375
323
333
350
321
327
303
325
333
364
356
377
331
474
338
345
330
312
333
354
307
454
354
339
333
334
353
293
355
432
384
382
366
345
343
427
200329
199679
196183
355
82263
80469
336
304
1264
354
369
342
329
334
374
386
333
310
314
438
328
58796
59583
62047
61120
312
341
366
363
361
321
83032
2530
333
378
305
327
341
331
45844
309
544478
543851
433
341
420610
421058
371366
247062
247750
330
613
345
2089
351
418
481
1720
433
142935
371
144333
343
327
363
419107
419703
313
347
316
607
433
344
340
302
358
453
461
95077
94163
402
358
387
433
312
362
5706
320
354
372
341
365
358
498
713
349
298
332
350
323
365
332
310
364
326
323
337
335
940276
341
361
321
345
322
369
308
362
338
294
296
346
321
321
332
351
304
433
359
5111
321
339
321
889
34436
26809
331
330
310
338
111
331
330
313
315
559
713
341
352
349
344
309
1941
3435
323
330
502
450
351
382
323
373
341
372
366
334
335
359
344
351
371
504
356
302
335
384
320
380
383
387
781
369
569
4352
343
352
383
2311
380
338
849
302
322
339
328
318
362
322
291
345
352
367
356
330
351
2350
433
283
433
433
433
433
433
433
433
433
433
2065
433
433
347
363
305
301
388
345
353
358
361
106
298
316
360
328
294
306
336
330
2500
347
373
475
313
327
316
334
369
457
327
312
234
336
350
300
684
333
325
538
309
347
369
433
368
320
333
437
363
352
319
313
338
345
354
340
319
349
331
336
351
326
314
351
320
372
2699
375
310
298
372
335
376
335
356
325182
318243
310204
309473
308699
293941
351
31917
31948
314
66959
67885
372
354
343
341
379
334
421
334
5392
396
2472
2772
290
341
377
293
322
355
318
341
357
474
457
312
338
433
304
315
318
350
325
320
342
370
696
432
365
332
318
375
343
352
347
312
361
329
351
367
324
360
371
323
329
333
325
485
333
324
337
350
346
1005
373
344
330
339
344
18215
520
1439
297
460
347
320
300
361
369
387
536
523
347
319
368
453
321
357
348
352
326
340
433
373
326
351
331
340
365
290
349
309
318
332
313
1548
325
308
332
305
378
313
316
384
386
329
351
357
371
359
330
315
315
302
351
331
344
313
341
315
292
367
454
337
326
366
307
349
342
334
346
381
369
308
399
516
321
364
1628
387
492
313
351
336
462
34
1624
385
377
437
327
43216
310
1237
1633
268326
296303
294388
343
36211
35439
317
358
326
356
291
29986
28994
29809
2787
39911
39325
17465
16743
12581
12812
72707
73732
36775
35963
37546
36608
371
1246
384
352
346
382
342
366
375
379
322
304
582
279671
328
334
300
324
383
329
370
57226
56372
20647
121559
537
429
335
110734
14868
78104
372
396
380
325
335
941
612
383
344
329
379
320
383
364
509
352
318
481
379
351
338
308
378
394
10031
447
457
327
347
414
330
493
296
38086
17109
339
359
336
455
515
352
380
354
291
320
315
362
4741
4157
335
190115
190776
305
449
343
395
314
352
320
348
330
363
352
363
573
15571
14688
340
370
375
298
347
319
335
357
560
1764
363
383
375
348
378
830
311
351
1702
33095
294
386
52
319
3292
342
537
340
491
354
392
313
315
318
330
330
326
346
501
534
318
330
360
433
373
4843
387
532
363
364
1397
335
457
433
433
452
6114
416
453
315
459
469
311
445
339
319
629
433
433
504
424
330
298
433
481
583
373
963
6391
366
376
96
372
471
493
440
367
346
308
322
439
333
356
327
374
329
575
1237
574
445
300
335
359
350
362
330
15
367
531
433
2711
367
379
465
467
375
75463
80805
348
463
343
388
340
380
436
361
392
333
352
388
336
393
286
353
433
458
329
414
379565
378918
362
351
487
318
305
5178
331
310
300
332
311
1838
4766
373
453
1936359
119449
9243
113979
344
11661
23075
2277
2478
77
317
306
295
329
347
357
315
302
313
338
303
354
336
339
330
318
305
1867385
567135
351
433
299
1752949
332
433
325
355
433
433
433
357
1513
322
433
330
433
433
421
324
328
433
433
6482
8835
11219
326
361
2257
9270
433
317
433
433
433
433
311
433
314
319
2077
433
433
433
327
337959
3315
1445
315513
54576
313830
7243
72232
433
300
334
433
289
311
343
355
357
330
341
433
344
345
433
433
433
292663
433
326
331
365
345
2696
335
433
323
1298969
408
34479
412
44031
31821
433
411
321
433
683763
433
301
347
352
348
352
315
2811
630007
336
621738
348
363
1188663
303
1183921
326
433
442190
314
223319
441838
437185
436286
433
433
433
433
1545
433
753063
488805
311
331
3140
320
448
339
366
360
317
367
433
335
380
337
433
433
312
433
343
331
435
938237
938882
933701
433
433
433
433
433
433
319
342
433
1028
433
531
433
416
416
433
330
334
433
156407
433
4686
320
332
341
307
315
335
375
354
331
433
433
323
433
332
433
433
433
364
354
418
379
374
433
495
341
341
363
318
332
324
357
330
3509
1080
4293
15529
358
1149
7971
14346
346
11108
495
3069
801
7899
1314
320
10288
10772
121
8112
9852
327
369
374
346
336
343
366
160
373
342
365
379
330
359
329
381
379
339
386
386
332
381
354
433
358
541
333
343
348
314
321
360
315
386
356
341
350
343
316
337
465
386
1925
342
300
336
356
348
319
346
368
344
353
347
321
365
328
322
317
3316
377
331
380
346
478
301
2502
328
289
430
344
354
344
338
361
306
312
331
341
330
379
343
385
353
349
328
475
293
377
524
751
321
360
366
458
316
435
1233
370
326
328
464
357
370
360
371
1208
3308
341
2744
353
2539
433
433
485
362
618
396
308
365
490
348
467
306
448
333
302
342
361
447
355
345
323
352
301
323
312
366
294
380
293
336
618275
305
324
352
433
383630
383007
302
372
348
12840
316
326
347
342
315
299
314
329
349
333
366
498
353
356
347
378
363
342
371
327
398
314
357
499
662
340
432
313
339
127967
355
328
330
321
313
339
347
329
4265
518
327
316
340
359
337
327
10963
341
511
490
6034
433
433
333
377
336
351
320
320
443
323
316
313
433
433
307
380
352
305
378
492
360
335
317
473
307
337
308
433
433
349
119
299
345
349
331
336
364
305
361
380
346
337
358
328
348
362
324
429
316
343
381
331
366
347
462
302
333
315
374
344
379
381
386
370
336
374
342
296
290
932
344
385
334
325
386
369
384
439
468
330
313
433
332
341
379
380
354
363
327
345
381
348
569
433
433
332
352
312
341
394
389
1329
324
328
340
487
395
336
345
376
364
323
391
302
405
395
327
341
556
334
344
354
384
1544559
333
37397140
433
36607344
36607580
371
3530804
372
303
354
360
337
308
310
340
433
345
353
433
352
343
329
433
433
433
433
339
327
348
368
433
433
328
347
433
376
372
351
433
339
379
325
340
361
433
362
312
350
357
333
335
344
338
324
307
361
354
344
369
374
327
1392
2728
2953
292
365
433
341
433
433
433
338
374
354
345
321
433
384
560
348
357
333
55727
50402
319
343
433
344
370
334
333
433
343
433
433
433
323
327
433
348
391
315
433
433
433
433
583
433
433
321
358
320
344
355
335
294
360
354
645
320
310
350
378
360
353
356
353
372
358
359
219
556
372
349
361
389
362
339
380
342
375
348
371
349
350
351
324
4126
433
337
6768
346
366
349
313
433
339
342
379
338
372
382
387
327
355
360
376
433
433
331
683
356
433
433
344
319
322
347
333
368
345
375
1018
327
340
433
312
328
342
324
356
433
433
333
320
291
326
361
372
348
433
310
433
313
368
344
324
319
324
351
315
342
22890
18715
28413
18637
345
391
363
1352
439
433
3085
331
433
1327
318
433
2541
353
432
503
433
433
321
433
433
433
301
624
433
1135
496
392
433
429
354
365
166
428
457
353
329
422
626
445
463
500
431
360
358
316
357
332
604
364
298
342
327
355
433
355
323
302
433
330
297
433
433
433
308
361
327
333
330
435
356
314
470
391
380
467
327
337
332
337
512
476
455
471
359
401
428
337
4666
387
313
326
413
518
433
397
378
324
553
299
370
366
406
346
437
315
316
520
394
384
375
367
360
312
309
344
385
343
392
363
334
329
360
351
471
361
343
367
309
366
467
77124
77641
18244
334
365
333
382
328
344
383
307
327
355
391
308
338
354
315
343
326
378
365
306
922
338
542
378
337
346
340
89
349
353
333
339
295
1659
386
382
295
323
324
315
419
343
393
394
517
345
360
391
365
333
459
336
338
309
1336
364
319
377
339
336
339
331
383
375
325
433
433
433
3281
75
433
319
379
347
326
1719
331
383
2329
284434
282860
306
353
340
326
317
319
324
381
364
433
352
329
329
433
329
384
340
311
349
343
302
309
339
344
321
352
337
307
347
291
309
433
433
433
433
433
504
381
329
328
358
433
347
316
322
312
729
332
365
344
325
333
367
306
433
433
343
354
313
374
5717453
328
378
373
361
308
381
184
339
462
336
364
343
335
307
878
349
364
513
339
313
380
344
329
331
5788
807
2836
1205109
433
317
1302627
1303552
355
304
433
367
1509
323
395
341
372
340
380
364
359
341
382
345
332
341
319
331
315
332
298
329
355
335
318
329
374
324
330
374
306
316
338
336
327
433
414
23111
22211
329
309
368
58231
57258
582
5449
323
956
326
354
433
390
330
374
2612
37166
1487
433
56194
34194
36665
310
335
313
375
332
378
329
333
354
442
303
342
340
316
257038
137819
137003
296559
295628
303711
144181
143266
340
1782
374
328
370
353
465
315
343
335
326
502
2724763
2724227
303
379
313
336
335
452
326
798
323
331
351
321
332
327
370
324
350
358
354
388
471
342
337
1027
381
1103
552
1019
436
345
354
327
322
331
359
6472
4563
5998
433
491
329
1346
328
388
765
439
433
433
329
324
690
388
354
320
349
374
363
292
353
298
312
321
342
324
530
325
361
372
342
347
296
325
316
348
373
319
344
363
371
392
326
374
312
359
375
322
335
343
332
359
338
349
330
331
316
325
370
363
344
343
334
344
328
324
517
296
326
317
359
317
312
347
775
332
363
325
325
354
382
328
327
360
441
354
373
337
291
945
317
378
378
343
345
347
384
329
411
1567
3141
355
333
324
372
414
298
341
379
328
311
694
312
313
369
1894
498
909
25
323
493
341
1971808
1972502
1972541
1971836
316
381
340
330
399
307
353
2143
2074
325
329
316
339
320
319
374
382
514
799
342
379
487
339
368
401
339
448
488
377
379
385
346
303
341
317
813
378
433
337
386
344
347
377
374
433
433
433
484
391
341
1681
1043
322
433
1707
327
404
240
293
317
325
560
331
322
291
315
356
340
548
376
368
361
1630
340
384
298
371
349
351
377
339
376
395
375
366
325
355
314
314
376
359
346
324
341
400
468
341
321
314
339
312
320
345
369
302
1381
18356
349
331
348
376
343
334
345
347
332
341
341
9778
377
337
376
324
385
374
2774
378
381
5009
15958
15797
379
382
379
345
383
363
469
6815
594
365
414
364
381
380
352
337
344
340
368
327
323
356
373
339
303
356
347
433
355
353
323
385
356
342
330
303
433
353
358
3124
1201
2373
2237
1288
327
327
1740
327
374
5315
332
326
316
270
355
351
331
433
336
327
320
320
293
292
334
433
341
330
318
333
317
433
326
352
534
433
326
5271
319
309
336
306
433
433
334
433
324
4278
301
366
331
6455
316
365
388
370
3537
2294
406
362
358
373
349
3762
1314
344
2243
4027
6212
328
596
369
348
389
997
433
369
348
433
433
433
388
370
393
1061
370
1599
314
3825
373
364
371
381
338
345
334
384
377
327
433
497
374
338
333
345
342
351
1680
1930
497
356
32226
314
347
321
14324
315
343
1914
1072
458
11377
893
325
433
1037
458
2264
861
478
352
7063
291
342
359
339
337
7405
299
414
312
302
322
312
311
3080
352
421
354
433
433
339
316
982
1166
433
433
334
579
311
593
347
330
433
433
347
345
433
331
722
299
433
305
319
433
311
5827
329
328
219
336
417
338
991
25483
311
354
433
365
352
333
307
312
702
13092
329
302
352
348
318
2538
4286
308
26803
26605
321
7004
10580
311
323
343
6983
4465
309
372
433
308
325
433
344
433
433
366
433
433
357
338
886
350
306
295
320
331
316
347
318
364
334
386
433
501
312
323
341
355
317
348
342
352
10137
2934
433
2708
320
329
2654
433
327
307
375
316
433
321
341
388
360
341
433
686
391
378
383
1287
678
356
560
2234
374
329
330
337
334
567
3637
433
335
303
339
433
312
344
382
349
433
337
328
331
379
360
433
334
335
346
333
37905
56601
133552
29465
63957
76950
87740
102099
131710
1153
316
1355
58839
71672
82758
218
351
288
29991
44097
58887
69162
80410
94448
125808
380
328
113997
43395
57421
67740
92462
113532
343
27137
9864
22754
37109
48639
59234
72804
85153
343
17687
104177
13805
26940
39859
51763
61717
94040
8648
51511
87397
12968
25635
37848
47914
50089
76834
80853
7068
20847
32170
44800
57012
77154
3315
12108
20706
69513
24645
338
10447
46013
353
1296
22478
345
23161
317
361
327
31520
381
332
301
312
397
342
332
353
345
433
11480
336
368
352
374
345
332
351
337
348
380
349
433
354
433
433
433
326
433
433
433
355
351
433
342
1559027
331
358
377
331
373
384
348
317
316
385
329
330
358
358
705
643
357
325
371
355
352
345
330
386
333
358
361
1325
365
320
303
368
344
354
343
394
339
433
433
3482
333
342
13725
384
376
374
359
374
338
326
984
378
380
395
362
378
390
324
1513
381
381
350
364
41680
42545
1135
362
318
358
10628
433
377
332
372
433
353
369
176
15623
369
191
18437
18473
71
19106
366
18348
19393
2056
3036
18658
16100
15186
103
376
433
344
356
366
346
305
326
355
300
363
342
370
370
287
433
370
387
381
588
401
376
378
354
374
386
385
378
386
376
376
371
350
365
387
381
503
379
192
375
378
379
326
350
414
385
381
356
379
315
385
387
357
345
366
319
361
385
344
68
454
343
349
376
303
350
434
308
343
352
433
433
433
433
433
433
433
