331
350
307
8925723
223222768
223224976
359
322
320
327
320
351
585
296
808
317
345
319
343
327
324
324
475
1351
316
349
354
384
33777
51050
51845
315
38581
361
442
295
312
332
350
65490
346
51697
337
480
326
501
304
362
323
374
351
349
349
323
328
361
338
360
334
332
354
354
331
326
173
8690
326
315
318
329
323
327
321
17
304
321
323
315
335
315
369
328
302
346
339
333
321
297
348
330
326
355
327
340
353
358
350
340
324
347
343
353
463
335
332
367
363
328
322
333
342
302
623
381
356
318
311
580
337
566
489
324
304
338
429
354
332
332
505
381
353
429
447
340
429
310
397
338
350
346
360
360
347
316
335
320
345
323
185212704
507
560
49
349
382
338
321
313
329
310
335
293
319
328
340
304
354
298
367
319
339
307
352
314
333
329
305
335
307
323
429
350
379
335
366
330
334
316
375
365
315
344
339
334
333
344
339
308
380
322
1320
355
314
312
318
349
322
429
429
2224
309
301
333
354
305
343
328
347
365
332
327
357
144972
145391
146342
5335
323
429
429
298
491
340
410
1969
1074
1950
370
331
334
3475
311
347
289
324
313
293
313
429
22280
23353
335
316
301
330
321
329
1755
324
299
332492
329734
341
322
338
429
301
42746004
361
587
429
429
329
479
296
320
351
313
358
355
356
518
370
312
353
1247
371
357
349
33437
32847
313
296
589
352
681
333
322
338
310
348
52646
52352
51649
297
345
360
322
355
24665
24601
23690
22958
486
323
370
329
319
429
303
315
317
349
368
369
313
322
363
349
300
324
429
320
378
309
301
342
354
355
349
429
356
313
2851
100066
356
324
353
4713
328
387
319
295
287
304
377
343
300
318
348
327
298
367
309
361
315
352
291
327
343
330
306
316
336
326
429
506
282
334
339
305
310
338
429
326
326
349
297
352
344
364
325
459
332
333
330
297
470
354
304
354
315
359
323
317
309
310
337440
429
1011218
1103404
282
493
337
442
467
332
300
429
429
429
347
367
312
307
306
303
356
343
327
313
309
340
363
337
319
345
323
328
355
323
328
325
353
330
336
367
334
321
302
355
363
320
349
35967
316
343
333
305
1344
306
332
342
3045
429
429
800
429
25620038
337
429
429
306
429
345
10586
312
429
429
362
505
324
326
324
303
301
322
326
1173
309
349
335
368
331
332
1550
330
333
359
429
429
342
299
324
429
341
387
343
429
450
304
429
429
311
351
332
352
342
364
301
379
356
310
330
1891
2134
326
311
337
333
351
307
342
340
319
333
203
363
458
502
510
306
317
313
333
332
486
329
139
382
352
319
292
343
333
331
335
298
355
301
340
296
325
580
332
338
328
339
429
384
360
303
348
324
337
327
352
347
358
323
253518
219676
340
338
343
312
322
372
301
303
299
350
479
335
335
342
346
49
734
359
303
358
329
362
368
366
362
372
339
339
359
340
327
303
342
329
334
316
367
325
339
334
3730
344
429
429
459
455
642
3884
492
339
510
157102688
429
498
519
926
429
468
1637
334
429
429
312
312
495
335
470
499
503
293
346
2824
328
333
354
313
332
350
16102
14707
325
490
477
6097
479
497
507
9
429
292
376
322
894
501
490
560
476
539
473
294
342
461
2989
321
444
8581
8336
429
455
482
322
281
586502
492
447
384
499
320
429
429
334
310
326
318
333
328
348
334
1297
314
458
297
472
299
489
6199
497
304
334
453
480
475
1641
429
6726
429
520
459
314
356
429
456
569
749
429
429
2401
335
429
318
329
834
361
312
502
507
672
1295
320
336
320
304
140
34
302
439
330
2916
52236
51382
307
300
332
483
361
2421
76999
1481
510
535
450
918
693
429
553
1424
3927
428
486
374
429
409
284
3956
290
508
429
1973
339
467
754
429
352
317
4290
326
504
531
289
530
2592
338
313
295
364
321
357
326
2456
335
325
370
526
322
347
297
447
373
465
324
336
297
512
347
449
310
369
323
429
429
592
321
429
339
482
807
319
28693252
27450346
27451302
429
301
348
344
313
359
339
298
341
295
333
314
16585
312
299
305
298
327
335
406
295
342
298
316
323
302
293
316
317
339
335
325
315
332
298
301
313
317
312
309
347
303
303
35239
302
324
298
287
324
312
349
288
307
355
306
321
290
344
312
314
302
324
310
297
311
311
324
322
320
287
329
299
330
318
300
294
295
311
303
321
322
297
295
304
298
357
292
331
311
302
293
316
294
301
307
83314
330
310
384
287
347
296
353
312
313
285
302
289
322
317
303
364
354
331
310
331
298
300
289
319
330
281
332
296
316
322
288
342
322
296
342
325
308
301
297
313
346
329
303
355
287
304
321
356
375
320
288
347
293
298
316
332
303
306
291
322
322
355
331
313
301
312
313
285
297
287
347
294
309
338
288
291
314
321
316
364
316
294
309
344
309
301
405
313
299
314
310
350
318
298
307
291
314
309
307
304
307
313
157098
314
317
302
315
311
294
304
343
508209
306
304
295
295
336
292
305
331
316
330
311
314
295
328
315
315
288
313
300
321
314
310
292
392
314
364
330
317
293
290
335
306
288
298
307
326
290
285
317
297
331
314
295
326
305
335
312
291
299
325
346
312
299
311
302
297
316
307
336
295
311
302
302
303
301
393
319
299
316
298
346
300
304
295
314
337
317
319
337
289
298
329
310
349
359
308
314
287
289
321
295
312
303
314
293
286
284
309
327
318
320
288
325
318
297
296
312
306
296
314
323
294
304
315
308
300
334
316
281
303
307
304
308
306
330
306
321
308
311
343
302
311
309
308
343
304
298
305
302
303
315
311
314
297
304
309
285
305
322
356
335
306
298
316
318
302
294
299
297
326
291
329
298
340
300
302
315
278
290
290
305
299
315
339
290
282
316
309
289
330
319
311
322
327
319
352
310
312
298
309
308
302
315
330
346
297
308
298
303
312
331
325
299
336
296
299
333
319
350
293
305
285
309
297
306
308
332
338
318
307
286
310
316
308
384
311
288
306
356
308
289
315
322
310
312
301
350
308
332
300
348
325
309
309
309
324
303
332
328
306
302
293
289
328
296
337
316
319
322
342
297
293
310
293
305
304
326
310
306
329
321
286
284
315
322
322
302
311
304
329
292
327
295
317
309
309
326
305
381
338
352
344
323
327
301
289
319
323
296
316
332
313
291
292
308
346
307
301
304
317
323
318
310
305
293
295
305
314
308
306
301
316
336
321
313
291
339
294
336
313
315
323
311
314
386
339
312
309
320
304
299
290
325
332
404
305
343
320
353
310
327
310
302
310
332
335
345
292
318
311
302
343
303
299
325
333
310
313
382
368
322
305
301
305
304
295
309
317
302
311
313
320
316
331
323
318
325
314
310
308
291
306
327
290
307
283
312
331
328
301
305
298
286
311
287
301
323
295
297
298
285
337
300
326
308
329
378
335
289
313
316
343
360
347
294
317
308
296
292
315
304
347
308
400
321
316
329
339
303
296
415
330
309
311
2556
332
335
5116
496
342
300
309
318
338
307
320
365
350
429
312
429
1161
324
1257
316
696
288
334
325
351
315
306
350
294
316
306
313
322
80283
343
334
298
305
319
360
64708
37140
328
353
303
308
330
387
326
375
298
282
327
321
338
335
371
303
315
379
375
312
321
328
370
293
316
300
340
327
342
316
357
350
303
316
308
333
321
338
355
356
342
323
370
297
356
347
291
393
365
805308
344
331
331
341
349
429
429
359
1840416
2582034
338
347
354
471
322
309
300
294
298
352
341
330
335
350
342
337
357
326
292
355
324
327
538
446
336
368
289
291
310
347
333
342
307
293
360
340
330
315
297
319
302
307
330
312
349
367
307
24463
3957
1060
296
343
327
9942
10781
21923
23013
22045
633
308
301
282
357
330
318
347
341
366
332
346
317
320
360
322
338
340
323
313
366
337
299
306
110
340
301
329
326
325
331
347
307
321
321
322
332
4754
302
326
316
353
354
283
326
326
300
325
307
333
297
314
305
315
356
333
342
429
2288
306
341
523
486
429
340
2432
2630
501
320
959
64571908
346
457
521
322
488
357
461
348
308
346
361
81475
80439
80468
67427
486
306
368
338
429
429
429
329
323
461
346
342
429
429
318
300
328
313
1207
329
303
378
429
429
14087797
429
429
27380
428
344
318
320
331
325
294
312
351
514
304
326
429
1198
886
320
429
344
409
334
499
348
572
484
368
362
337
329
327
346
332
484
316
325
494
474
348
533189
534629
328
333
658
345
321
429
361
451
450
347
360
335
6078
429
337
489
328
320
429
533
321
772
497
459
429
429
429
7970
303
1241
315
2152
429
429
341
504
472
821
472
181
348
123614
124437
124034
124845
124114
124873
123898
124066
50513
49596
429
429
2808
2954
307
499
5620
306
497
743
3805
1520
354
336
316
318
336
322
329
328
364
358
293
325
429
338
318
2581
480
503
337
353
343
317
292
329
346
358
368
2262
1674
348
325
328
341
331
356
309
531
501
359
328
4975
325
295
1014
322
160
767
3649
172209
312
189
307
369
328
7924
333
344
494
410
484
347
429
429
330
380
341
326
429
303
334
326
320
1484
310
366
334
331
369
499
429
429
408
287
295
443
370
511
363
551
461
6150
848
314
530
474
429
335
347
313
335
516
481
2891
360
478
606
429
429
356
429
307
374
324
159
353
354
341
536
342
478
287
324
302
358
339
307
114102
115080
307
357
335
347
293
295
311
337
307
468
617
309
328
329
297
353
500
576
330
340
354
488
573
343
325
346
493
334
313
335
356
322
322
381
524
322
363
336
294
368
344
339
462
515
497
347
335
348
475
1411
362
340
429
351
335
541
409
11220
321
352
305
322
322
304
1253
346
345
489
356
315
303
480
344
2286
313
332
154
348
297
313
350
368
502
470
511
301
334
481
446
318
429
328
429
429
1487
429
361
383
429
401
330
344
332
305
307
296
311
326
429
429
493
286
300
319
282
305
325
331
339
392
452
298
347
325
49399
49807
341
42114
312
6085
6173
494
545
625
140611
318
342
373
429
429
225410
211012
211382
113106
112620
352
8960
314
315
386
313
303
347
352
2757
367
375
310
316
313
331
349
352
348
494
312
335
356
291
331
306
288
381
335
346
859
335
315
314
335
351
331
329
343
331
329
508
548
383
312
350
342
356
707
4600
1377
363
4683
875
368
315
344
353
778
341
459
315
314
331
338
358
320
334
315
298
311
323
313
309
372
375
742
547
326
519
516
338
333
429
323
321
372
336
347
343
389
799
323
349
368
303
329
308
429
341
918
1106
352
697
429
429
429
361
6078
349
340
446
398
492
1724
2031
428
622
428
494
429
295
307
406
3609
515
336
340
552
1065
326
334
318
306
324
355
332
328
429
429
290
429
429
472
429
443
492
347
343
346
339
337
511
2315
158
552
1238
5485
338
329
356
314
1228
320
315
368
466
352
337
343
338
336
331
342
325
342
352
482
348
321
351
314
429
628
323
334
353
335
332
321
313
351
368
429
326
511
358
500
429
429
311
330
341
322
306
305
339
293
503
351
316
313
294
469
486
325
315
428
345
347
359
317
3937
2892
339
471
429
479
327
349
497
429
429
352
21112
482
294
488
1662
319
370
336
539
520
342
311
327
337
310
330
105
3
476
573
429
429
429
2720
429
429
337
1076
1368
516
348
558
359
465
330
330
466
328
472
453
331
330
350
360
352
319
322
312
321
292
472
1650
2312
1037
508
3246
429
429
2257
340
475
2038
555
317
292
429
321
332
485
309
3587
512
468
328
429
225
767
367
356
327
343
303
343
370
321
315
347
362
313
343
317
293
325
373
326
351
354
299
319
1990553
288
489
325
355
501
359
302
339
311
429
429
317
332
302
609
305
358
338
294
429
325
332
343
362
324
370
382
313
340
291
301
59922
62086
302
333
483
349
349
320
325
1875426
449
2444
1949
322
15530
429
500
524
465
476
458
4637
131561
130906
302
486
525
483
533
315
497
446
334
647
337
346
306
509
320
343
331
322
354
323
310
284
672
345
323
24235764
367
344
351
338
326
334
330
324
359
377
1680
339
299
348
333
250
2880186
313
356
366
310
350
23668004
429
1819
317
480
504
776
332
3079
7163416
1139298
338
319
361
429
372
333
873
613
753
2885
335
2554
338
333
169
326
351
306
80
338
336
296
347
296
342
371
294
354
350
362
306
311
1199204
1155583
342
1153476
1151659
350
377
335
363
351
18031
318
329
321
7377
343
4056
6652
330
933
378
300
354
312
328
323
325
352
8310
679
4388
302
358
336
352
315
332
347
352
307
335
337
340
350
365
429
429
305
429
350
288
320
338
354
331
314
320
319
311
301
298
287
309458
322
322
308
324
296
309
338
324
331
316
324
333
73580
309
330
304
299
319
337
291
326
3481
429
311
341
332
302
338
310
6012
429
337
306
312
429
331
37662360
319
2034
348
332
338
1949
124
309
299618
344
313
1896
1918
1058783
344
299
338
345
313
327
1966
343
912
356
322
429
429
476
476
1335
518
319
328
344
304
324
525
479
340
345
334
587
379
307
575
368
447
842
286
331
292
410
329
306
339
864
388
3826576
327
327
366
297
287
341
320
350
13
683
530
321
304
364
325
345
319
477
394
365
349
386
369
322
342
300
288
429
311
445
429
429
437
359
62
429
336
429
474
530
338
332
326
337
372
398
1299
350
393
317
113879912
360
331
575
329
335
392
889
321
332
994
8629
945
480
3423
450
349
292
312
318
477
350
742
461
338
341
327
380
429
429
467
476
1325866
1326345
1326574
329
1339337
1339913
1340236
291
1300620
1299962
1217200
1092931
1092367
1085607
328
327
499
323
57
433
505
429
296
429
317
353
429
429
429
343
307
429
779
429
455
503
513
319
358
340
3450
393
319
302
326
333
336
320
429
359
479
429
474
410
457
719
492
487
722
1439
328
349
433
333
347
294
559
519
299
429
373
303
479
306
527
358
429
429
212
602
476
332
505
386
316
21866
2532
538
468
442
327
310
480
38670220
285
1170
429
429
334
321
364
467
520
321
459
346
6070
327
288
352
322
2449
290
374
350
456
477
334
325
359
311
429
429
304
313
4172
3318
372
481
505
299
472
341
318
348
87633
532
344
4350
5769
297
469
505
534
554
462
500
346
460
508
321
465
301
461
428
305
467
336
521
494
456
507
441
429
9290
429
429
510
2959
527
539
305
324
340
359
307
335
448
326
299
350
324
301
306
291
429
334
315
316
317
316
322
348
324
304
358
323
343
377
323
339
477
518
346
330
325
429
329
2316
470
361
453
450
331
517
429
429
110
480
493
429
429
429
429
429
6004
289
519
324
484
472
319
1512
346
317
278
344
2587
474
301
309
333
354
331
315
340
321
353
337
334
623
3769
3061
337
584
331
377
347
515
502
473
2520
526
460
429
337
343
338
69
930
546
340
351
670
532
375
373
291
501
329
429
309
4043
457
410
286
345
363
317
335
332
372
311
311
393
429
429
361
342
476
476
429
351
307
371
302
290
321
325
315
340
327
323
318
345
319
314
293
354
312
314
295
485
332
323
305
352
337
313
286
338
347
1668
2106
502
376
282
358
311
391
327
358
327
316
802
429
465
381
313
377
318
588
301
310
429
332
312
360
429
351
501
361
345
333
329
330
350
334
1392
339
309
316
302
325
530
306
316
339
342
361
317
335
327
359
322
335
528
331
641
298
346
444
491
306
353
558
561
514
94
373
363
361
358
225
341
372
352
365
383
784
332
294
325
340
338
316
368
312
372
383
334
348
337
328
312
340
337
307
311
332
308
355
1992
313
325
368
673
367
343
300
315
358
613
323
340
337
327
378
348
942
345
300
317
340
450
307
328
359
429
429
664
318
333
549
429
429
473
2669
314
429
429
352
310
886
324
315
347
336
345
315
320
351
331
329
303
323
317
52711
52963
53702
328
1821167
1822047
1820973
299
335
336
320
341
484
541
311
382
331
350
957715
957500
956633
461
496
337
371
356
429
296
343
310
330
286
866
333
115983544
115984312
333
340
338
332
365
331
309
355
350
311
295
438
336
481
1700
1848
331
216
470
351
530
478
324
429
332
310
531
472
5483
226
348
490
542
353
438
534
349
323
1381
429
6076
325
354
495
533
8716
449
1591
322
481
300
349
510
468
509
335
1362
327
329
581
320
323
904
352
429
496
542
490
50881211
356
342
307
359
305
342
345
323
595
357
461
459
333
356
323
429
429
350
2729
2481
524
314
307
339
364
376
756
318
285
310
491
502
373344
372637
320
1407714
340
324
364
346
344
341
311
429
429
2829
318
332
326
306
336
321
339
328
349
3848
314
306
299
325
348
331
349
339
314
970
358
284
333
535
326
340
340
336
429
429
342
367
470
345
617
335
367
316
331
345
358
338
345
288
365
371
343
377
318
332
429
297
348
318
363
429
362
304
320
334
341
363
298
354
298
378
476
294
311
324
315
443
286
429
429
351
337
344
508
333
368
315
363
336
349
331
299
329
335
321
382
348
298
444
344
364
297
317
286
318
325
500
429
368
333
521
5625
5020
33343494
307
481
3120
289
346
380
314
336
506
345
288
354
340
316
295
504
429
448
54666580
429
429
429
324
338
207
341
338
315
50
342
338
343
351
429
429
429
429
429
429
429
429
429
429
429
429
429
429
429
331
347
344
343
334
332
611
326
1255
812
314
311
322
352
286
331
429
429
1435
2032
5
606
1334
351
504
4111
472
492
395
328
2256
322
450
327
429
429
320
445
693
325
429
351
6156
5307
330
323
329
346
322
303
1367
335
369
311
315
339
356
329
334
334
281
98572
101220
343
317
87856
39051
342
312
341
356
336
328
49505
357
60219
402
81275
347
365
329
314
58728
369
366
5506
290
316
325
46626
340
337
385
325
339
1011
9280
344
386
359
115532
141842
215928
33892
313
429
429
429
429
299
313
305
348
319
429
348
286
337
327
302
330
309
367
151
339
311
348
336
299
321
350
357
429
429
482
2228
5030
2073
405
364
466
42447
38500
39351
344
4070
3297
465
514
460
366
338
530
457
341
2812
429
174
374
2457
57216480
447
350
350
329
1393
429
464
21859
4857
5359
429
479
331
316
356
390
304
429
446
466
457
11679
499
438
494
356
459
347
327
315
543
461
329
330
289
329
304
613
478
1962755
1977544
324
429
775
512
360
335
916
344
22711
21760
22641
319
364
356
548
331
354
491
442
327
318
354
314
355
2733
322
344
355
326
326
324
621
43365
429
429
335
5587
410
328
499
482
305
153
328
352
1343
314
314
346
688
289
387
320
338
334
324
345
297
315
470
317
318
331
1145
429
510
341
317
313
348
331
329
322
326
303
326
2673
429
500
320
338
367
324
327
333
333
336
320
699
437
585
429
4247
523
351
612
398
4011
467
483
480
332
1726
491
359
429
1448
345
429
366
368
351
429
429
502
393
331
347
479
300
396
1181
708
339
344
348
300
334
297
519
495
114232
21492
1792
4183
486
429
429
479
497
410
559
520
7900
457
343
543
506
357
300
351
2803
356
341
316
500
453
367
301
429
125
510
340
429
535
429
429
429
429
301
3049
306
347
513
354
410
796
322
330
328
339
340
562
494
525
314
322
501
367
307
325
349
312
345
429
429
310
299
360
326
637
324
516
351
315
320
337
321
2038
583
473
347
347
336
351
79551
493
2014
4272
298
5219470
335
568
460
456
489
3230
335
53
319
312
488
529
454
491
613
5767
336
478
378
778
500
1691
2991
2268
657
310
451
357
327
1101
324
306
290
309
334
351
334
381
127105
283
325
321
481
344
345
355
343
504
375
328
323
515
1260
336
318
327
343
348
387
332
308
347
378
479
350
39322
350
351
302
352
322
339
718
349
360
429
304
965
302
323
311
283
345
343
322
287
327
299
310
320
352
4730
353
220
2229
704
327
357
45
323
305
366
354
339
364
357
340
344
306
322
313
310
312
324
336
321
6145
173472
172705
444
510
287
465
301
304
363
403
308
336
368
343
548
349
298
1270
343
568
319
348
313
332
354
332
326
373
576
366
353
1223
1540
336
345
286
291
325
329
308
355
387
381
491
313
296
367
300
377
400
331
323
337
313
756
286
324
328
295
338
368
714
336
337
335
365
333
482
315
312
337
8677
292
292
328
384
352
316
319
303
363
429
429
347
429
322
429
429
342
355
308
266245
5636846
5636666
5636070
5617854
356
649
357
327
489
362
343
429
429
331
771
312
1362
327
3468
337
3124
370
324
363
335
350
337
539
351
409
349
345
350
323
309
318
367
336
358
352
353
313
336
552
333
534096
531621
530656
342
24574
307
343
352
451
490
325
496
23348
468
661
299
508
429
429
343
8449
337
348
435
6557
340
455
93690
94322
429
490
6143
332
6167
324
410
979
14230210
1770
331
345
3160
2254
1574
316
344
315
522
464
397
335
410
340
449
7409
500
328
429
429
467
494
528
4445
5079
3441
2723
470
555
6476
8179
559
488
429
523
4162
517
460
511
300
327
352
297
1948
314
329
331
331
334
356
357
351
341
338
340
1166
298
361
311
345
1356
320
323
316
300
1549
338
299
322
344
304
368
311
492
331
409
336
6926
711
510
429
565
465
410
321
6285
2235
2265
306
429
303
491
280
4785
226
31
331
373
367
330
279
345
6566
560467
344
333
154
9133
5449
7052
535481
261
552745
350
131
340
334
1987
433
148
2062
303
1789
259
332
1230
834
36
29232
339
96
345
345
297
331
368
331
536285
527655
319
362
319
327
337
335
319
560
359
327
303
319
298
333
316
329
320
325
337
395
318
316
335
368
342
314
330
335
352
359
319
319
330
339
323394
323
345
298
313
309
308
321
344
340
429
295
268
345
332
348
353
357
1125
339
403
35
346
333
667
363
326
361
360
329
313
349
344
429
333
1770517
324
326
321
565081
312
306
366
342
1953
429
429
429
429
520
295
429
429
334
307
317
319
305
496
515
458
9249
1062
6050
294
440
1713
1566
459
3123
510
3042
537
709
348
546
344
339
481
20121
988
320
351
530
429
472
293
462
48091556
478
117325
94661
459
162885
108729
18443
19457
19478
18463
429
429
322
305
340
381
308
328
318
410
476
565
294
5650
480
429
429
7941
3562
510
6097
429
343
317
291
429
1542
327
343
315
429
331
367
336
464
6095
429
314
511
471
484
509
348
2114
530
3574
483
333
314
355
329
327
347
323
307
480
469
448
477
478
429
483
498
286
3632
318
6083
9075
2511
545
429
2443
2684
459
11176
481
505
429
500
495
6155
1925
4329
2199
459
429
429
280
429
429
330
429
5999
352
349
357
480
429
429
499
330
2423
364
486
470
336
468
2683
736
494
357
410
2827
1987
2612
341
321
3941
9300
2817
533
429
284
349
429
429
479
331
312
492
358
556968
504
349
640
560
310
330
6029
503
320
320
429
328
520
439
298
330
10181
11221
429
563
339
487
503
45883764
45884692
45884536
45883872
45882900
297
429
429
429
465
454
7749
299
362
330
324
1666
492
315
319
429
429
355
331
362
338
306
347
634
326
320
3008
484
481
353
328
2307
452
492
659
482
459
2662
2871
296
290
480
331
4466
283
347
333
348
475
562
347
346
311
549
514
322
521
449
308
474
121110
121036
121057
224059
223989
223255
240500
102378
118479
119393
3461
1704
337
2560
354
300
320
376
533
506
512
317
462
529
382
429
429
337
360
339
289
348
335
1645
331
298
325
429
729
429
480
300
472
305
324
342
301
80361
81360
304
475
527
5962
439
437
334
8107
7533
6690
7033
2491
429
344
488
6024
5793
6221
90
429
429
344
504
429
309
354
2489
5015
4326
8537
462
319
2871
429
429
1827
429
309
428
496
520
340
281
518685
519390
429
429
334
340
429
485
312
347
488
595
1523
319
429
304
489
527
455
1825875
337
347
340
505
314
1062
323
346
448
494
323
285
327
324
312
310
312
333
327
514
341
327
320
779
2110250
2111049
322
444313
443785
304
298
465
586
357
462
330
360
573
886
2273
542
852
295
1831
307
1184
480
429
429
487
293
335
752
298
512
302
330
497
633
341
471
338
307
316
379
353
429
381
317
328
480
330
374
337
295
331
429
429
320
350
370
340
311
341
325
331
327
680
298
324
317
323
320
1355386
1352982
336
361
327
367
1315659
1316328
342
340
319
342
386
360
316
314
536
542
331
284
313
283
314
350
301
355
299
327
327
360
441
91405
90516
91298
90490
90419
91279
84317
84184
91675
92517
91593
306
18147
348
332
313
299
309
364
318
554
320
342
348
324
337
2510
351
622
348
506
321
336
350
335
323
371
345
394
336
354
349
351
338
375
311
333
342
355
347
394
650
340
3202
351
395
515
332
324
371
324
439
344
343
324
317
345
337
484
303
362
293
429
429
494
319
334
356
435
319
410
338
469
557
318
293
429
473
381
380
502
349
335
348
496
429
6291
538
503
304
355
808
348
357
429
324
313
112815
113684
1549
1544
541
466
324
13591891
13538807
13536204
13476612
2312
7915666
464
490
429
429
341
473
2285
484
2916
461
518
2272
504
351
344
334
5235
470
2268
551
78
429
372
497
332
331
1468
429
475
320
244
56
826
557
488
315
540
429
429
342
302
289
463
605
311
337
332
382
341
429
429
1789
349
334
410
296
344
46901
46078
353
333
486
594
341
429
429
318
2968
2719
349
102513608
102510496
429
648
1265
565
353
305
298
302
347
335
368
1830
1755
488
20581
303
5232
368
329
298
312
298
313
331
305
339
324
290
1058
2217
303
353
295
59483
417
198442
409
417
422
117876
315
322
357
329
124264
49839
74277
336
106750
313
333
429
338
308
307
334
316
304
237
54183
314
429
305
317
319
328
50256
321
316
429
359
322
348
312
164444
429
4093
10804
9335
171019
213708
317
82904
385
61794
141042
140279
163280
20426
319
326
348
306
302
340
329
296
282
5103
5174
787
6666
429
410
486
519
764
332
291
493
457
481
361
309
333
429
301
359
309
429
299
444
356
480
14883
10326
358
6159
339
621
526
352
3700
429
429
463
381
521
303
323
2936
337368
494
360
464
347
328
291
490
484
429
502
307
326
338
363
527
369
329
3052
329
304
342
363
305
672
475
464
321
429
429
289
494
349
309
333
530
489
308
286
297
429
312
464
355
492
2149
520
365
363
474
429
306
334
281
321
295
298
389
468
464
461
518
485
515
479
458
533
181
429
524
5562
363
476
429
311
463
493
644
330
326
503
359
494
475
496
480
178
1237
2416
349
515
429
4777104
455
843
508
476
429
429
284
484
464
342
5488
4503489
4504255
6067
429
488
441
451
1719
357
353
6115
357
463
440
490
310
331
429
464
429
477
514
429
429
475
78246
77293
310
446
466
307
583
360
344
306
429
443
3707
2565
799
345
4727
308
317
492
30743896
486
327
518
1193
2079
316
27908998
331
516
492
305
471
330
959
3498
10206
429
310
429
429
458
345
328
324
371
481
339
329
321
303
313
328
1066
393
1857
329
309
346
367
305
360
319
429
359
335
316
349
366
334
354
5531
329
398
282
312
1718
328
7091
6179
1360
295
340
512
352
301
337
311
310
332
483
364
1098
379
345
343
294
343
314
290
315
323
344
328
301
313
4212
334
566849
567701
351
429
479
301
338
322
352
517
442
324
1669
383
146
487
357
331
524
538
461
336
346
5977
456
288
1119
77
301
314
349
340
327
336
314
445
20150
327
331
2889
338
332
338
3979
13199463
6057
340
366
287
330
332
6804
7598
2217
1093
824
333
6094
347
333
332
331
324
429
354
1754
429
306
483
353
693
306
429
296
460
428
7903
8709
480
429
355
285
504
475
328
3765
307
372
326
297
335
4149
350
530
448
322
508
479
340
349
523
328
769
512
330
7922038
316
324
322
343
291
507
372
300
354
313
335
351
326
330
459
494
329
359
409
359
294
320
551
349
2008416
353
340
317
356
311
331
291
305
341
324
2658
369
287
329
300
329
323
356
1420232
339
374
337
1406
345
312
324
371
359
339
353
4387
138806
138192
351
4868
312
319
341
349
976
329
310
328
306
323
308
332
313
316
334
339
325
325
324
372
304
298
283
326
342
299
357
325
346
313
314
325
353
305
328
345
302
345
327
320
305
1467
469
610
338
326
321
360
506
326
487
299
335
342
323
352
350
337
1158
23612
506
590
345
348
376
497
341
318
1988
547
332
533
313
524
333
439
307
351
323
319
317
887
329
481
492
337
470
500
516
478
484
871
312
300
682102
362
353
470
463
202
558
343
293
280
316
360
319
314
30657
30154
429
429
489
321
319
307
329
1025
363
296
305
4537
494
346
334
469
356
300
327
343
806
308
476
465
319
1125
948
6106
323
333
345
469
543
306
287
329
326
309
352
3433
490
494
429
412
483
2713
337
429
6094
455
289
487
429
331
325
297
310
22500
171
333
342
309
429
429
333
321
308
77
487
365
105
73
322
334
314
58
2645
338
133692
132929
155147
528
5722
54076
54945
1794
9236
113895800
338
330
472
357
311
299
316
330
333
323
331
1109
351
496
353
303
340
1239
1523
74539
75494
85110
1888
8656
429
96979
96087
94659
3012
298
332
330
313
319
327
293
324
338
32891
318
298
319
1191
6543
303
492
429
55990
55872
56758
116249
116238
58194
87984
86888
87826
43818
43798
87680
87829
103928
104009
106695
44079
87798
50615
50457
86038
72283
45643
46575
45393
44157
831
8732
7774
62606
62683
61211
61299
35877
62071
61422
60443
34510
61333
34490
35689
36259
35194
36060
62211
35203
36042
35087
60080
60088
59378
58956
42767
429
43612
42150
429
59438
58604
59557
58634
429
429
59549
59448
429
429
499
1380
26265
24180
24985
26412
26027
25243
25979
26933
6102
25265
25292
16047
16271
2696
429
563
1253
693
96022
510
478
1104
1974
429
929
310
334
355
2695
436
320
169
338
586
2566
355
295
316
359
355
1174
330
348
349
308
362
332
293
325
3335
323
11317
333
339
323
326
337
342
320
305
371
318
361
345
340
324
285
317
312
324
341
484
448
1366
364
302
314
322
493
327
326
294
560
309
538
354
620
471
347
310
322
314
300
338
344
505
489
354
333
319
337
307
316
362
304
319
347
336
293
315
315
326
324
357
410
284
336
331
474
551
300
289
318
525
347
478
429
429
428
404
581
479
429
429
440
665
510
518
699
6090
48763200
48763476
354
319
39687
1441
38039
339
308
329
1291
3524
3756
465
439
429
5020
10498
4605
84988984
345
2639
330
2901933
2900997
2901789
2892122
2892907
2898716
22816
344
330
2754528
2754364
2753493
2905123
2901179
2865898
2860598
2665539
2665262
320
2800655
299
323
338
297
379
304
292
348
300
307
316
348
3434
1158270
372
320
329
343
1166317
326
288
323
493
314
346
314
898
376
336
338
356
317
429
328
323
298
429
429
429
326
450
449
2050
539
429
429
429
816
453
475
389
323
322
367
296
6043
429
292
494
318
300
3592
328
353
503
353
334
546
289
1165
504
3338
319
459
19040
437
372
2088
1147
429
429
4719
429
362
429
185
497
304
305
343
429
403131
402587
6081
491
492
326
2046
6184
315
343
343
535
324
363
320
339
331
477
429
307
317
100
436
327
452
429
297
473
513
476
455
4855
934449
338
408
531
1004
504
943
367
1776
508
466
303
484
351
856
4254
429
508
348
292
25435
506
389
340
3018
2966
953
300
484
344
429
429
450
377
338
318
312
2265
328
327
1072
346
322
366
326
445
356
320
406
341
478
360
429
336
341
367
353
303
339
307
527
302
1139755
1140049
291
465
492
358
429
286
319
244
339
485
494
608
469
496
786
4798
1965
442
301
313
429
429
509
353
488
325
2643
4341
333
350
429
429
458
340
494
503
316
343
1002
141
39
299
466
336
6097
501
1635
799
1024
349
306
504
331
333
340
295
306
497
483
1296
335
351
519
401
1991160
1991611
311
4573
295
460
483
1446
410
320
325
318
1042
486
480
455
322
2157
2350
943
309
326
335
338
335
661
57752
331
333
342
308
393
417
4437
319
336
331
340
339
308
338
308
2245
326
319
3847
3211
336
313
294
316
319
333
81
571
704
973
448
316
370
337
336
186
368
429
362
396
428
344
820
324
1904763
333
331
304
337
362
486
382
360
373
2442
308
318
293
335
398
344
40108
151995
153022
315
342
332
343
336
327
334
534
350
307
300
341
1705
1369
469
357
347
7527
294
355
371
4954
356
429
429
322
366
103
1233
379
318
324
488
224707
211833
199467
180207
164681
60639
157782
158745
303
314
338
341
495
367
344
429
347
318
389
354
520
358
373
336
321
292
320
343
318
313
338
339
4021
429
429
499
338
386
1645
313
285
353
330
325
308
350
314
309
311
285
325
300
331
356
512
334
351
407
348
335
342
324
336
329
320
344
366
446
311
338
316
489
537
291
362
362
348
485
523
774
338
376
403
677
361
305
296
314
357
336
325
339
304
319
334
330
343
319
352
326
706
460
763
306
361
333
288
333
312
300
333
352
747
296
339
324
365
305
626
813
324
350
474
905
311
345
334
1301
329
524
333
292
347
335
327
320
329
298
300
341
334
383
345
563
368
401
375
496
344
336
333
328
286
340
331
336
429
429
316
313
296
335
692
1697
2652
340
333
329
401
573
316
586
302
344
363
624
376
336
7557
429
326
302
352
315
429
354
365
333
294
314
336
343
374
309
334
353
369
299
337
330
303
308
334
146847
288
325
304
372
344
366
344
325
311
305
326
317
331
344
330
352
347
746684
746076
1683388
369
339
331
282
327
349
343
332
357
381
314
346
332
309
652
917265
381
323
371
350
315
333
320
4890
328
305
330
331
345
389
288
316
313
355
357
429
429
454
485
429
401
429
429
1383
1920
7297
437
484
474
459
2664
323
436
332
429
498
310
362
2328
311
538
378
351
323
320
1993
459
319
363
363
364
343
321
355
338
21579
22225
315
517
500
453
512
291
330
308
8552
3539
429
310
344
317
309
515
314
536
459
883
484
468
524
429
112609
112669
101788
102636
102904
3062854
3043800
3044360
322
513
447
516
1503
456
307
518
441
2997
300
307
300
410
304
312
22739994
22739662
360
521
484
303
353
429
429
20410046
20410060
20409248
357
332
429
339
531
1444
317
508
16982
16044
15231
19603
429
469
303
11587591
328
289
354
470
330
463
473
510
458
306
782
471
463
312
325
332
492
487
1460
315
363
363
472
361
339
354
366
314
350
313
55417704
338
475
325
313
345
326
364
559
48641
310
181
5165
400
333
337
466
484
497
196
662
969
878
2366
336
368
389
10059772
6773511
309
462
330
467
7037517
373
348
351
2513
2693
343
484
361
453
6670767
303
6063
8021
7111853
6967103
1550
6900005
6170962
372
492
429
429
306
355
3743
5449
327
349
487
429
322
306
332
369
322
292
347
310
345
331
325
535
345
312
342
351
302
339
329
355
311
343
325
350
317
366
309
3127
349
344
384
312
340
332
492
429
328
338
12764
331
297
3774269
321
293
301
363
320
297
322
322
333
332
320
301
302
318
311
328
304
315
332
325
303
312
320
291
311
330
305
304
301
314
332
314
308
328
140575
359
130868
2532
429
1273955
2776
429
1290601
1382996
1382562
334
329
317
299
427810
361
298
377
294
4320
417439
418168
419044
418143
1279
320
340
331
355
348
317
349
351
83558
332
348
314
1763
369
335
6001
343
344
32995
429
342
343
429
324
322
325
1529
334
319
363
2022
306
296
283
4672
461
381
309
336
316
324
309
206
334
3573
333
339
38258656
429
429
302359
324
342
4125943
4126665
429
85525
349497
315
326
359
429
289
429
429
336
498
305
429
2277
321
696
328
292
689657
689450
688752
689522
688642
524
337
341
352
374
338
375
368
372
347
371
325
324
328
324
9694689
9691436
335
379
357
328
358
351
355
6386781
429
7238291
294
356
350
303
335
429
429
5783230
5731092
318
5538003
5537450
5509668
5475299
5438152
5428448
5384444
1776
5303480
5300452
5294362
35073972
35074368
8598
9160
500
358
354
342
339
513
429
429
429
429
470
429
429
429
429
429
429
429
429
30282338
30282938
296
350
312
285
329
536
461
333
330
323
371
333
380
293
356
368
322
1082
323
322
319
352
338
334
364
334
356
332
362
327
318
319
321
481
342
352
337
370
288
374
571
338
1227
337
323
304
334
354
316
344
336
302
317
2816
362
330
340
356
300
325
318
340
290
342
429
314
327
325
318
320
311
332
338
343
321
312
329
345
349
163611
498033
114890
499962
316
25680146
25535356
450
306
321
354
317
359
492
322
495
1006
760
444
472
428
296
347
495
503
2268
1546
495
429
410
518
479
2208
32834926
517
25849
333
346
429
376
730
464
498
480
429
429
435
6157
492
3312
463
243926
450
339
286
334
353
344
339
307
335
335
353
329
355
355
320
302
319
390
326
325
338
293
347
334
344
329
359
341
372
332
336
347
333
345
364
356
324
310
335
317
329
323
13181
329
328
316
2825
429
2262
2600
429
2227
1406
429
2207
2287
1509
429
429
973
301
429
315
429
429
429
429
429
429
429
469
429
429
867
3121
429
429
429
8837
800
334
1057
289
332
293
323
327
323
317
315
2589
360
1176
329
341
339
524
367
337
315
309
325
336
344
338
495
468
311
749
341
291
509
302
474
353
476
515
478
303
502
484
342
372
366
355
340
578
714
456
138
355
319
208
349
455
346
324
335
309
429
608
511
436
502
410
335
481
329
332
306
300
335
482
280
429
6071
3161
357
485
512
501
476
483
500
3557
8683
410
463
370
42
292
45405
445
4970
374
493
494
429
429
519
491
5609
549
333
304
429
298
315
290
483
366
316
337
324
335
456
332
350
339
314
330
319
295
340
332
334
327
333
310
2526
293
348
338
342
324
491
562
542
13314
428
517
429
361
289
313
429
434
493
515
355
295
290
306
333
325
293
320
370
329
825
352
329
318
314
468
336
305
509
299
340
293
334
332
351
327
349
351
6731
8563
1105
313
361
361
962
342
363
322
307
355
331
356
338
470
507
429
429
25481
26385
429
429
429
429
429
429
33578
31481
32358
15115
5303
429
429
429
429
138502
429
429
36857
35978
18870
16523
18887
429
36107
56953
56948
36781
429
19449
18694
18572
19181
20025
19123
1483
10866
10913
10074
20702
10985
9757
10629
1662
489
316
327
321
641
321
35
331
334
473
3486
318
429
374
361
323
311
371
347
344
353
286
333
319
395
288
306
4234793
4199600
4089738
2139
4050372
4050062
4025752
352
351
1641
4014741
3846089
3613272
384
350
321
338
383
530
295
1675
350
360
401
346
345
470
429
429
346
429
429
294
952
2631
327
328
497
324
326
333
345
5643
185097
178895
367
372
521
325
356
333
2540
1278
347
335
316
327
336
324
487
444
496
599
545
340
349
334
312
327
372
1462
1110
332
331
1697
446
318
834
318
369
338
429
340
453
481
658
372
322
307
324
364
395
339
319
382
343
333
334
349
383
335
322
301
403
347
303
340
336
332
466
324
330
314
325
335
333
320
324
323
361
345
333
315
317
346
335
303
381
309
672
358
336
347
347
346
293
316
353
347
344
310
324
310
309
988
304
336
374
331
317
285
326
1005
319
347
6482
344
321
323
327
333
378
531
465
333
290
323
358
330
387
373
388
353
362
305
326
369
352
330
338
334
306
461
331
341
330
29643
30275
329
299
333
816
323
5299
331
329
288
490
345
347
344
5036
328
322
330
352
306
355
329
302
393
288
343
325
307
3811
390
303
330
353
332
336
374
329
544
353
1346
349
330
530
326
349
382
300
318
338
300
357
355
332
1280
337
316
322
322
346
331
309
306
311
550
366
361
324
330
342
342
868
327
340
679
5416
334
335
327
336
4787
497
2109
481
443
461
678
466
492
428
359
304
343
317
362
350
337
358
538
472
506
3756
345
444
327
3181
326
429
297
348
1681
370
316
347
104220
366
380
505
429
429
429
429
320
320
429
489
513
6253
12637
482
466
326
357
976
302
1496
1356
1021
315
358
462
344
321
316
1148
310
429
326
348
429
429
310
350
338
291
313
287
304
99367
99993
385
663
476
4731
291
26989702
491
479
3982
344
342
662
518
320
507
460
491
324
336
429
359
320
333
321
319
354
811
332
429
310
348
499
315
336
1609
500
482
484
311
289
355
303
429
469
1022
429
320
327
359
429
2606
429
429
325
333
339
318
305
477
465
329
362
344
340
376
346
312
4038
358
302
306
313
316
325
312
288
377
1040
2693
344
357
334
351
325
320
330
337
364
336
330
479
351
338
325
338
300
298
344
361
295
317
294
325
340
353
352
336
349
374
326
362
354
375
338
342
357
366
320
333
346
332
344
320
373
342
335
334
344
327
364
366
346
372
327
319
355
3397
337
357
317
348
318
360
324
372
331
340
332
333
345
343
497
380
356
320
333
335
345
366
315
429
304
350
623
5607
429
482
340
312
463
506
429
429
429
437
514
364
322
702
498
465
364
307
322
348
336
498
429
293
357
334
346
320
429
1353
8832
4404
311
492
370
330
7924
450
513
357
331
429
351
429
429
515
308
72022328
72021424
313
350
2130
377
429
519
478
429
313
351
327
322
353
345
320
494
550
508
475
336
305
342
336
345
291
336
466
6110
295
377
354
321
336
317
501
465
334
357
521
106813
107660
446
291
311
347
349
307
344
322
320
342
2907
544
355
330
340
326
8264
8279
467
325
313
290
322
378
333
429
6246
296
497
474
366
289
428
492
535
484
457
458
429
324
319
321
349
318
283
368
343
328
521
429
489
340
348
516
478
325
294
324
524
311
339
338
326
335
556
468
319
323
316
318
338
358
283
312
5786
160507
160056
305
114
292
349
311
429
390
309
288
339
490
559
498
495
501
812
428
540
462
452
490
494
487
497
301
298
409
485
488
468
514
322
338
367
449
2599
586
64
429
429
345
483
515
6702
451
379
473
541
319
302
299
302
347
555
320
474
530
6047
486
410
309
331
6145
343
429
4101
368
326
429
429
307
840
507
3
445
232
12226
12536
326
317
568
351
321
3954056
3953199
429
337
6163
341
310
340
354
314
362
314
360
1756
309
449
484
1009
505
327
327
324
258
350
360
549
492
429
429
429
485
331
320
323
337
329
311
314
333
310
613
483
429
429
302
310
301
352
362
369
356
429
322
351
354
1102
280
322
346
629
314
326
375
366
339
326
335
296
328
366
952
286
326
331
362
354
371
370
361
338
347
325
371
310
355
293
5012
37090
38048
37105
37970
520
4077
346
337
320
298
309
371
386
1137
857
326
313
304
305
354
2236
284
520
354
315
315
309
298
682353
681407
314
365
277
1098
1190
544
295
343
304
307
505
332
364
314
350
343
304
476
357
342
321
333
309
297
331
370
363
301
310
429
329
337
318
385
325
324
877
308
342
352
309
338
384
306
326
361
274
375
331
333
345
316
465
409
1533729
429
467
485
489
339
351
313
337
315
307
312
326
357
340
319
325
319
1006
291
459
321
429
11613
11254
8529
863
429
516
557
315
498
464
325
429
463
483
447
321
2886
482
1936
512
439
468
6587
521
340
327
461
307
310
332
302
333
1747
477
456
483
371
296
547
495
482
533
429
429
373
497
1657
308
501
450
482
1353
488
321
880
355
374
334
337
336
297
315
378
321
336
307
368
107736
106857
309
318
324
470
320
314
328
340
348
460
448
292
365
478
314
325
341
3074
352
165
326
2754476
355
2756982
323
2754464
2754680
2331934
429
305
329
429
343
337
2631771
319
429
429
429
314
351
324
330
324
341
320
317
429
363
318
333
322
19640812
19640538
19640144
288
302
349
319
597
350
337
347
344
429
327
363
330
318
1932
19605376
19610896
349
429
1195
345
2220
304
22988534
22984730
22985148
313
27378330
347
429
429
429
22592510
22593388
22590862
22587584
22586930
21564858
22530860
22530608
292
323
440
351
429
429
429
291
317
379
429
337
335
306
341
366
322
339
309
429
338
377
334
331
348
363
1017269
318
308
358
429
311
286
429
429
429
429
429
341
295
371
394
401
324
311
307
317
429
570
351
324
68847312
327
316
316
480
5244
315
531
1184
350
334
335
350
34
347
329
540
505
473
466
3381
339
326
314
357
429
480
456
327
122
429
429
284
341
302
473
369
2519
355
312
295
448
325
314
439
304
18705196
317
347
282
474
2608
305
483
382
319
1953354
1952537
1952285
321
561
224
1141
1000
463
554
71
327
365
603
292
429
461
471
3963
375
180403
363
429
429
1994
302
338
350
485
428
330
354
346
344
335
339
353
346
321
335
540
463
347
410
345
371
317
298
325
298
342
308
333
310
1182
429
429
320
298
287
338
289
475
352
355
343
3186
334
474
495
400
559
471
335
315
335
325
304
372
308
473
316
340
429
429
367
291
2458
1550
481
853
511
343
429
429
429
300
352
366
318
318
347
820
513
1509
363
323
952
314
99
325
347
295
350
410
488
429
509
298
2006
363
312
325
351
337
342
328
3102
305
148
633
513
313
717
100
323
310
315
360
457
338
357
556
318
351
354
306
334
446
6816
331
519
456
53
479
476
1509
1657
351
429
491
301
439
2774
338
345
321
360
337
304
313
332
322
353
336
300
464
328
311
313
316
359
360
348
325
359
314
329
309
341
312
338
320
316
429
319
290
352
355
313
354
429
329
294
361
349
4492
324
360
311
332
333
329
371
346
336
340
1055
754
357
319
340
308
296
330
300
336
353
332
301
360
1965
306
297
327
993
329
350
327
354
317
323
350
317
325
383
1437
362
349
331
429
429
429
429
429
559
466
429
429
429
429
429
429
429
429
429
429
429
618
317
335
311
299
330
311
373
372
303
336
324
349
300
354
348
319
314
307
311
323
302
421
3624
303
327
343
367
332
313
473
330
354
363
487
480
363
344
429
429
429
370
369
1108
354
1189
353
494
371
348
330
296
357
482
429
331
332
338
920
383
314
332
327
318
354
305
369
582
308
322
374
328
372
337
3528
429
360
339
305
1120
332
345
322
370
316
351
368
355
309
361
320
336
308
351
340
481
9929
349
724933
319
308
342
313
333
325
315
294
316
312
322
625
286
356
2431
340
369
337
325
402
312
307
375
370
303
301
334
322
347
350
348
334
1023
304
1014
320
312
328
338
329
388
307
341
332
332
429
429
338
15654
478
378
392
310
319
294
301
298
340
332
325
360
323
301
461
320
349
321
327
329
325
316
339
569
2909
603
357
2145
351
344
333
334
311
300
321
361
329
335
367
350
695
352
346
359
325
380
286
321
553
320
318
312
322
312
345
543
326
325
312
320
319
324
353
1352
313
361
324
324
597
333
549
311
318
895
351
321
299
356
284
291
301
613
298
348
334
330
332
7475
317
973
359
328
321
288
328
429
48338448
332
320
331
338
350
299
318
513
835
570
299
739
326
330
323
339
325
361
338
370
353
296
340
316
313
332
322
315
309
545
336
308
293
324
372
328
367
303
338
306
612
298
339
357
350
316
407
307
323
318
326
337
335
340
341
378
307
322
373
291
296
340
353
361
490
364
331
321
292
332
3161
288
332
335
315
670
301
303
334
300
310
364
2080
319
367
317
298
342
331
329
354
285
719
649
333
326
386
306
321
329
519
469
499
365
345
331
308
3075
336
2327
831
458
342
288
333
1148
326
3870
306
306
323
346
505
337
311
333
364
363
332
297
475
320
358
322
468
319
302
321
366
327
501
344
321
429
365
368
339
322
313
358
323
3181
360
350
338
1022
1087
1436
514
340
358
343
113508
114406
113497
356
297
429
326
321
299
429
332
1195
324
462
320
502
429
429
2193
471
1370
1000
900
429
429
429
429
351
326
325
323727
301
289
320
6084
484
301
960
332
311
507
575
311
479
364
321
334
315
331
303
517
350
323
321
429
1017
429
429
429
321
320
350
315
285
317
322
322
332
326
338
487
320
286
294
111584
309
429
291
346
331
308
490
779
292
489
354
315
310
359
351
245
348
326
321
370
373
345
366
330
716867
1760
355
429
292
1026
583
317
303
429
350
322
378
4358063
4359837
338
322
328
290
335
307
332
367
359
375
343
485
328
342
326
327
315
302
323
342
331
982
1734
1677
331
4177
348
321
284
335
313
307
429
429
289
366
363
328
295
330
330
335
326
343
359
301
370
324
315
349
355
349
340
296
309
394
86886
1337
326
8608
313
357
308
353
336
327
2434
366
316
340
322
2421
324
429
323
685676
685012
351
365
306
2793901
2248
2789601
295
301
314
328
332
358
337
326
345
333
334
311
316
360
334
339
429
36416
36914
343
11806
352
325
315
336
377
330
331
342
332
344
343
342
381
356
329
340
359
378
344
339
328
337
317
340
373
315
310
1756
367
342
333
334
297
337
302
314
315
305
348
356
293
312
324
311
300
300
323
320
309
310
356
332
318
333
301
334
290
354
3215669
529
320
338
505
368
360
505
1645
324
330
353
330
345
338
300
326
332
309
321
336
335
325
350
333
174
467
582
339
323
370
348
316
287
3785
337
290
345
379
341
341
348
339
487
3838400
3838925
324
520
355
428
335
328
311
366
330
318
511
359
350
429
352
639
1210
4092
2622
568
337
328
326
428
538
6055
325
11340
320
522
534
510
429
514
4725
327
562
534
1046
2087
480
74
590
314
176
116
742
429
2189
429
429
429
429
429
429
765
429
1383
1178
372
2545955
667
329
349
466
481
335
127305
313
349
333
389
327
321
313
310
310
321
301
314
316
343
505
526
446
289
779
329
363
318
4183
1785
316
358
410
429
328
345
466
460
370
320
321
306
345
298
493
501
327
429
315
232623
232034
309
503
302
329
371
331
336
334
326
321
2669
300
340
355
302
299
3831
487
473
294
361
1611
1782
318
324
325
320
348
330
349
352
320
511
868
3569
2104
329
559
429
319
492
341
345
360
344
340
320
372
321
291
347
313
502
323
376
307
161319
162004
161288
317
644
480
327
338
557
48764
340
482
342
508
357
308
316
326
475
385
463
348
330
62315
499
310
360
324
2542
6079
3002
301
333
4567737
313
319
3040
3200
2452
341
429
429
349
506
488
343
457
302
805
3565
341
296
346
454
481
1807
5327
1653
336
300
463
353
318
302
343
301
18531
429
429
13220
315877
316850
182397
182543
180635
353
333
323
366
307
336
357
322
333
329
321
327
338
385
354
353
330
406
341
348
351
351
350
332
364
381
375
356
351
347
334
342
345
349
345
337
361
349
344
330
328
369
369
350
345
352
362
372
429
45922856
359
319
360
396
331
348
368
359
349
360
327
45865736
372
360
336
335
359
346
323
377
360
330
366
337
339
326
343
358
366
363
333
359
340
321
318
379
327
348
309
361
353
356
429
340
360
429
348
366
351
379
335
406
333
346
346
336
337
6953
14631
25394
108
769
343
429
6562
17386
333
326
10736
9951
429
429
342
334
45517384
331
429
429
343
338
320
429
429
429
429
429
429
429
429
429
429
429
429
324
335
334
361
328
345
317
365
336
374
358
335
358
404
356
345
881
365
5295
1274
6729
4718
334
339
325
524
429
429
429
429
349
315
314
341
460
312
487
287
363
298
301
310
315
303
660
329
367
333
337
310
315
325
340
472
325
320
319
951
340
385
305
344
327
314
332
334
300
496
331
313
342
314
518
339
470
297
323
523
330
325
347
320
343
332
310
325
355
322
440
309
1653
462
2052
96179
49048
49463
49673
28422
27826
429
275
315
338
338
342
3307
328
325
574
996
6097
594
332
376
339
332
313
367
323
470
484
343
358
333
307
357
359
334
325
320
2830
1853
337
429
350
321
507
303
313
320
361
2549
500
159
72
402
464
1518
374
317
305
353
310
320
469
317
361
12208
11362
293
510
454
319
325
318
429
345
4561
544
369
410
321
466
501
429
306
316
346
323
317
305
355
329
335
345
354
511
496
542
315
491
466
479
52758
429
312923
1689
283110
3172
464091
408157
9942717
333
330
688478
688096
311
312
9534168
353
8526
353
331
287
348
288
104
1340270
1339684
614
1193811
1194522
1193310
297
370
457
358
2834
366
313
506
401
322
340
499
2000
321
343
336
304
335
499
325
429
326
153304
493
461
356
367
429
429
316
341
322
355
4606471
4472347
4471913
322
346
361
356
300
344
339
123
381
336
3783937
369
348
380
389
352
429
311
3479473
330
485
857
72
356
317
429
350
318
347
339
345
348
338
345
362
323
353
300
322
305
512
309
332
323
334
746
3768
354
596
251
332
296
307
298
341
1016
498
319
342
340
337
337
1067
270299
344
1453501
295
321
330
317
296
292
340
429
327
301
316
316
341
316
302
293
309
301
288
332
312
335
318
336
315
304
298
338
332
311
316
290
334
340
343
341
331
321
1950
329
5230
66
351
12328
366
317
336
6
371
335
332
355
5862
347
25199
339
16768
361
430
15331
356
942
2349
352
37
929
343
345
311
329
329
295
334
326
13155
351
323
295
326
319
355
327
339
356
323
313
326
332
369
298
318
331
312
339
315
343
351
335
36235
326
368
374
301
336
374
2379391
340
353
304
310
308
349
302
492
337
169
349
482
380
306
311
4340571
3971463
1527
174229
175083
175580
429
1272717
429
429
1273663
33990
523
429
303
1618027
1070960
765637
323
334
429
429
429
429
429
429
429
429
325
320
318
510
462
321
387
351
1351
581840
174011
29164434
320
487
49657
516
310
5334
567
456
521
492
474
355
492
352
429
429
429
429
429
429
455
157
461
306
488
381
364
354
327
318
312
357
310
304
306
337
327
333
306
315
318
321
2194
353
513
429
331
682
302
350
354
295
344
379
285
304
350
355
325
355
334
304
320
335
369
362
343
296
311
508
323
326
289
316
338
303
1073
323
454
318
10231
10078
285
335
326
327
320
338
319
324
371
350
349
343
348
429
463
446
333
319
324
312
7434
155
359
330
312
292
333
331
328
338
346
344
665
347
483
340
328
332
335
333
357
304
293
493
302
597
325
365
692554
14877
15828
14802
345
298
307
366
429
340
429
2582
429
512
314
344
342
350
2165
285
429
299
498
511
310
333
291
525
476
521
335
1254
1519
339
315
292
3084
345
358
312
293
342
314
335
338
318
330
317
323
342
509
364
1014
373
300
332
429
429
361
406
299
311
303
296
2557
331
500
492
337
499
338
292
340
304
344
310
348
353
329
357
360
322
370
305
360
351
429
328
323
314
330
348
358
345
316
465
509
330
319
334
328
324
338
321
298
1103
453
462
347
311
324
300
342
365
486
972
2306
296
388
321
486
521
521
6142
319
410
4523
488
297
327
369
292
298
316
296
475
316
322
323
311
326
348
302
358
481
399
429
429
429
367
332
320
334
366
331
353
363
293
329
320
351
333
354
17839
328
346
476
319
303
319
365
317
329
369
462
471
333
365
350
309
344
353
338
334
310
323
349
324
309
326
348
429
429
429
157
534
515
287
322
357
493
342
353
429
503
311
346
443
362
328
344
316
429
347
515
366
300
333
328
291
270
373
476
351
174
2550
2685
2541
495
313
321
333
620
336
318
316
346
328
322
347
341
320
373
335
330
299
340
334
378
330
323
354
354
283
347
314
354
514
371
553
330
323
300
312
315
336
293
337
316
604
235
348
331
340
345
348
317
357
319
344
325
360
476
360
331
329
350
332
343
380
356
340
340
388
396
373
338
317
299
555
353
339
324
332
341
339
311
303
362
313
12964
12415
12496
934
334
476
429
429
317
327
334
316
329
350
339
365
324
345
347
327
341
320
315
360
367
369
355
331
304
401
359
697
360
325
309
333
324
69
429
316
331
366
324
315
320
311
330
317
322
328
463
339
429
429
429
349
69926904
69961496
130
616
19691
354
344
344
307
21733
45307
357
329
374
350
368
322
341
315
371
320
363
344
507
447
584
339
1784
481
477
1678
429
429
294
335
321
327
351
344
1042
327
338
318
376
1079
343
339
323
352
325
293
332
1493
1292
1129
305
338
355
361
308
323
481
453
511
483
314
308
319
429
332
496
351
526
487
1495
321
313
429
341
310
321
356
21314
20656
367
429
353
324
315
349
2048
363
2130
302
292
429
429
4944
6092
331
372
429
429
304
541
488
319
5607
979
337
429
408
502
1385
317
346
342
522
481
343
357
302
324
511
3259
331
312
370
360
578
435
311
7835
444
363
497
301
546
311
504
288
311
320
459
409
473
429
429
1697
4463
870
458
502
455
312
445
463
495
429
492
499
493
429
316
318
1786
485
345
349
6266
6143
325
354
317
315
375
298
328
324
453
330
429
365
308
325
320
329
585
331
347
313
461
350
1670645
1670199
3413
596
1080
322
345
2309
6397520
336
328
337
1426
321
355
297
23782
337
333
334
327
1026
298
5955
344
323
2751
355
691
550
314
317
350
679562
680382
39986200
39986752
39892968
39363388
39362836
39153344
39153768
33748
34617
429
352
340
250440
357
472
336
317
320
314
334
319
329
299
891
358
322
327
343
333
320
329
323
339
331
291
381
9623
1461721
1604643
2591011
1183164
2573262
1165399
291
791777
1314989
237643
317
69073
3935
61482
56295
46009
310
30781
164026
344
132565
379
866
4085
467
21846
363
308
350
340
322
348
358
321
6884
335
301
318
305
616
69734
79903
429
429
429
293
429
429
429
429
429
429
429
429
429
429
429
429
429
429
429
429
429
429
330
323
336
313
485
43878
42742
4472
338
526
330
288
301
317
309
288
481
311
296
348
303
344
315
100
429
284
5113
481
489
17789
321
332
340
331
301
361
313
321
303
288
328
329
326
287
291
337
324
327
344
362
346
341
338
352
2755
314
338
331
318
317
312
351
336
333
348
342
313
337
339
325
346
347
446
313
337
324
1411
332
763
370
342
323
362
468
315
343
315
325
1895
358
340
429
348
317
354
349
325
316
341
33518538
347
322
2566
3763699
318
329
306
492
324
336
128010
128924
312
293
343
305
320
429
315
341
346
327
626
362
376
303
1958
348
318
343
357
429
429
429
356
329
410
304
334
372
306
343
429
285
429
335
319
37333
1551
429
10179
10724
346
327
318
564
342
304
312
429
313
556
311
378
760
2523
478
509
316
323
529
292
318
354
345
345
328
348
342
323
356
322
330
307
308
323
458
1552
429
462
304
2412
287
342
305
330
488
3459
302754
25394
2323
1386199
1386763
500
318
17092
429
429
456
340
6081
492
1075
488
363
2208
5262
22978
23810
331
54
503
371
429
342
462
350
513
2322
3147
429
409
508
401
451
282
504
483
366
488
446
485
484
510
5521
29225
30063
327
459
481
457
521
469
429
454
166
300
480
347
16899
17575
331
4427
313
374
337
340
317
45427
459
458
308
295
2583
449
325
364
382
355
326
329
1512
318
314
339
378
318
315
343
428
332
263
325
75016
331
429
325
338
357
342
333
350
362
368
336
338
335
343
309
473
326
338
361
352
1735
350
332
398
499
13654
898
5961
318
298
323
351
365
295
259
448
290
2431
4576
742
387
314
362
4757
533
343
387
1009843
506
340
324
369
341
410
361
335
305
298
314
333
471
469
297
317
586
511
360
329
762
333
319
330
315
310
345
323
1238
1367
429
309
350
396
429
429
362
315
340
307
340
358
323
810
429
429
429
792
371
324
315
330
316
323
321
429
326
310
352
349
318
1140
353
836
320
300
294
337
308
429
323
429
1823
344
300
323
320
327
334
329
329
347
358
316
371
1023
366
487
324
377
106965
106049
504
327
352
352
1156
301
330
321
331
376
6147
19738
20616
493
334
313
1095
124784
92225
87644
326
85448
85944
179470
1545
165640
900
311
3101341
8685330
2129
21720394
354
532
302
312
429
429
54288
55084
55095
54818
55589
55610
54923
55650
54799
25892
99787
55651
26896
102026
28896
29244
71538
70785
70564
71144
41778
42467
429
429
491
318
318
339
784
349
352
341
1326
1314
429
306
336
326
358
334
351
490
317
314
356
364
363
335
1110
507
491
539
319
348
315
336
454
472
296
325
429
338
503
362
519
306
78161936
99512960
315
499
338
285
501
20967842
484
487
493
6391
511
97346
429
429
529
521
502
366
331
320
339
351
340
299
331
357
318
328
510
469
10812
928132
928838
561
429
4294249
4294517
4293507
4294358
4295959
4295220
3792486
306
356
378
359
337
354
300
349
335
363
322
335
353
294
322
285
327
358
325
349
337
311
313
327
370
294
351
367
309
363
334
313
338
376
324
347
321
323
317
316
320
331
312
322
330
318
321
311
336
352
355
307
329
333
309
331
339
359
328
357
4386
4115
357
328
312
429
339
331
334
327
331
292
302
305
296
280
325
340
325
329
1321159
282
306
304
308
460961
320
297
348
348
347
324
606676
316
304
338
310
311579
285
306
324
307
310
318
339
303
329
311
296
307
287
348
357
345
460
340
350
308
334
2924
320
361
355
1401
329
1039
301
333
293
328
500
311
686
3438
278
8008
315
328
336
507
892
573
326
37027
324
352
309
284
736
320
1568
311
343
288
199
216
5152
344
318
429
351
341
305
343
284
295
473
322
8
6
972
1693
429
5871
429
429
429
429
429
463
495
429
429
429
429
429
429
429
429
38209
429
328
429
429
2134
467
303
322
344
336
909
485
489
362
322
2382
2903
308
365
314
329
319
314
382
348
303
325
293
314
325
355
330
301
330
325
312
352
354
362
322
1316
313
305
361
340
320
325
346
341
341
320
330
317
328
324
316
286
333
835
340
306
310
333
318
339
307
329
292
338
302
324
503
506
429
329
434
346
440
304
1021
8301
2009
335
363
349
309
328
308
334
307
48041
48859
344
361
348
338
309
352
357
364
324
320
328
344
345
355
339
323
383
455
317
353
506
429
429
429
479
1262
3238
1055
1889
353
466
363
315
311
358
494
304
260
494
305
2311
314
339
373
344
480
343
317
290
374
352
354
323
837
566
365
321
2109
1270
1622
429
429
429
429
354
289
313
332
325
323
749
197
347
310
7105
6948
511
2769
579
490
463
134
292
474
552
441
429
130369
131365
885
156
410
492
484
348
352
596
324
441
324
448
289
310
324
321
528
476
1220
549
1006
302
326
1998
2803
2650
314
303
328
343
506
347
295
429
479
291
331
340
337
323
338
326
309
4685
346
293
472
355
428
335
511
21350482
370
333
329
326
504
379
334
556
335
338
284
429
329
429
371
314
312
328
338
752
370
295
317
335
345
481
310
298
365
429
682
429
363
337
298
310
344
362
334
324
340
349
322
366
366
318
299
309
318
3651
363
376
341
281
309
340
317
303
318
322
310
356
343
335
355
303
328
317
38735
39311
302
313
341
348
322
315
327
306
349
359
322
321
387
342
320
332
328
336
336
311
94884
471
375
322
287
351
317
300
361
331
343
326
318
357
315
369
490
429
315
325
372
311
351
335
298
325
310
328
350
570
498
319
341
340
362
329
336
327
367
503
334
492
318
12534
337
375
322
357
327
356
326
340
339
320
356
323
356
477
37894
38135
37443
536
355
463
429
332
309
393
302
309
311
576
300
318
320
351
322
304
329
303
237
382
320
6124
439
478
440
482
335
353
321
426
322
312
355
326
321
301
292
346
467
357
370
321
467
331
374
234102
233376
373
336
356
356
315
309
544
330
1975
344
312
583
358
291
375
328
364
358
285
212020
332
134167
296540
296935
295859
282838
275505
275290
274735
351
570
311
293
488
313
363
351
332
335
324
357
316
320
532
355
322
354
360
346
308
353
338
733
1894
1090
339
318
344
490
158
354
620
306
322
343
350
340
341
337
328
335
329
346
353
330
337
354
477
509
367
339
314
336
299
331
400
345
292
329
429
3112
10346
5736
429
429
5687
24860
294
314
348
51474
323
429
316
306
328
396
6562
389
411
393
421
414
377
410
20112
391
409
398
406
393
405
429
418
392
404
406
329
404
429
408
405
301
316
362
336
315
310
296
297
377
346
324
337
364
306
1931
323
1293
429
269
429
429
472
366
429
429
319
402
357
5868
2053
513
128182
24870
333
326028
821627
31326
1049346
335
12771
279208
294496
299
914178
329
559146
76377
380035
619707
303355
327
312573
494900
355
309
375
450882
663465
324
315
352
309
319
441981
12384
104235
429398
36862
554667
332
239071
429
127149
324552
302
391361
200127
332
308
294
313
307
59933
296
318
211885
340
343
317
284
306
301
336
306
307
339
328
339
307
326
306
313
345
289
294
429
300
308
327
303
215689
331
351
289
300
323
315
290
288
17696
429
296
314
327
335
298
334
429
429
360
306
325
314
357
340
367
429
305
429
429
19385
15575
572
319
368
350
500457
325
5197949
5188302
308
5102966
429
5058826
5058183
5055157
5054826
5054058
5052646
1724593
299
351
492
322
363
312
313
303
317
298
318
7100
4218
476
346
500
344
264
18
457
1736
340
318
1292003
1420860
429
429
429
429
528
343
331
317
526
353
334
461
480
322
298
382898
356770
357161
356444
356671
488
327
429
480
464
367
429
429
348
429
27
322
332
3370
339
501
289
429
134343
134423
135203
459
485
324
364
463
496
359
429
466
330
342
514
463
9212
493
2040
338
309
373
499
325
500
895
13675
13982
310
319
311
330
334
349
350
320
457
356
50558
51180
299
1701
344
301
468
579
345
325
462
333
314
311
2729
653
515
510
322
540
302
471
2458
284
348
340
317
483
5777
497
315
327
462
384
343
307
341
466
303
308
327
1241
522
510
10684
485
357
518
376
365
489
463
429
429
429
429
429
429
429
429
429
429
429
429
429
429
429
429
429
429
429
429
429
429
429
429
429
429
429
429
429
429
429
429
429
429
429
429
429
471
429
12940
333
377
295
323
480
125
506
516
504
466
3288423
4821
471
429
429
330
531
358
3865
471
429
480
1432
291
353
395
281
344
288
456
2742
1173
429
459
429
468
1681664
1682564
332
348
342
310
352
514
501
110
481
467
429
429
945
311
322
319
479
316
334
513
1400
1032
453
330
429
1984
532
287
478
429
429
429
521
343
345
332
496
332
462
317
363
340
351
327
329
506
504
329
326
367
1410
354
368
340
385
338
332
317
296
312
330
302
325
308
371
429
365
327
349
360
2304
555
529
429
429
441
481
438
537
428
456
330
465
533
480
321
322
299
483
530
540
314
429
429
311
590
336
363
429
429
321
298
1210
354
461
459
327
305
364
342
326
450036
487
314
456
320
1486378
1440624
1441280
523
338
329
378
440
335
314
340
429
349
337
821
300
311
325
296
322
311
295
340
325
323
302
318
290
296
316
321
301
348
329
333
328
324
317
361
611
334
320
315
300
344
320
709
327
303
380
350
489
329
343
345
345
1708
314
314
322
409
360
331
335
308
312
341
353
304
313
519
381
308
327
330
337
343
328
355
337
336
327
315
325
3932
325
399
345
348
315
295
335
340
346
336
316
329
341
323
358
348
833
341
429
355
352
334
359
307
340
1686
325
429
373
320
309
353
398
329
342
344
429
332
333
11991
383
529
370
324
269
9
1091
350
26124
309
306
337
341
301
335
318
326
318
499
350
471
37139
331
436
288
23846
24746
329
429
429
986
298
2346
335
457
815
472
341
322
313
311
371
503
321
429
429
334
1103
463
347
331
429
429
381
322
334
304
332
307
359
341
599
339
488
1793
338
323
300
394
313
313
344
372
297
429
883
324
586
321
338
304
331
7882
458
128
594
410
1491
475
449
5426
510
339
569
293
429
429
616
501
429
429
16110093
1336
795
480
449
372
340
291
362
327
336
360
643
357
1538
320
302
686
311
295
455
447
645
311
499
334
352
325
482
306
311
314
359
305
353
328
522
497
302
320
323
404
476
488
429
429
1833
26465
27234
344
334
343
472
349
326
352
319
315
325
337
288
343
365
207
3149
325
334
313
1693
394
478
1051
368
28041
429
328
299
346
720
331
389638
389042
289
429
429
372
354
308
372
330
496
292
346
309
319
316
445
340
368
429
429
452
347
321
324
31004
31886
331
328
326
327
518
310
324
299
349
358
314
327
347
348
504
293
540
318
295
504
294
369
320
300
498
360
346
338
588
492
344
361
8808
318
488
429
4273
429
474
321
690
494
497
303
711
1046
297
429
543
345
556
429
429
304
333
320
301
307
333
294
323
349
429
567
343
315
344
356
429
353
309
323
269
350
318
908
339
64
476
362
15632
429
14795
429
429
325
357
357
456
347
587
335
344
318
1139
327
285
313
306
314
318
301
343
339
349
502
360
363
288
52
371
429
429
331
370
327
345
495
341
318
355
337
320
344
311
335
342
359
355
315
352
287
292
488
345
344
348
535
303
312
321
341
321
364
307
429
429
331
319
366
340
330
343
274
321
504
307
320
321
322
380
429
429
737
309
341
339
340
320
291
359
331
2492
373
328
349
310
336
339
314
312
379
119181
120012
381
338
115147
119096
351
119174
119432
120217
23723
1344
143803
143262
73182
378
349
339
354
356
335
334
336
511
8726
9605
333
53468
429
177973
1559
420247
429
259030
429
429
2411
548412
547369
405
514
486
24226
25068
25084
24081
25114
24162
288935
333
429
67648
429
429
10835
429
45655
46476
46430
47423
429
365
332
303
429
344
366005
326
335
398
429
429
496
429
429
333
313
429
301
318
295
313
343
349
351
340
343
429
339
12020
429
429
429
326
429
429
366
1233959
349
306
332
322
331
300
310
331
342
350
504344
356
321
365
335
310
320
429
527
1824
8187
322
627
330
429
468
330
373
337
304
283
336
317
328
319
327
367
349
308
341
354
312
318
338
346
371
335
429
429
351
221
325
333
494
385
325351
324586
375029
375949
215781
214708
140944
141880
165155
215676
207336
207510
206773
345
410
341
308
526
408
286
347
2685978
2683607
336
338
351
305
526
354
296
429
429
429
429
319
286
307
315
1989110
341
309
327
312
317
324
403
429
490
467
429
354
333
469
521
323
398
326
358
341
333
342
360
295
315
325
340
327
308
310
380
296
345
335
340
322
504
364
314
347
356
346
333
310
325
352
322
332
473
316
366
334
344
22121498
314
355
337
320
518
305
331
95615
96392
308
304
322
322
340
313
335
346
348
315
313
321
342
340
549
336
366
333
342
501
328
452
845
475
325
364
314
325
346
519
345
325
306
336
354
364
555
535
307
174
344
1285
567
345
361
498
345
429
429
3268
6240
497
347
345
332
290
345
309
342
334
299
458
505
472
308
330
299
340
531
502
480
450
339
369
355
301
314
328
330
301
353
429
328
515
353
292
372
327
351
349
350
353
315
332
318
2129
321
331
355
429
429
318
503
497
505
294
315
331
363
374
958
336
523
1098
2977
333
346
296
336
481
480
335
363
5697
315
344
5072
1392
464
497
374
2230
300
317
361
339
304
326
317
335
358
343
317
356
312
336
390
351
311
349
2614956
2615238
322
357
309
347
2214062
2212392
366
315
286
1170
500
335
797552
783331
315
336
356
6635115
12385283
298
310
370
311
352
320
290
387
570
507
489
483
410
344
315
285
2925765
2140077
292
481
293
457
349
303
488
391
3220
6015
2305
331
318
356
354
306
324
361
2233
342
595
351
317
515
403
330
311
321
306
308
335
320
777
357
486
345
429
327
475
314
491
373
1771
7697
5260
358
310
318
325
292
345
337
341
320
409
331
416
209
369
530
494
448
306
1162
377
2010753
1973422
1973122
1967953
325
1933872
335
398
298
5443
631173
631372
719
530
371
3585
341
1157
350
931
288
319
368
333
333
332
355
304
319
322
9804
346
1051
365
334
325
299
348
336
537
350
371
503
383
320
368
385
356
321
315
327
332
336
305
506
348
366
312
343
620
358
291
343
349
326
493
323
371
301
347
400
309
351
13380
326
331
1282
312
343
355
310
322
330
429
429
334
334
316
336
382
298
492
331
358
300
323
325
358
315
2404
319
328
330
302
326
346
336
308
328
322
373
337
299
341
329
360
312
342
349
344
346
334
331
359
348
334
301
340
298
328
410
347
315
497
429
302
429
429
287
332
16
894
780
332
1587
305
344
312
354
330
378
339
520
289
620
310
488
359
540
349
331
379
304
311
306
1626
317
326
339
484
311
330
322
353
2061
351
945
355
329
376
334
330
314
452
323
333
338
343
333
54998620
2911599
321
282
291
318
452
1637176
1623612
6086
300
340
361
305
173324
454
5847
314
296
502
470
354
308
301
305
90174
89500
344
461
305
291
335
320
339
326
1115830
329
311
401
303
324
307
336
296
328
346
439
487
1819
313
342
116
342
503
375
329
359
360
1937
319
429
568
386
314
339
322
71182
70269
348
343
329
3041
290
552
845
364
1986
351
4
494
638
326
352
329
33
314
303
372
327
332
351
326
13048
350
341
384
355
315
58962080
58965040
58966260
27
58965320
317
322
350
345
341
313
306
350
354
349
353
326
308
315
338
329
286
350
336
341
297
350
328
328
375
304
330
295
310
319
517
343
2816
318
943216
370
37245
349
376
331
377
311
375
206
345
429
350
68648
334
390
350
304
345
370
300
2128
338
323
333
81
332
338
337
313
321
328
429
429
301
362
333
289
338
324
316
429
429
327
334
325
429
429
429
429
327
314
331
326
299
287
311
325
323
312
328
331
336
324
337
331
348
336
342
295
11805670
6628172
7542
8111
11797497
11806692
327
2667440
6469
11803581
11805624
2003693
336
317
329
343
315
11797118
11800589
337
11794865
1076
333
316
324
313
39548
38730
293417
353
309
355
328
321
317
310
149365
360
46113
46873
2850
759932
11465702
343
429
682
478
320
318
335
368
342
335
337
322
331
361
325
325
301
331
9862
327
1000
341
317
371
363
334
338
315
362
353
349
308
339
6475
317
331
3250
345
359
332
308
1917248
330
6976
363094
371827
22211
640858
315
366
301
485488
223648
301
326
307
315
339
338
667417
298
319
302
284
373
309
151182
352
300
285
342
346
374
395
326
332
345
326
625
330
319
309
331
347
346
326
329
337
301
282
336
429
429
496
308
346
324
429
429
368
298
326
2493
47
91
215
324
364
361
305
324
316
338
352
317
347
357
2530
322
354
42623
304
71642
72221
318
503
309
355
335
372
332
325
2650
2460
343
314
308
364
327
320
3140
328
292
367
324
429
429
429
410
403
569
460
298
468
444
3965
332
448
492
301
327
493
509
320
363
302
314
315
328
333
363
475
319
312
312
535
327
303
317
325
429
291
323
371
352
319
374
311
316
297
344
289
301
350
321
290
352
345
429
327
318
382
295
308
316
429
335
331
455
295
4462
3508
344
332
302
318
4246092
320
4196214
4196819
353
320
299
336
313
340
329
351
326
479
494
529
315
294
335
335
297
374
338
308
333
361
832
489
355
343
326
347
315
325
318
332
320
307
304
311
333
883
343
357
306
285
429
429
4934
279
339
333
315
320
2308
13283
493
296
174
470
493
455
286
559
303
365
358
322
289
518
348
324
301
300
312
320
366
2657
334
350
339
355
356
627
298
352
308
305
458
6342
5781
327
296
350
429
450
315
309
356
370
331
284
299
338
338
313
487
382
289
313
322
3156
3107
326
2983
348
307
216
1543
292
362
323
317
308
333
352
352
343
343
326
327
349
400
995
310
331
361
315
547
491
336
358
350
368
325
335
336
296
337
334
353
337
474
310
346
315
340
459
463
326
497
376
307
302
492
324
293
159
366
457
321
315
325
300
1098
345
324
299
330
368
354
571
322
358
303
342
293
353
1826
660
299
339
349
317
3294
354
373
333
338
334
365
320
341
344
703
330
477
360
321
303
351
355
319
322
373
331
350
343
439
342
357
1168
521
330
365
297
314
568
282
303
372
346
371
289
337
333
334
324
357
367
286
464
531
338
346
351
296
334
484
289
289
350
311
371
365
360
323
355
497
344
327
302
335
768
343
307
314
289
906
540
326
359
318
306
289
331
346
343
340
335
294
297
305
369
321
308
126266
338
2189
319
380
343
347
327
342
490
323
447
318
306
321
332
299
322
316
486
342
313
299
311
331
359
334
338
327
338
462
344
197
524
322
344
1289
304
342
313
339
299
461
309
286
324
315
332
429
429
545
326
350
345
314
312
1414
429
328
300
309
303
325
1922
429
372
329
369
365
528
336
330
341
313
299
294
477
485
481
447
1396019
336
1680
3253610
3221240
3068648
3039548
917394
315
4815363
335
4276
288
495
540
321
317
312
324
322
896
3709877
158347
159095
328
363
886
335
326
316
357
359
332
362
465
518
349
322
342
314
307
310
347
429
429
1510
337
324
336
1023
489
453
429
345
295
313
351
465
316
316
311
340
314
311
301
321
1546
327
1703742
309
360
304
361
472973
327
468933
469647
459990
446650
426204
286497
287557
287366
285077
285964
5556912
285898
284975
475060
426703
427243
370
51269
29640
359
202
371
367
4931297
355
311
138
328
328
339
4907128
346
321
331
335
1354
338
347
399
357
6200
349
358
4381
424
208
3630
3440
4429
337
43
295
370
315
329
329
342
3816529
393
354
3079999
419
401
383
415
338
331
403
346
425
395
581221
353
412
301
325
424
410
393
323
774368
350
398
409
393
326
44498
31386
307
1855
323
281299
1532
331
317
324
337
352
353
571
394
378
344
343
325
350
358
331
338
1034
369
5113
389
394
364
352
359
3606
429
354
794
394
356
57820
71
338
429
345
3876
302
286
107679
106471
104474
324
345
351
288
350
353
301
332
369
314
319
296
316
410
315
324
334
347
2194
341
342
353
311
314
429
346
344
335
330
331
320
314
334
486
1149
359
964
316
335
318
328
323
472
356
324
308
443
286
353
322
336
371
439
342
329
158
409
28438756
28438082
326
298
77038
12598
1724499
12748
364
349
459
323
429
297
299
345
362
347
350
330
357
335
323
300
368
316
382
327
329
317
309
325
299
332
328
343
480
310
321
312
517
351
337
325
400
334
5660
7037
55123
54901
14492
337
353
316
381
337
339
318
335
479
316
460
301
295
362
77137
329
305
334
510
346
328
429
1864
333
332
349
283
331
343
339
351
373
342
371
298
343
5104
2244
317
334
359
338
340
329
318
296
327
346
336
323
342
323
324
344
293
332
556
338
349
325
314
345
915463
460
986314
985158
985379
356
348
325
328
319
337
353
18629922
460
328
371
337
303
295
357
372
299
308
364
326
332
429
366
336
368
344
1433
334
302
309
429
325
538
844
474
1393
364
429
326
293
311
484
330
293
343
337
314
327
336
3118
429
328
9390
694
333
298
325
358
299
2338
1588
299
335
371
357
329
6116
358
363
351
313
310
365
368
365
304
336
308
324
322
343
324
553
318
319
334
318
335
304
300
957
330
347
294
2256664
355
340
316
361
331
321
310
327
302
381
304
319
334
290
345
319
867
327
349
338
338
334
298
358
309
375
355
317
308
37369
37458
23516
332
322
313
984
369
459
329
351
321
296
324
481
338
342
429
1091
322
331
6950438
337
331
306
321
333
363
480
344
344
485
507
342
327
335
356189
356907
331
375
317
357
429
332
363
349
488
526
501
333
346
349
361
478
466
6161
498
337
325
499
336
359
429
429
429
342
382
365
560
299
318
351
429
351
515
335
321
333
302
360
383
492
454
365
367
336
286
307
314
468
615
326
340
313
318
333
386
325
350
314
316
341
320
326
326
314
969
322
307
377
330
347
354
320
358
325
312
448
525
330
321
429
331
337
317
331
332
294
320
328
352
323
490
308
310
332
324
343
329
1195
335
399
297
471
378
309
7241
301
375
330
336
322
348
323
370
291
347
168
3141
429
334
342
353
377
339
341
947
327
900
518
314
361
340
429
334
367
340
350
491
382
331
317
357
376
298
329
349
1020
322
513
545
380
50032
360
336
293
324
282
353
361
357
299
382
755
340
391
339
306
325
324
380
338
330
314
1709
331
355
363
323
316
308
307
487
330
330
330
314
317
323
355
284
366
330
324
335
342
337
336
331
386
341
298
504
355
514
972
25283
24466
307
429
503
8198
301
334
429
520
351
313
342
320
379
297
330
513
342
535
461
1017
552
1625
549
333
302
368
325
314
1334
316
318
350
338
496
510
299
866
429
538
446
910
387
505
1625632
1625025
1615067
336
1547049
343
1940
1804
1920
111
365
7698
847
283
429
322
345
739
302
326
319
329
477
525
1006
297
311
310
380
326
333
429
329
429
320
330
345
300
429
429
345
303
336
350
317
356
2335
343
2276
327
99831
59919
131632
303
310
368
160785
316
4948465
24152
4865755
4885031
4912424
329
337
296
339
312
299
284
295
346
322
322
2162078
292
302
2744829
318
1942687
310
341
343
309
865168
299
298
292
290
322
344
297
339
289
316
52185
56618
19311
4096
866
305
343
322
457
310
335
429
429
429
341
345
369
339
338
1259
341
350
410
334
3564
307
344
358
309
338
290
476
5461
5552
451
468
461
499
446
349
342
342
335
470
464
476
347
367
306
364
619
478
331
515
350
499
334
6832
370
3556
1025
429
429
429
496
772
332
492
499
538
507
363
296
366
535
367
482
317
336
331
519
429
377
374
305
447
3440
368
410
372
395
429
2158
342
533
614
598
485
386
429
429
4028
4128
338
150
341
342
338
429
1992
666
341
476
347
299
338
312
360
326
492
507
313
631
347
350
370
378
374
479
1637
1453
358
347
337
353
17660
298
538
8561
2350
4651
572
1562
476
482
350
429
429
358
335
444
1323
477
477
332
339
349
429
491
475
429
429
839
1055
455
507
941
476
401
468
347
315
399
519
535
1871242
1871533
381
335
463
587
317
372
333
357
342
285
488
324
341
362
325
308
304
370
458
321
350
369
350
488
359
2013
320
280
256
798
320
373
301
365
309
321
306
445
453
362
298
313
345
326
337
335
316
378
1245
291
339
326
293
500
317
333
304
341
331
301
355
333
366
340
309
380
336
314
280
325
294
344
501
298
308
327
332
310
356
355
341
321
346
348
326
315
293
318
297
360
330
734
304
881
353
501
375
429
370
305
345
304
370
304
379
402
330
345
316
321
368
333
334
311
347
329
567
360
335
494
378
446
503
331
400
341
111
328
335
394
301
317
510
393
363
527
366
344
349
296
313
325
321
335
371
344
338
347
327
345
341
353
363
351
341
313
1567
350
342
354
332
465
321
308
346
319
306
334
292
390
326
359
371
317
352
307
315
324
338
355
302
315
349
364
333
373
334
315
352
323
347
314
368
326
337
357
333
1211
316
352
310
353
429
334
340
331
328
359
2696
2500
359
322
338
353
337
306
372
334
356
309
345
346
343
322
336
331
305
322
317
347
664
477
312
322
347
335
323
345
348
459
503
298
335
398
370
321
336
308
324
292
323
340
339
314
321
316
340
315
306
596
354
348
328
1041
316
375
154
349
317
347
379
326
16709
15878
565
336
317
291
344
339
325
361
347
306
294
361
325
329
307
323
349
313
327
324
302
472
32534
34312
1212
326
322
344
356
305
348
356
329
303
341
317
337
337
304
308
343
494
481
16365
329
398
292
336
304
338
311
69
2
340
369
310
302
334
333
339
315
337
343
321
321
298
324
347
354
1988
318
350
335
464
349
322
345
317
354
330
429
429
429
429
429
2262
8126
429
344
374
335
335
356
741
334
329
335
347
291
341
344
505
369
345
362
292
317
300
342
429
299
336
355
304
351
316
327
308
288
336
314
786
351
358
338
346
345
302
338
328
346
332
339
293
322
341
366
322
301
333
338
334
349
354
102168
332
467
338
6497
338
346
347
313
325
317
330
39922
1760
295
304
339
368
362
310
343
315
303
342
344
352
375
342
323
308
321
767
305
351
313
357
356
1230
330
326
310
314
311
357
398
332
347
322
304
314
335
329
314
335
329
346
312
369934
370461
367043
324
314
355
302
1831
288
308
298
50357
51211
3087
347
354
325
320
367
296
309
587
102280
101655
519
198316
192675
192175
328
319
371
304
429
356
323
315
518
429
334
477
297
317
301
322
335
346
334
307
321
329
365
362
297
346
307
458
349
474
343
347
291
359
323
334
347
323
327
316
465
325
350
314
325
338
341
299
352
326
321
322
296
335
490
346
358
352
429
343
362
310
305
720
322
332
82221
80441
340
429
310
359
364
363
357
333
367
324
321
335
385
336
295
59674
335
312
296
311
100982
100382
340
322
332
429
347
334
2526
296
352
358
329
294
420532
420981
371310
361820
346
322
93337
487
335
321
52
529
338
496
497
330
331
77554
142918
313
347
558
429
303
322
354
374
349
333
322
300
321
349
344
354
1043
373
322
320
497
604
338
291
696
329
318
301
346
354
324
326
335
350
30
357
359
341
310
342
325
324
903
320
305
340
357
358
3022
324
986
429
360
5122
329
724
310
333
306
34420
29593
306
82
342
2393
5181
358
340
572
709
328
318
369
335
354
330
333
1935
330
324
562
320
358
351
338
373
344
313
303
303
361
370
317
347
6041
6148
339
429
312
343
308
6008
342
320
342
363
559
348
361
4347
343
350
328
310
366
341
2309
341
330
320
319
334
321
340
323
314
340
323
334
319
309
337
337
365
306
355
341
360
351
322
345
2344
310
429
312
229
2214
429
429
429
429
429
429
429
429
429
429
429
429
429
338
317
304
367
429
211280
207770
208062
58257
352
350
335
360
347
315
300
342
315
330
322
373
491
295
334
333
336
333
325
349
518
359
945813
16225704
366
517
311
372
496
323
600
325
267
331
366
320
316
303
463
15
339
344
280
329
319
361
304
346
298
310
331
313
1207
322
4308
6447
1419
327
534
312
321
330
319
328
257
2699
2249
364
338
312
331
303
338
322
327
333
335
325
320
327
317631
318168
317250
316691
168803
169435
67008
67878
343
1519
340
353
4202
358
308
729175
382
334
357
324
305
293
355
323
324
540
168621
267723
361
63759
38650
38315
322
429
352
333
309
334
312
347
328
67428
66921
47838
47596
46551
298
306
692
329
358
351
291
314
321
361
338
493
354
308
329
328
1009
333
285
340
428
333
284
347
288
304
476
326
298
322
386
310
327
329
376
304
376
360
312
315
375
343
324
344
330
429
313
326
341
337
326
360
351
295
327
285
299
313
326
341
316
338
339
333
334
310
328
298
367
298
578
349
341
316
338
305
359
302
368
286
24733
23858
299
498
446
326
409
330
352
370
346
325
455
332
318
371
299
325
335
349
318
341
362
305
333
307
554
6669
517181
333
338
336
300
328
342
4609
310
311
1619
367
324
346
512
247072
246513
303
565
1656
326
2562
462
368
42391
1244
340
327
487
356
3326
3552
36114
36331
35122
36114
355
349
26193
26219
27088
331
2089
651
29952
28878
29952
29786
30031
317
352
2824
39195
338
330
72719
73693
36762
36050
37374
36482
36613
323
337
368
359
335
490
17879
30970
303
302
1110630
1111233
324
462
349
327
591
352
336
293
335
353
298
351
359
343
18881
297166
279651
339
308
153429
319
56244
57257
56341
341
441
320
361
325
63324
64280
323
363
371
346
323
406
313
356
937
333
320
374
304
370
340
294
326
498
348
352
378
350
328
10059
306
305
370
518
313
333
318
3514
321
490
481
329
603
335
560
463
298
302
336
354
340
7461
357
366
343
317
4615
4113
334
343
284
345
326
346
369
340
326
362
310
347
306
339
336
360
335
341
363
332
316
335
335
352
315
354
324
342
303
345
396
208
1764
351
364
357
313
335
325
317
374
488
325
332
297
1697
33089
302901
377
429
429
47
727
332
299
3273
377
507
343
325
529
326
342
326
346
325
354
326
312
320
429
281
315
319
351
584
475
507
343
1393
320
495
533
1998
501
478
6101
460
353
477
328
503
11122
429
429
429
429
494
441
282
321
329
429
477
7499
500
971
306
379
372
343
331
446
489
346
348
330
355
322
529
371
341
357
312
342
343
349
319
324
450
359
355
61798
75433
319
321
879
376
346
334
383
335
370
340
339
326
429
319
323
319
375
429
343
410
3741881
3738139
343
312
329
313
328
322
290
321
324
317
314
367
341
333
318
348
5074
358
341
299
345
308
339
23061
320
2266
2540
87
311
289
329
338
325
312
337
292
325
318
329
287
332
290
1867265
567212
360
429
352
1859296
553708
429
1752930
429
307
302
429
366
337
429
292
429
327
341
429
429
1423
429
361
335
324
429
429
335
429
329
318
7490
6495
218
11274
8891
429
9229
323
429
429
429
2225
429
429
429
429
429
331
424
362423
487
2075
351
314349
388
345924
351926
353
369
7276
7368
352
429
329
429
300
326
356
310
429
347
321
429
429
292659
429
312
320
311
429
1899
429
316
429
346
1298775
1298965
37241
317
404
396
403
43913
391
31847
422
403
394
338
403
334
384
416
415
429
683776
429
325
320
359
298
344
340
2939
629926
327
621769
320
364
1188624
429
319
367
324
1183890
375
1186534
1185597
442162
1595664
429
470
135700
223389
437249
436180
437216
436775
255641
429
429
429
429
429
429
1476
429
753057
488856
334
342
343
317
499
310
290
331
429
338
429
318
337
319
429
429
373
429
307
366
312
429
429
322
309
329
345
429
330
429
939951
938772
938207
429
429
429
429
429
429
311
347
429
1090
429
533
429
323
331
334
429
342
395
429
338
429
156419
299
339
429
1073
322
359
17
2428
2591
312
335
353
300
318
347
315
429
429
296
309
6260
429
429
330
350
298
314
315
325
333
328
323
299
340
331
2137
371
292
328
697
15347
344
258
162
170
17528
348
352
3117
827
7985
8839
518
333
1387
8948
4203
65
341
334
118129
137
376
382
334
361
365
357
316
333
3363
368
344
362
342
305
335
369
318
316
318
3997
321
328
337
294
449
301
336
441
357
313
353
294
474
308
325
3919
363
410
304
303
322
322
311
357
388
300
446
341
332
357
3318
342
330
341
345
370
2466
294
312
349
320
448
369
341
327
322
323
316
332
311
320
323
307
319
312
329
328
363
336
317
325
307
307
322
312
357
347
363
300
308
314
328
325
302
354
477
339
345
348
327
331
330
346
508
336
288
354
334
286
333
302
388
302
316
357
325
2781
337
302
429
429
525
334
374
322
1410
2224
2451
338
299
287
462
322
300
367
310
448
320
315
283
306
318
326
354
337
307
317
52167
330
355
618302
343
330
1305
383624
383028
469
338
322
12878
342
315
332
417
328
341
321
345
334
310
356
332
25
337
353
371
297
335
323
127982
325
296
334
330
334
483
296
313
349
324
355
332
442
462
491
317
298
352
4077
319
334
557
355
290
453
6075
528
362
429
429
312
320
355
1344
311
305
310
381
342
327
386
306
340
322
359
301
322
319
337
328
88
343
336
350
361
311
491
334
315
360
314
297
318
372
362
339
514
367
473
1125
307
359
342
319
317
306
302
382
354
384
309
380
341
330
373
331
351
910
329
327
391
332
337
429
429
326
408
320
348
389
318
350
552
429
429
546
360
294
318
324
316
320
372
317
300
1327
317
324
346
492
346
380
341
318
332
321
358
582
336
332
330
289
321
314
330
73913
334
312
37397164
429
350
3530852
322
321
340
287
321
429
338
352
368
429
368
330
358
429
429
429
429
429
429
332
318
429
344
429
429
429
348
332
359
429
336
351
360
353
341
314
325
333
319
331
345
328
292
318
337
381
308
2705
429
323
321
339
299
323
336
222
429
332
341
341
328
429
330
429
308
510
328
347
350
55746
52241
330
317
429
326
308
310
329
429
429
429
429
314
331
429
429
429
2980
344
328
356
330
429
429
341
429
429
429
565
429
429
458
315
359
341
324
232
319
656
325
343
353
339
974
339
342
299
356
562
366
378
346
342
363
328
339
346
346
338
347
344
340
429
331
342
6746
350
323
322
429
346
343
333
365
429
352
322
6673
334
429
429
429
353
342
429
324
429
429
337
328
326
315
334
363
429
346
790
1133
429
344
350
320
342
340
332
791
307
429
1689
329
336
315
328
361
429
429
318
3303
335
429
345
18583
19584
383
1300
1122
429
304
361
325
338
319
429
1359
297
429
2545
314
312
333
6416
429
429
377
429
300
429
429
343
410
5666902
677
504
429
429
477
5042
346
328
7961
342
176
652
651
6575
342
329
488
656
469
510
307
354
335
345
347
378
347
328
429
337
429
328
310
339
429
338
460
312
453
306
335
319
327
320
486
377
346
374
329
346
319
334
536
326
338
450
344
492
509
462
438
505
493
309
481
302
315
4804
326
441
330
334
522
1646
336
295
347
617
322
310
525
347
288
345
342
317
356
337
345
328
293
315
354
310
474
333
732
314
371
461
444
305
77126
77671
77936
18277
329
46328
348
346
353
336
323
291
399
699
376
347
356
402
299
317
305
320
340
354
317
337
317
334
352
259
327
541
466
342
350
176
349
329
361
319
343
1784
1721
318
325
363
329
339
356
318
288
318
348
324
292
1139
341
437
1362
313
328
561
354
355
326
311
328
363
330
348
429
429
2623
429
429
5361
343
300
1283
2349
287286
284467
328
335
323
316
323
332
329
349
344
316
328
307
324
319
429
291
351
311
322
429
337
309
321
349
293
329
332
312
308
313
335
317
330
302
337
285
325
429
429
429
429
486
374
313
348
309
345
337
288
300
301
322
364
325
349
346
307
333
369
314
288
310
325
3823
326
353
353
312
326
325
429
429
335
340
351
314
371
341
351
377
315
359
453
320
303
8762
348
316
305
335
349
318
527
326
324
329
337
353
319
339
566
586
343
355
340
325
328
395
334
2196029
429
429
429
1302684
1302939
1303389
352
382
353
312
325
1510
343
276
304
330
324
322
326
337
332
361
306
4080
299
349
320
1016067
303
349
325
353
323
316
342
295
321
307
328
359
307
80893
81748
48450
429
21916
429
22742
21903
22849
21959
22197
23017
429
429
307
311
3411
5985
58207
57252
1006
1329393
354
360
429
2543
1744267
334
527
2588
37237
1483
429
56235
34183
31562
36594
429
429
357
366
347
332
310
308
310
256978
257073
296535
295686
295582
296577
295559
296411
295711
325
297
312
1742
380
371
312
328
554
450
354
336
349
334
355
337
366
307
2724768
2724138
373
295
429
311
324
429
340
323
331
308
340
343
354
327
371
338
328
15626
360
336
354
350
303
322
315
344
316
446
500
357
540
357
286
317
1006
335
354
6461
5584
5978
324
429
311
305
53391
53116
317
287
336
774
429
429
315
337
323
309
439
327
429
429
316
317
351
292
321
313
328
314
367
308
335
442
357
342
345
740
351
320
303
328
362
326
302
332
348
296
335
329
378
312
285
324
306
358
319
377
334
327
327
341
341
349
310
342
326
338
377
354
357
383
343
363
350
306
308
305
292
537
333
334
337
484
360
315
351
12828
323
333
506
60594
305
768
322
309
348
306
379
560
364
342
341
429
888
351
316
318
676
371
357
316
1470
317
1128
321
327
332
329
313
528
328
348
339
2369
288
293
330
339
360
289
390
372
475
968
87
329
320
1972477
1971815
336
347
521
330
398
340
337
303
333
317
362
310
374
314
293
297
370
386
410
341
302
612
326
315
292
310
713
429
341
343
351
321
429
429
429
337
330
345
429
3743
331
333
333
530
289
328
319
357
342
330
353
308
323
339
334
493
303
321
374
334
349
355
357
327
340
346
343
348
357
481
588
311
312
308
332
334
330
322
331
291
306
368
310
332
313
314
312
207
347
265
18366
333
342
358
365
347
336
330
331
306
328
9685
327
340
347
323
333
349
383
2727
352
5019
15932
371
337
519
6822
324
351
429
348
333
332
343
365
336
351
357
429
345
378
351
371
339
339
341
296
337
304
3105
502
1886
345
331
2482
210
2410
2990
2857
337
322
5334
313
349
262
319
334
337
341
322
323
323
303
309
308
345
340
306
327
429
329
320
429
307
287
347
323
429
675
486
5286
302
331
308
429
429
331
360
429
2004
329
1485
332
333
332
311
3835
342
371
453
3418
2291
352
371
3756
357
1283
275
4869
1126
346
342
361
957
360
429
339
429
429
347
2805
7178
350
303
1620
3800
374
373
354
345
364
429
364
340
338
11679
341
350
819
3500
508
1613
494
577
496
292
329
1039
333
313
1929
299
1067
329
332
11392
943
300
342
357
289
429
1100
252
4109
5697
1000
495
2215
332
291
350
320
7084
318
7523
345
341
306
325
294
7372
327
357
357
345
309
3113
324
379
429
429
429
322
348
292
1027
1195
429
429
323
315
328
339
391
429
683
342
389
429
429
429
345
340
708
354
429
329
320
304
318
457
318
5837
321
3763
310
212
498
317
322
821
917
324
296
324
338
336
429
358
342
309
298
736
2388
312
2253
352
330
4302
26759
26610
337
1334
310
6990
4360
354
429
307
318
429
429
429
429
322
429
429
429
309
349
322
333
304
310
324
329
317
6331
296
314
327
297
311
361
516
429
335
314
313
338
376
317
332
310
10167
353
2934
463
317
298
326
359
429
333
337
344
429
352
429
339
324
319
361
343
340
142
686
310
286
308
316
303
286
2182
429
429
349
312
552
300
337
4622
429
310
313
324
315
339
429
334
429
429
429
339
347
374
311
339
341
326
28658
41392
54806
133583
61945
69823
76954
87223
102130
85665
345
120881
27168
33566
57003
65838
72400
82703
429
429
45182
54127
63152
69229
80315
94962
125872
429
369
46676
78667
288
336
31257
42879
49776
57574
68472
90945
12731
24681
32582
40599
48854
59218
72293
104026
3600
18101
28173
35554
43205
54970
66443
98802
360
333
10572
21364
29368
35385
47627
59539
71111
71618
92033
8488
17440
22382
33769
47848
78888
7395
331
15142
25541
39662
63851
337
358
24681
338
46017
23210
429
308
335
429
31504
328
357
336
332
321
21044
1086
347
327
356
353
429
333
307
355
324
10430
337
309
342
429
429
312
333
335
375
429
1021
316
429
305
429
429
429
429
429
429
429
429
389
349
360
320
299
329
342
340
346
294
343
313
717
713
6470
326
336
341
329
351
328
7779
1319
1236
633
339
333
327
355
333
1493
298
304
341
429
429
3446
327
339
13736
400
359
353
345
351
348
160
811
358
339
4139
14078
340
404
358
401
371
325
292
323
350
164
317
366
42500
42510
1140
8568
7785
7604
9448
1277
313
10612
287
429
355
429
355
15635
18375
18403
603
14362
19417
2368
2042
1488
362
15200
339
113
429
351
1421
344
344
366
316
351
336
345
310
318
289
367
323
314
347
336
429
368
333
370
358
344
338
350
374
597
397
358
332
354
341
330
353
341
362
365
350
370
339
347
18771
372
345
368
370
347
743
44
371
167
380
314
356
364
318
410
353
358
363
327
361
342
275
363
302
333
546
1111
291
335
347
657
330
344
290
370
330
352
357
429
429
429
429
429
429
