318
320
382
358
287
39706764
328
302
376
372
889
369
374
662
500
317
327
313
347
303
281
324
355
290
350
331
364
371
1244
318
297
376
306
331
319
318
370
291
312
66318
65309
53338
285
284
644
312
501
359
327
314
324
358
326
326
322
337
301
318
328
333
376
490
328
221
13769
4557
400
327
315
328
305
289
286
325
341
298
325
359
284
333
376
325
322
329
314
289
295
337
373
364
370
457
329
532
510
302
330
161
378
322
357
2312
369
382
370
345
336
320
311
350
701
372
314
372
301
418
316
307
314
439
1503107
297
288
331
322
337
422
344
303
324
422
320
422
422
372
336
295
563
451
365
448
303
320
324
303
373
276
299
365
336
377
366
368
358
365
327
351
334
346
300
3849
315
345
342
314
325
422
307
331
330
296
339
343
315
298
373
332
306
338
339
359
371
352
334
493
310
373
311
341
369
431
325
357
371
339
333
422
298
384
316
369
144961
5402
144325
144518
311
342
296
335
382
374
291
160031696
362
370
19367
18405
382
327
359
322
21716
22512
324
5532
281
338
309
318
346
300
355
182654
325114
18284892
322
386
422
422
1490
445
324
325
321
362
374
341
459
311
315
314
370
348
357
322
718
313
334
362
349
417
364
366
353
52001
52615
51569
437
131277
263607
4578
318
299
25685
25789
24614
22857
21995
22254
288
354
325
334
371
342
318
330
422
340
348
345
309
422
422
289
314
348
422
359
375
310
2949
339
321
353
2881
337
334
125805
117632
117273
307
375
373
493
442
333
308
344
365
302
302
362
1883
303
322
350
371
318
340
306
360
477
361
5553
298
295
324
297
309
325
319
422
442
422
422
304
422
282
347
329
323
323
301
440
422
777851
1103375
374
323
422
422
422
332
392
339
308
311
309
308
371
316
476
307
305
330
296
366
38384
313
393
1209
1356
337
25620036
422
422
284
328
19707996
458
283
322
314
315
296
1157
318
321
322
1737
367
348
372
465
429
364
341
422
307
422
344
310
422
422
422
307
326
340
314889
315637
357
239900
356
284
329
342
348
344
466
324
325
361
298
384
346
372
355
429
433
473
304
444
449
318
334
171
302
370
372
323
353
435
327
364
301
314
309
305
339
422
422
463
446
299
382
253688
372
311
302
298
422
324
294
326
320
361
303
364
428
293
349
318
307
295
289
325
310
329
361
377
397
366
848
1380
522
310
308
330
286
422
3704
327
349
290
410
338
315
422
422
461
471
320
3868
468
341
472
334
422
457
347
319
930
498
422
440
4037
317
557
296
422
422
331
914
6095
470
379
368
426
481
324
418
1317
315
333
478
481
490
430
445
867
410
320
494
429
485
447
287
317
455
422
429
420
284
8608
8378
45534
422
465
434
441
453
313
407
461
483
253648
343
5502
369
354
291
337
335
448
417
478
474
1275
462
6239
883
515
472
450
335
511
463
508
476
433
1628
422
422
6733
449
422
422
422
343
460
422
744
588
471
422
328
2722
860
304
451
446
506
1270
380
353
320
360
322
294
159
59
347
317
288
51312
478
345
375
327
77071
442
450
469
403
422
531
422
289
479
7590
422
345
3937
463
532
318
323
276
422
2017
447
4329
24454
422
1699
2600
326
302
325
303
320
297
306
466
377
363
7647
8198
299
328
346
283
3387
295
316
441
307
422
422
351
422
474
304
422
317
325
293
321
312
328
303
46584
72739
296
297
330
292
294
327
321
298
284
53830
1367921
300
279
303
313
287
338
313
341
319
116458
296
301
275
287
303
318
314
294
301
319
302
317
149770
567912
305
318
917657
317
300
294
310
316
301
285
314
295
302
313
321
299
330
367
280
298
285
308
333
311
286
332
315
355
394368
304
299
285
315
296
310
292
294
276
311
310
328
289
299
278
322
302
115366
316
318
303
88677
324
302
308
307
301
308
329
315
324
338
1189507
304
282
294
954072
297
329
300
283
305
306
326
292
316
300
313
295
298
281
313
315
300
291
277
311
360
296
288
422
293
294
287
303
294
319
305
348
329
322
305
307
332
286
319
342
301
307
326
305
303
287
603704
339
292
305
312
306
288
324
314
783320
920262
328
285
282
319
307
294
334
308
304
337
940765
312
302
323
308
135483
287
312
278
289
313
312
325
354
297
293
308
295
312
278
288
300
335
316
314
296
302
290
299
323
311
299
281
294
277
303
299
285
320
291
641331
334
284
319
422
302
321
327
279
313
304
303
293
343
316
300
349
333
318
319
282
310
332
352
303
318
300
287
314
300
299
308
320
332
307
283
317
285
303
319
294
312
324
327
283
300
288
339
328
316
333
280
318
289
338
336
304
309
289
320
309
316
340
327
294
316
285
297
305
279
666416
291
313
299
329
273
317
306
299
353
317
275
294
350
312
289
311
311
308
301
290
335
297
324
283
293
329
291
291
307
293
296
312
296
306
328
322
286
325
297
292
360
356
322
302
301
296
298
310
307
282
274
289
328
297
303
307
305
318
278
284
310
304
304
290
326
296
300
314
288
102042
311
309
314
310
346
301
298
293
325
326
288
302
297
291
288
284
296
284
275
294
305
322
299
282
279
278
322
303
312
306
292
280
292
319
307
342
338
295
295
318
297
305
313
318
306
313
312
317
296
316
305
300
305
326
312
274
347
337
309
321
311
314
298
288
281
303
366
294
373
288
289
303
284
343
306
300
306
299
288
318
285
308
296
299
306
307
323
299
302
331
307
284
281
291
344
286
299
298
300
288
299
310
320
316
334
314
295
275
300
347
302
322
321
360
342
289
290
323
311
284
321
302
325
319
297
308
311
304
308
304
308
311
301
328
331
320
296
343
318
291
299
349
333
306
283
284
288
311
317
282
303
302
300
292
344
322
303
296
290
319
323
296
287
354
297
308
291
298
312
293
286
295
316
316
306
312
279
313
318
307
323
290
302
298
308
315
322
297
288
326
309
315
285
295
328
276
337
285
307
326
285
307
307
311
320
282
324
301
303
275
313
309
300
340
308
308
372
316
321
306
343
298
344
281
367
306
309
341
298
357
299
298
339
288
298
328
323
307
346
310
280
303
326
319
291
322
312
314
287
325
301
302
317
294
325
317
300
295
300
326
297
309
343
296
339
305
316
314
283
342
303
295
322
295
317
289
307
322
387
360
300
289
274
285
296
288
312
312
330
311
291
309
304
288
279
333
293
305
302
308
310
276
284
328
298
276
281
389
292
318
320
308
302
295
287
308
297
328
315
313
284
314
304
332
301
326
316
333
282
294
307
286
311
292
312
297
310
295
313
294
372
298
319
309
350
299
311
324
305
283
315
333
295
293
302
301
292
296
297
286
292
297
325
310
314
330
324
320
288
293
306
311
331
297
337
285
296
325
317
309
341
305
276
286
286
338
282
310
296
336
318
307
310
318
125680
318
364
290
334
304
321
289
307
341
311
315
303
304
279
290
318
286
300
322
320
342
298
313
307
302
320
304
290
287
328
295
392
280
310
295
310
302
301
291
325
288
316
318
313
278
312
324
297
302
289
339
289
303
295
334
278
326
314
282
285
330
301
296
322
303
305
350
321
296
397
346
305
301
323
339
44460
283
484
213
294
298
333
422
366
375
370
333
422
316
313
1432
314
336
330
332
317
363
348
302
361
294
308
322
324
410
306
350
1691
355
330
338
37196
310
288
325
332
384
376
347
285
335
364
327
303
344
374
360
303
314
354
336
345
300
329
328
316
331
318
281
410
294
313
307
330
325
330
392
325
374
378
338
373
334
321
325
422
336
378
285
305
2573092
2321849
2254389
366
422
322
322
171
342
22658
316
351
293
318
301
317
345
298
454
318
339
338
368
338
319
328
319
337
334
344
350
352
442
340
355
341
311
280
294
4033
368
419
362
22972
22036
303
299
283
298
345
950
335
304
337
414
368
303
348
311
461
338
228
324
333
327
313
306
316
336
282
315
314
349
327
2285
282
331
487
116
441
2421
2594
957
422
347
490
432
443
464
311
364
359
81651
80757
80834
364
476
590
494
424
337
274
422
422
367
329
315
443
403
292
422
415
371
422
422
368
1197
422
14087834
422
422
914
413
426
441
298
339
413
321
341
410
423
307
333
5311
422
315
1072
356
585
331
422
422
322
276
802
491
446
533273
534543
358
318
361
284
334
318
301
275
350
314
6091
468
422
318
318
720
321
652
337
6467
790
1052
445
328
414
311
1087
864
3223
159
5997
8412
9339
124002
124863
124128
123813
123995
123245
124094
303
2787
804
306
1551
321
326
443
295
348
422
286
329
302
277
361
358
414
301
354
327
330
345
340
333
321
296
325
359
353
345
305
349
1942
305
303
14483
276
293
364
334
509
106
179
284
468
450
4993
300
440
147
790
292
211
364
314
334
7965
303
451
346
422
422
331
306
340
339
311
374
353
454
422
422
422
324
323
432
6124
887
426
460
460
422
422
294
487
464
6415
422
422
345
309
364
339
347
378
517
340
477
373
114050
115096
470
443
471
337
311
460
331
357
306
350
324
331
323
293
425
302
289
339
315
379
351
379
375
460
315
339
362
370
364
371
430
450
374
343
317
374
370
356
301
338
365
458
356
2414972
422
302
360
1251
495
375
422
328
482
365
326
277
432
1726
337
460
396
448
327
1415
1120
422
321
330
300
492
441
353
307
332
1330
1246
361
323
509
319
332
438
474
422
342
458
302
98
361
306
286
972
382
299
280
374
446
311
455
429
451
524
346
301
422
422
422
422
1482
355
322
1056
422
422
382
311
363
354
351
335
309
317
327
329
306
299
317
327
894
462
470
286
306
379
280
279
310
651
311
306
298
311
475
353
374
456
309
284
49457
42141
42149
332
422
306
313
6077
6181
456
648
776
1512
370
422
422
212528
211368
204567
199904
339
354
316
422
317
308
324
305
307
536
574
376
366
385
340
373
339
373
335
350
295
302
310
360
355
376
915
287
316
307
351
397
341
516
350
360
627
375
6115
366
1708
2798
4652
331
367
315
296
319
365
320
457
389
390
1321557
1322518
438
315
372
323
443
364
343
293
302
344
422
317
372
343
490
376
508
320
309
375
495
319
313
422
336
366
304
384
289
349
705
317
300
366
324
322
299
655
294
372
6095
329
329
459
428
381
285
10434
473
316
286
446
430
300
422
295
321
394
316
3618
475
336
366
999
376
324
316
375
344
320
278
313
478
326
307
467
309
328
372
336
455
470
422
297
422
422
422
467
433
511
536
2256
340
777
121
367
289
642
1228
344
453
422
424
367
431
287
308
323
302
496
356
303
422
422
321
377
312
288
375
422
422
422
347
314
291
371
326
313
364
322
326
422
493
366
422
286
354
321
4237
341
332
463
421
422
292
323
340
339
312
328
3909
2225
409
318
291
414
40767
432
35127
297
467
315
307
309
422
422
1677
313
297
305
305
336
323
450
448
450
422
422
466
2820
2754
422
422
334
1110
334
312
364
519
348
336
313
356
320
303
330
412
318
260
332
425
462
494
422
326
361
3070
468
116
1487
1702
2232
1020
481
434
324
2414
3236
2027
422
451
317
306
431
439
462
25
329
422
365
342
291
319
2380
1859
448
352
318
281
968
422
320
1039
335
274
354
468
337
5124
365
362
326
433
452
445
511
326
1984
350
292
379
376
338
422
413
362
362
422
422
349
279
380
565
317
335
296
430
1033
5355
341
341
358
552
347
60280
59918
328
315
300
356
320
435
381
278
284
324
1875412
456
2415
1912
15503
1371
473
457
131538
130996
447
495
474
816
467
484
358
548
485
449
581
288
440
458
508
426
277
26742
26119
298
305
354
317
365
475
19678334
19678834
24252938
24235790
322
311
329
331
330
316
309
295
478
368
380
338
306
331
327
361
4079823
361
6173
316
338
360
23668002
301
319
301
332
3026
7163449
7160508
7153757
422
1131104
1127235
306
1120007
422
422
1139936
1139319
653826
3854
374
5770
328
340
4824
358
3017
2506
368
380
348
336
323
326
312
363
320
174
338
338
373
348
361
334
115
326
328
422
307
317
367
335
349
303
300
365
1155531
362
1154153
368
377
1151677
354
335
350
345
329
12658
282
8613
351
305
5474
312
305
362
315
3407
6640
635
309
324
346
295
339
337
325
1658
8265
920
422
4438
341
345
332
330
304
305
309
337
328
346
360
341
387
373
422
422
422
361
388
376
380
359
293402
277
303
310
286
308
281
307
335
293
326
302
294
286
294
273
299
331
311
304
338
315
308
337
307
296
329
276
289
322
73573
308
342
280
316
277
336
283
367
310
305
318
422
320
337
326
304
285
323
336
299
307
277
365
292
132
267
299750
315
327
309
1925
1894
500
319
300
334
313
300
349
350724
302
312
375
337
283
519
465
324
422
505
282
367
481
353
302
473
296
313
522
452
338
299
388
362
841
305
337
419
310
403
465
584
357
325
1629
285
337
589
541
357
365
294
319
381
343
2266
422
364
2242
422
3704
7179
3654
422
479
96
398
346
458
360
575
374
321
311
356
616
344476
356
530
176
441
1728
1034
1753
8637
280
2571
384
369
320
305
322
309
460
354
796
315
350
422
422
313
470
368
340
1339416
1340024
1333117
1303338
1302772
1300682
2498
422
1092928
1092377
1091872
1085578
93
121
411
312
422
372
366
374
288
283
422
298
335
422
422
422
422
422
422
334
411
422
343
471
573
331
3483
321
329
294
293
315
350
422
354
1200
1542877
446
521
461
428
422
3793
454
450
455
371
312
474
297
422
422
417
304
304
169
422
436
329
447
310
456
419
2541
422
422
344
438
441
284
489
422
1815
422
422
422
422
422
308
466
419
458
358
372
1146
462
453
284
437
304
314
306
2462
371
300
324
422
422
4227
3280
2047
509
293
281
364
441
317
327
407
348
6421
437
294
510
422
1114
422
473
455
463
486
358
306
345
393
452
323
320
454
1306
298
419
318
464
441
422
422
9272
422
422
422
440
441
506
495
333
507
492
365
297
330
344
295
2847
360
296
422
317
24133188
299
349
319
340
311
325
319
422
457
1330
284
422
305
2328
349
43
335
468
397
519
435
422
422
351
378
473
465
309
422
422
422
306
464
283
443
422
1034
422
467
17383
2182
340
359
326
321
477
304
364
379
376
367
300
353
340
318
327
307
319
339
325
303
261
448
481
422
2496
462
422
422
422
323
323
513
433
505
5745
378
532
422
422
4066
1687
768
2495
367
422
321
422
4040
375
361
301
335
487
363
422
313
1227
472
422
376
312
353
452
320
305
300
314
277
352
327
283
323
310
293
339
113417
110748
374
293
317
361
370
284
365
328
315
554
342
336
357
309
368
422
359
312
337
374
422
377
335
463
324
345
322
322
322
357
591
380
312
338
324
329
325
435
347
357
374
351
293
375
499
306
358
467
360
345
361
64
366
361
293
320
372
344
422
322
361
312
321
305
380
303
619
317
331
376
281
324
298
377
321
295
310
378
364
340
297
316
317
372
351
320
305
366
931
311
324
369
292
435
489
342
357
422
422
289
451
2826
463
62
482
454
422
422
2315
482
2647
423
317
335
21343
403
300
467
455
280
318
1056
922
345
325
333
336
293
52740
52908
422
53713
1901327
1901486
1821176
1820986
375
294
332
458
314
422
332
327
286
300
2098
315
422
28684
957475
956756
296
2262
411
331
333
348
301
328
337
399
354
369
322
1014
980
419
335
378
336
1867
321
364
421
460
443
369
296
464
510
306
313
422
422
422
429
5456
3293
320
234
457
483
1472
1371
6071
1403
452
419
317
463
340
306
481
5858
464
422
448
357
368
1345
339
300
461
875
466
453
302
441
153641072
461
322
283
403
302
316
2526
473
446
374
362
315
342
466
785
328
578
356
317
441
422
422
441
341
307
312
422
422
340
2802
301
303
317
315
362
335
379
334
297
301
330
986
312
311
326
313
440
363
304
338
301
294
319
484
380
377
328
342
320
327
325
357
316
329
316
303
277
385
309
422
298
355
324
303
319
285
321
330
333
307
321
449
343
422
422
447
421
337
422
361
377
422
636
1227
332
326
371
422
296
313
448
324
422
464
345
318
5596
5053
463
445
254
422
3085
5489
8209
445
455
484
14308
13476
338
560
526
454
371
304
307
317
324
329
473
441
331
422
422
422
422
324
337
1057
334
338
338
336
343
327
422
422
422
422
422
422
422
422
422
422
422
422
422
422
422
422
438
422
342
298
328
326
459
613
531
471
418
307
6072
422
422
422
792
499
420
1314
444
453
444
247
380
481
2179
452
2262
295
422
718
1521
419
296
424
366
331
328
291
286
344
306
288
303
312
357
486
325
1424
346
322
338
326
429
322
342
282
352
311
342
359
290
98594
308
308
11309
390
304
87872
371
315
333
327
28904
287
332
500
112535
368
89641
60222
328
333
324
310
3119609
58734
318
304
319
352
296
3090478
299
339
319
303
336
320
341
333
115521
81480
215844
350914
33916
62768
129749
64320
311
422
422
342
327
359
321
304
303
283
312
300
329
308
369
184
319
310
308
341
342
311
351
299
320
301
348
360
373
342
342
305
347
318
360
41807
38545
39335
306
4141
3333
462
350
888
439
423
448
422
422
422
330
422
488
410
283
329
328
301
357
422
445
327
5323
422
477
557
289
471
506
422
503
481
470
447
506
341
356
326
533
304
665284
664489
664045
289
312
306
331
422
426
490
459
433
1977553
318
315
782
888
422
368
365
22595
4228957
349
362
379
338
471
343
366
367
309
384
290
329
29197
25024
33590
91
295
324
364
334
43384
422
422
19442
18735
421
579
517
60
5125
4828
6015
288
315
330
360
430
477
422
312
422
401
330
347
322
336
317
305
1107
385
296
316
328
373
327
355
324
400
467
329
312
2726
359
388
294
324
349
714
464
552
364
499
422
661
1233
536
4238
417
5098
9658
3924
614
3988
19916
19304
470
304
436
363
1705
364
483
354
1513
422
328
279
10751
422
422
471
322
422
282
348
323
359
1165
435
716
359
424
114276
4222
422
422
454
330
177
420
444
487
323
305
314
321
315
312
347
377
347
473
524
384
422
309
332
516
347
388
799
297
514
546
447
316
510
422
402
308
357
290
422
461
351
337
316
346
311
653
323
340
463
345
328
357
461
328
298
365
422
4509
4308
328
5219472
479
332
495
435
3187
3424
436
9
477
428
710
481
10084
333
351
337
291
508
368
801
453
1644
2995
2264
440
351
355
1085
433
309
278
306
375
106102
105258
304
301
568
315
314
292
369
335
13785
366
343
692
520
1163
324
1239
323
1718
299
234
675
241
339
316
441
325
304
285
341
301
350
35327
295
371
324
778
312
318
369
303
422
422
301
302
312
350
321
372
304
329
299
398
347
199
2779
709
229
4189
157
350
328
349
356
303
295
333
332
307
317
288
314
295
6340
6263
323
208
237
336
311
6212
173639
173436
172710
419
297
296
296
391
315
332
292
310
314
378
369
367
362
340
370
354
375
376
340
364
329
339
577
311
342
249
413
356
300
421
360
333
377
417
324
300
363
337
457
325
329
739
295
321
345
330
371
705
376
429
310
280
368
339
361
422
422
523
365
365
321
379
320
309
271
307
422
422
307
361
317
329
362
329
1369
335
307
301
374
376
330
291
312
443
582
329
293
301
321
289
300
365
316
326
322
369
478
316
534129
366
550
422
337
306
454
326
9784
422
422
301
294
290
422
448
465
93728
94304
422
422
616
6152
513
471
569
291
583
6137
403
427
435
382
321
290
461
322
460
302
462
436
516
472
520
340
319
422
422
469
466
504
4377
3359
422
422
530
514
494
313
490
331
308
362
1201
353
328
301
739
9452
299
323
337
340
1423
329
1488
1795
279
298
291
307
330
402
324
313
6895
480
422
422
506
513
454
352
292
475
358
2224
2259
328
2152
312
289
337
517
422
288
483
262
324
347
343
319
290
302
131
209
1500
6296
171
115
7071
342
463
315
338
345
155
1565
254
2030
252
409
543746
325
620
331
2053
5117
269
2788
333
353
348
345
322
536290
527631
422
291
331
323
346
325
2724
328
321
336
314
327
335
295
366
344
323
422
372
368
514297
322
325
327
316
321
332
329
377
317
322
371
318
314
325
511206
330
318
409
319
336
363
344
323319
309
303
312
308
354
304
326
275
327
4861
2137
274
331
316
53
267
323
322
351
341
314
410
331
1770585
565111
346
284
333
422
422
363
5110
4190
352
422
422
422
422
422
481
364
354
311
422
422
443
302
334
319
537
488
454
1075
316
282
6064
3126
3066
412
653
532
6851
6658
422
476
475
989
341
500
422
466
422
1375
334
450
522
117373
447
47389
65933
66215
64559
422
422
422
306
403
305
486
352
349
336
43
480
322
422
8894
606
422
422
304
447
345
422
301
300
12237
317
6096
379
512
6090
373
473
16354
403
448
318
420
320
445
442
497
476
315
302
2458
294
11152
363
451
422
310
334
475
5007
6153
487
422
422
25
422
422
503
422
6084
288
325
446
445
422
422
370
425
435
422
422
464
447
306
426
498
422
314
1054
338
562
598
406
504
524
654
403
30459102
279
463
6773
349
1888
2620
321
3953
288
150
2810
431
282
422
354
1200
500
421
350
351
546
454
450
556930
100319
456
422
562
8746
6034
2728
518
299
455
464
325
12695
13436
330
448
453
1106
463
422
462
403
431
325
332
311
317
304
3032
486
422
371
462
422
457
436
506
702
448
454
283
293
422
1048
302
4432
287
318
343
456
416
297
334
357
295
479
443
449
2294
373
403
315
473
121023
120227
240073
102445
118461
3432
383
1678
279
295
347
375
305
317
1122
210
460
452
472
381
436
280
320
422
315
882
324
341
320
422
293
289
450
378
422
318
377418
379260
323
1325
299
81361
303
511
369
483
472
4091309
484
324
292
312
8103
7588
6997
331
2465
335
422
631
464
415
1219
6080
5816
6244
105
422
422
282
448
582
422
320
41364
422
5035
4329
8523
354
495
422
422
417
475
422
485
349
469
479
332
518672
519385
422
422
321
326
422
450
447
631
6834539
550
442
323
465
333
340
454
1525
297
478
576
624
305
363
335
335
463
477
303
367
329
470
360
385
1333998
297
301
318
289
2450
330
304
297
322
4614
1180244
1181121
374
328
305
303
474
329
336
362
2109997
325
309
348
328
566
295
449
425
3776
754
7
1072
2071
360
316
365
448
329
334
314
322
308
422
422
483
303
6283
776
311
365
299
8958
8882
309
443
433
303
443
321
442
326
378
352
422
355
313
310
431
371
346
319
321
304
321
422
422
422
422
422
371
338
422
346
308
335
326
305
295
314
311
365
504
1350464
304
331
1306686
322
373
372
360
311
328
338
319
367
448
487
533
324
385
295
380
313
318
372
329
285
371
45610
91292
92189
91113
367
91459
91412
90539
90478
84361
329
84231
91442
91342
91703
91713
327
16438
324
286
347
322
352
349
326
347
313
313
295
346
325
368
484
366
318
300
370
334
316
303
334
623
319
325
425
320
566
370
371
327
310
317
303
381
340
298
369
332
337
298
302
370
315
1868
1671
563
322
363
295
369
645
309
503
486
3218
334
295
433
321
358
316
324
370
295
327
374
342
327
335
303
291
342
345
313
364
367
370
364
422
422
422
331
452
416
468
403
460
474
878
378
422
422
375
410
1939
2101
317
303
359
300
447
298
357
326
454
667
521
466
422
422
6288
415
445
413
477
450
293
343
297
303
790
347
281
291
317
337
112808
113717
1266
276
16450
13591924
13581402
13538848
13536214
13410149
13335010
422
452
457
422
422
292
481
2253
445
2929
451
359
475
577
416
486
358
362
8674
7621
7817
452
16
422
294
574
462
456
319
297
315
286
318
351
340
422
422
443
441
422
492
303
422
422
3121
322
374
474
418
331
344
422
422
308
433
310
46865
46093
460
379
283
371
422
715
475
422
1881
366
2758
4945
5440
322
315
434
158580
157825
422
507
607
420
498
358
22366
304
1779
343
482
307
310
358
315
297
328
366
357
324
3735779
3734908
10471
373
26895
388
402
318
117953
291
326
124265
49792
40321
89735
74284
291
284
106748
346
422
302
2
54147
306
422
327
329
50305
306
422
324
330
329
339
360
358
164491
422
4075
2977
10801
422
284
33298
314
61836
136649
41782
163289
20437
318
324
1039
318
6635
422
422
453
763
316
517
422
327
324
1171
310
10299
6137
353
3695
422
1945
3631
481
488
328
688
40
913
2938
1718
364
475
3031
459
422
422
1999
344
477
280
489
328
321
346
328
448
332
337
411
345
313
427
469
354
319
320
422
422
364
334
291
356
439
467
469
360
481
322
459
2800
5160
1519
422
513
328
285
343
826
287
322
534
565
496
449
468
303
422
444
471
316
492
357
422
2554
1168
679
346
2352
439
478
331
331
464
378
456
422
476
886
62679380
147
1199
2394
1808
434
493
422
422
4777143
422
484
422
414
422
497
312
296
450
6084
422
492
480
6076
298
444
477
2744
422
434
436
422
355
447
363
459
1486
1411
470
422
422
4101
3653
497
440
366
454
451
437
336
70089
82050
422
422
467
439
955
775
4765
455
422
479
316
1076
1277
2063
318
338
286
333
331
329
551
450
449
430
970
1079
309
955
3499
354
425
422
422
374
293
499
283
347
312
1164
907
377
326
422
327
331
313
337
330
369
382
347
357
1715
1329
344
330
463
291
320
346
290
363
358
309
328
320
439
289
362
1109
310
298
308
347
35268
566910
567726
356
522
321
322
296
442
423
2206
441
341
83
355
497
1155
101
371
310
373
455
492
416
318
301
286
363
309
6064
3081
7783
4050
424
524
429
422
344
288
341
293
1107
829
316
294
295
422
305
380
280
428
353
422
422
301
351
454
1553
7969
8856
422
1466
284
509
333
324
330
310
436
749
1567
1730
7922008
356
330
372
313
484
295
436
461
471
422
850
331
477
489
355
1937
422
2958
2690
419
333
1577590
1577827
1578176
1379497
343
342
298
345
460
2647
318
356
302
349
1283
300
326
376
331
331
319
379
336
308
1757
642
393
342
4374
995
138751
360
366
839
422
90
312
318
284
285
354
298
341
323
387
311
382
319
349
290
312
331
513
1460
533
339
317
322
326
386
424
288
333
482
430
350
344
362
1190
22507
23602
356
289
320
327
447
458
1943
510
422
422
469
419
421
327
298
314
461
424
419
319
456
501
521
475
331
477
310
413
299
293
439
413
546
367
455
279
456
265
1341
1727
422
318
379
367
422
325
500
473
362
282
298
1118
4520
426
329
293
344
331
348
821
384
306
325
6110
342
469
335
307
345
324
351
353
3449
527
528
505
356
470
437
346
2709
302
422
6097
466
446
338
324
422
346
419
363
314
327
329
317
326
318
303
299
328
495
486
71
92
486
456
327
336
2630
155571
156446
576
5679
53974
54889
53840
1771
15128
9308
113895864
495
305
332
1057
327
364
294
278
331
1515
92482
9800
8545
7661
422
96980
96116
96836
94718
295
2851
3061
315
325
379
322
444
783
60965
55911
98801
55950
115375
55873
116340
56741
116215
116209
58319
42924
86908
103925
43721
87749
44145
106722
86037
50546
85224
86038
86679
46517
45428
38729
62727
61808
62640
61291
61999
62096
60511
60454
34525
62127
35390
34386
36071
62143
35687
35276
62221
36080
35937
61350
35349
35172
36005
35148
60159
59321
422
44044
59308
42832
422
59768
43665
42181
58681
59518
58670
422
59528
455
1384
26302
24170
24982
26326
26047
25234
26043
26089
6090
26116
25287
422
15289
422
16253
422
422
422
63
2704
429
459
2516
1277
2002
103869
103190
102989
486
103172
98357
422
508
1102
955
422
96384
96874
95983
96091
96792
96002
96962
4903
538
1094
74627
422
422
422
515
331
332
288
168
551
333
314
367
328
333
321
1183
336
323
311
294
416
3341
299
11317
316
316
368
346
624
431
286
380
295
464
481
345
338
331
410
425
335
313
314
416
307
337
291
509
426
469
302
311
287
341
621
332
510
418
340
305
300
330
316
422
298
311
313
304
315
139
287
312
338
422
334
300
368
285
458
332
362
493
496
422
422
412
439
520
422
422
422
93514
92933
619
433
482
434
6129
48763244
314
608
39690
1462
38085
38504
303
329
467
469
450
2652
384
2901766
328
2892176
2892833
22766
2754185
335
2901275
2865884
2861054
2861609
2860671
2714622
321
2874377
2874622
320
319
371
220214
321
328
291
300
327
1159444
1158317
312
323
3207
419
1176398
308
357
5025
518
346
313
316
321
905
296
313
351
344
338
313
422
422
359
7568
334
2015
469
127
422
422
422
422
829
471
302
1469627
1470396
287
320
567
357
479
533
338
353
342
321
299
335
490
296
279
469
10436
1189
491
346
478
466
5177
450
291
1625
1150
422
427
422
322
422
422
496
287
339
6123
449
27975
6182
447
535
315
314
359
1291
340
299
323
289
507
93
278
313
422
480
434
422
1637
313
422
1363
36
401
440
464
1064
482
319
491
460
1021
292
1755
534
367
504
857
4514
422
303
305
445
437
478
342
465
329
436
303
422
422
491
547501
1163
323
302
302
330
1085
302
298
476
440
436
332
509
305
354
318
541
298
282
291
439
1140043
296
297
455
324
422
448
308
480
452
422
335
233
1716
447
412
467
376
422
3078
466
319
499
448
460
351
310
299
2623
354
480
418
1635
1010
422
422
448
6136
370
478
464
330
3701
132
72
422
343
6102
449
471
761
278
308
453
427
468
1267
547
35052
326
323
382
335
4543
348
422
323
519
518
466
1510
300
318
320
6793
7011
305
343
364
314
326
316
358
371
291
313
376
296
286
1168
2483
1078
361
310
402
308
3839
422
442
7364364
422
422
1235
7357479
7356986
422
422
422
7354228
442
425
454
311
306
363
357
469
337
368
342
357
289
323
82
407
422
381
314
829
327
437
308
342
354
450
450
304
382
462
299
422
298
375
29540
152617
422
321
341
331
337
303
315
358
362
288
360
364
362
422
429
367
7459
307
358
324
369
422
422
300
347
380
299
326
377
372
246
422
422
1583
376
207739
60681
315
319
331
335
303
449
296
355
327
422
351
341
360
338
369
338
426
311
345
326
339
311
323
422
422
551
333
396
305
304
424
322
315
351
350
338
286
345
333
317
1009
334
499
437
349
351
332
302
360
339
294
342
336
292
323
305
363
336
365
376
367
373
285
349
368
462
340
382
385
635
323
370
329
349
350
349
315
305
366
308
129
300
313
384
372
317
324
307
311
308
671
278
354
306
301
318
288
352
365
278
295
320
336
1301
333
337
309
310
321
326
632
368
648
368
318
327
978
367
439
384
373
483
341
302
289
320
359
335
312
342
320
453
310
329
372
490
310
306
3486
321
651
1718
2604
289
380
360
499
423
314
368
338
293
378
359
363
369
367
299
308
324
321
348
313
523
371
314
147667
317
348
298
329
367
468
308
422
446
325
1100
374
313
813699
745981
350
310
345
298
330
324
313
347
296
917254
287
322
318
349
346
362
332
451
434
447
287
338
422
422
2011
437
460
422
1359
560
536096
442
2082
1831
438
460
422
422
360
299
507
309
488
479
449
481
517
474
292
290
422
288
1970
312
365
316
294
305
1940
296
463
425
446
478
296
281
422
319
452
464
407
467
369
871
506
112712
3062829
3043838
3044407
7892
341
858
299
407
338
452
461
3480
1496
1597
2738
4850
1564
305
2970
310
303
417
641
22739998
317
433
472
364
437
326
343
289
20409196
9777844
827
389
496
302
321
15247
19672
474
486
380
656
11587653
337
667
347
311
574
476
485
471
447
439
324
344
330
473
300
372
343
326
354
599
307
55417728
353
483
287
6727
44
479
416
369
367
320
364
291
307
4423
453
356
226224
225441
433
422
2973
7164
154
345
321
360
447
2316
304
4862937
10060039
10059701
333
441
7037551
315
281
311
2498
2760
6670651
369
330
305
7111926
310
7006649
359
6900011
6558190
339
417
422
422
38
365
332
4259
362
348
367
473
364
339
3580
320
17907
372
325
325
338
280
9402
300
313
346
324
319
342
457
322
360
359
335
313
3079
372
260
7540
422
344
371
371
372
422
422
49875
12831
3787778
2388062
3774286
303
279
298
1386449
344
293
331
1650632
303
309
283
301
291
310
339
277
282
2390505
289
286
2003877
2171785
294
309
337
208290
304
324
284
2619
422
343
308
368
92
422
1273839
2919
2730
422
614
422
356
302
1290163
320
332
427847
320
417474
418148
418187
349
332
349
320
296
96461
322
297
1776
308
379
366
343
316
422
312
297
346
322
322
576
347
299
351
321
738
158
329
346
336
349
422
422
302366
326
313
4125963
4126757
323
316
329
358
2264
327
699
345
2143
689547
688746
689505
688640
463
475
380
314
335
347
321
310
304
303
307
316
122209
122443
362
335
320
5066798
384
7238301
341
5870043
5866171
422
422
5783230
5731099
5509649
5502385
5490190
5442739
5438113
5438717
5303473
5300492
5293995
5294401
35073968
35074432
314
303
344
489
426
340
322
422
422
422
422
451
422
422
422
422
422
422
30282260
343
385
332
307
330
306
464
320
337
290
309
354
331
17454
12267
464
332
329
348
1071
365
326
318
338
2572577
357782
327
336
292
348
325
342
363
353
453
299
302
422
346
333
1190
325
326
276
306
322
448
2856
302
302
319
370
422
319
302
360
320
317
481
323
254
499012
499105
326
25680284
25535324
452
462
477
7398
13026
72
5096
292
299
467
450
921
454
446
471
462
1042
284
463
292
516
443
479
2256
1514
465
516
505
543
2249
348
317
449
25934
298
331
346
307
422
422
332
4991
6116
713
317
509
453
6116
347
311
338
315
324
308
422
289
338
301
338
348
334
303
386
358
324
369
286
368
331
329
367
334
301
345
304
330
300
306
312
422
422
422
422
2595
422
2342
2249
1415
422
422
2203
2313
422
422
375
298
422
422
422
422
422
422
422
422
460
422
422
422
808
422
422
422
422
422
320
354
332
298
305
337
328
361
286
341
324
307
288
480
315
790
326
493
448
487
616
359
304
351
732
473
178
324
332
280
441
788
308
304
353
293
417
734
316
422
528
469
300
6483
425
443
422
341
284
327
422
6068
287
306
322
360
434
402
485
475
434
301
315
333
409
422
422
422
473
5562
453
452
436
301
482
290
373
422
422
326
312
469
320
314
309
325
295
980
306
310
327
356
322
358
325
370
300
366
328
339
352
374
345
522
482
13341
490
422
334
317
422
429
454
422
479
294
422
329
422
299
785
320
297
320
491
327
306
329
320
6767
8526
1005
982
372
486
455
422
422
25464
26360
29069
36840
35973
18070
18076
18954
422
36106
56948
434
36858
37003
38764
18519
18746
18614
20124
19204
19205
10742
10151
10868
20655
20407
20685
9719
10535
9670
422
422
422
422
422
10687
435
455
449
333
380
492
722
4867
448
339
304
330
323
329
468
3485
422
315
278
293
286
481
307
344
301
335
2908999
365
4205697
4088913
4089826
2100
4025861
371
366
344
2138
360
309
3599843
2513339
351
304
470
465
330
377
361
379
481
343
301
377
318
322
328
422
312
314
422
422
422
422
422
422
422
422
374
348
353
982
302
2625
313
482
324
338
139
699
319
1293
7866
506
353
300
298
369
350
463
277
3658
431
373
480
312
334
310
316
367
365
1068
325
370
306
305
321
373
422
425
684
326
297
364
285
376
350
336
366
360
312
318
390
323
296
312
368
307
445
600
361
362
356
322
548
358
346
385
291
342
346
353
611
352
297
482
360
302
369
376
338
341
313
314
368
333
510
313
324
325
1014
341
740
323
374
357
377
444
377
324
326
327
312
309
132
1351
331
349
331
322
365
383
474
298
351
360
303
375
322
315
287
371
364
313
326
315
383
327
301
1105
376
322
511
335
367
299
29612
30250
367
793
302
326
377
332
322
373
345
5248
5003
316
281
348
295
331
282
309
338
367
369
379
352
342
307
311
335
311
330
305
349
311
323
313
363
306
283
349
345
451
325
1424
298
307
316
323
312
335
302
307
310
285
326
379
290
1261
344
288
342
298
317
337
782
741
534
518
322
337
360
320
302
345
370
319
325
377
348
332
554
737
735
351
422
345
349
452
612
371
542
2071
443
461
463
442
384
279
319
420
326
437
286
304
334
456
450
327
379
422
422
319
536
313
451
1627
389
403
320
104251
303
304
334
454
291
360
422
422
422
422
422
439
283
422
12614
548
464
442
1149
333
1484
956
1383
1016
321
447
345
385
301
422
422
373
422
422
316
348
309
364
327
326
298
99452
100078
655
435
305
343
343
3995
448
306
365
346
422
312
422
321
2702
3430
277
422
309
436
340
332
312
473
447
488
11280
348
346
295
334
422
346
1002
448
422
422
368
2609
422
422
422
319
318
351
455
6997
6622
725
5214
345
350
479
479
325
322
388
347
4022
2400
341
348
324
300
350
335
323
324
328
322
369
449
292
297
337
312
316
344
339
308
338
315
339
348
317
349
353
341
354
297
323
375
280
361
369
313
303
369
348
305
350
329
335
373
328
363
355
342
286
325
301
366
491
331
334
369
314
319
297
322
334
354
422
331
422
304
7266
3379
437
368
431
422
422
422
328
347
722
447
317
332
446
456
422
422
324
331
338
425
346
299
285
422
5522
10325
1383
8838
3507
4411
476
315
390
479
519
422
2622
462
9913
270
517
2134
552
422
355
443
485
276
281
422
325
319
306
350
292
7701
7434
460
426
6263
410
317
357
459
300
348
345
347
319
460
126
422
6094
457
324
327
468
313
4118
677965
469
409
475
443
1062
421
438
106867
107661
436
455
5577
532
93067
288
8535
8252
317
5497
422
469
313
449
432
441
442
323
8603
433
422
289
331
2730
319
330
327
327
339
329
4418
483
1339
1159
1342
447
533
454
321
323
431
305
326
305
2393
357
422
371
488
111
309
340
422
444
417
473
307
529
451
449
488
278
513
321
302
17284
16412
331
325
428
482
471
3133
510
488
499
462
492
422
422
557
473
424
440
422
422
439
445
329
450
1367
1754
112
472
454
327
883
6720
305
499
490
340
315
336
300
366
6054
345
2403
465
402
283
6196
422
422
422
313
360
978
350
313
354
2004
307
10
438
372
422
422
294
326
365
301
342
329
347
356
297
312
370
448
320
416
442
281
903
315
307
372
365
284
330
338
422
328
356
374
308
372
451
475
326
352
314
453
300
317
293
379
422
289
311
770
329
422
327
368
422
366
346
338
330
324
294
327
324
381
296
666
288
366
337
363
312
369
336
422
309
1269
926
331
336
316
337
319
371
367
348
330
362
296
37183
37998
367
310
495
339
324
332
322
363
329
365
389
315
313
863
354
365
356
365
363
305
325
486
290
682316
681423
296
277
307
318
281
1299
1669
1039
528
495
381
332
312
367
364
337
452
281
321
310
344
914
303
343
311
350
361
422
331
342
422
325
369
282
307
363
318
349
379
303
330
422
597
315
335
648
332
305
347
328
1533772
422
422
319
458
435
443
2875
348
322
1622
277
273
465
341
325
284
10120
340
315
338
496
453
838
422
450
456
1212
301
592
465
422
2838
422
6021
453
446
6638
475
333
309
417
5588
19206
194650
464
429
308
312
347
315
298
333
436
327
1751
314
18769
19571
463
451
314
292
432
471
464
466
465
14956
439
422
422
453
309
298
462
425
433
422
465
477
426
429
1351
344
464
479
321
900
293
341
376
335
281
306
336
297
314
349
107704
106908
332
357
299
495
348
342
372
482
1203
370
456
323
312
288
309
305
501
457
329
422
172
297
2756176
2756920
2754510
1210127
422
349
342
2631759
358653
318
422
422
327
316
305
294
318
311
311
288
310
422
306
316
19640562
19640298
19640110
334
319
2302452
1972732
344
353
2224
19618612
365
422
300
350
422
353
422
334
319
330
353
2151
19605328
700
317
422
1188
372
2173
318
329
324
22989078
22988520
22984684
22985232
348
422
422
422
22593234
22590874
22587500
22586934
21564892
22530966
353
302
304
24493746
490
429
349
422
422
298
422
422
422
333
977
466
349
300
321
323
342
422
422
1768844
309
327
318
306
292
370
321
422
358
458599
1017256
909
329
290
346
422
422
422
422
422
334
354
341
328
289
488
322
307
356
315
301
376
367
361
299
341
279
468
446
5275
469
1176
326
56
367
415
300
443
311
274
1184
1290
157
422
422
436
394
345
433
439
422
2450
18705174
362
472
468
461
2774
329
2622
327
285
416
467
439
439
504
1953401
1952605
1923365
417
362
366
363
434
440
1479
375
612
332
298
422
461
3001626
818
309
299
302
180485
422
422
2024
331
326
325
298
298
356
320
342
306
321
321
322
343
299
333
5162
325
417
289
336
337
314
315
406
467
364
339
365
327
318
288
422
422
422
322
473
327
361
370
308
474
529
381
306
298
345
331
454
533
354
313
485
422
422
446
322
446
494
471
2661
299
958
422
288
332
422
361
791
292
1482
424
354
312
335
87
292
402
422
422
471
334
452
2067
306
283
3098
298
454
303
367
307
112
576
416
408
299
337
138
119
422
291
423
804
360
311
347
435
289
316
462
6844
424
148
18
468
5279
472
422
309
465
485
2722
345
317
53
328
513
337
321
302
353
317
413
316
311
306
361
336
310
362
422
422
291
328
422
422
335
384
295
366
287
315
302
323
326
311
322
292
332
1037
376
313
320
321
363
1967
338
347
330
297
317
348
337
317
302
337
331
322
340
906
347
315
422
422
422
422
555
422
422
422
422
422
422
462
422
422
422
422
422
422
422
422
422
325
294
311
333
356
322
327
4166
322
339
333
348
365
346
336
320
301
363
3661
320
324
319
323
422
326
350
459
324
307
346
348
482
476
338
422
422
372
1154
373
494
368
309
348
356
333
366
362
350
320
376
296
314
302
305
346
382
362
353
369
349
388
366
299
288
362
313
366
330
348
361
309
311
350
3563
3803
422
422
299
1147
380
290
387
371
362
321
376
360
497
467
353
457
383
431
350
376
301
482
287
303
351
312
343
526
315
376
342
322
332
332
280
352
372
330
314
945
278
340
314
327
337
379
344
330
367
283
314
1378
343
307
361
326
335
318
331
343
303
324
311
335
1094
1072
1440
322
314
335
375
368
322
422
15638
370
304
362
320
311
317
276
285
299
290
301
312
374
350
273
333
374
336
325
338
282
326
311
320
335
308
329
373
325
486
361
145
327
337
356
335
284
286
54
299
284
308
305
328
325
341
359
303
359
344
357
326
293
332
352
340
279
293
289
302
295
310
334
315
293
422
298
306
331
324
336
314
312
322
337
886
767
336
943
296
304
359
346
307
294
364
295
323
335
309
324
311
336
298
303
356
541
301
320
342
328
336
496
377
290
87945232
87944672
344
286
299
333
319
363
328
338
300
332
429
327
344
2943
3332
354
347
317
327
329
326
994
1115
289
310
301
312
312
327
2043
367
344
348
373
374
360
384
361
344
330
433
318
293
306
358
298
456
492
333
421
321
324
314
324
297
296
357
938
348
300
484
424
634
332
320
354
321
315
329
483
302
350
304
634
360
325
321
333
5339
5031
436
368
422
307
311
333
2088
356
378
309
422
422
330
422
345
298
4870
5391
5643
422
422
2177
496
958
422
363
368
306
469
309
310
284
6253
576
327
297
309
329
331
467
478
359
420
322
403
412
425
546
375
422
1070
422
422
422
329
311
291
315
307
325
319
291
279
363
301
372
344
304
295
486
288
452
422
422
282
309
791
347
372
305
277
321
359
354
359
361
367
343
329
379
309
346
359
310
371
552
483
1765
474
403
422
431
294
401
300
298
422
323
304
449
354
304
325
295
311
567
499
294
351
355
334
329
323
316
422
318
374
313
323
346
366
1737
422
4190
325
324
324
313
380
422
422
306
308
280
325
347
327
315
317
291
310
109438
110669
1402
309
346
372
325
327
215
317
291
311
320
306
685801
684990
308
402
238
2793979
2793780
2389
2789603
302
292
303
353
352
326
299
291
422
330
363
297
408
11893
25794
316786
378
286
348
357
328
350
364
359
349
323
365
367
329
366
377
322
362
359
338
300
318
313
324
1054
331
287
315
367
341
287
327
308
327
446
332
313
323
324
309
321
348
347
322
311
288
366
8737527
269
124
357
330
974
324
328
315
317
308
367
336
287
340
336
411
340
359
139
499
433
293
422
29494
350
362
312
331
335
338
350
332
373
359
296
291
278
2521
319
314
422
422
305
684
585
1183
4090
2594
449
352
5764
293
323
436
11372
305
285
315
332
447
4725
363
6323107
521
323
322
509
336
152
339
320
1136
325
422
422
422
422
422
422
422
283
787
422
359
432
422
343
5230
338
650
332
453
296
302
297
474
317
454
324
287
792
971
351
308
429
427
294
325
380
314
298
278
449
335
504
315
465
306
422
316
232653
231977
293
301
328
315
318
292
461
304
302
336
2624
469
352
458
294
902
332
331
374
422
298
1993
304
333
295
298
321
361
162094
285
15847
14948
322
274
340
295
60449
48658
311
362
352
486
364
308
331
369
279
336
319
443
467
452
312
62336
304
348
55
582
341411
455189
2536
6069
421
3472
2960
334
291
385
327
322
2460
422
422
402
494
309
816
345
312
25703
1545
410220
409717
378
372
433
473
311
1776
354
256938
257469
361
366
368
376
287
339
355
361
388
327
306
422
422
315877
316854
182378
182592
180680
341
364
313
317
340
371
314
319
326
388
319
364
313
329
328
362
363
363
366
353
324
354
357
351
349
328
324
344
375
361
363
357
380
336
335
328
338
351
349
339
336
392
341
328
365
343
374
350
366
319
363
387
355
353
321
356
370
363
364
380
330
344
367
370
364
331
346
325
346
366
7655219
373
337
352
406886
45922844
372
370
333
359
376
365
331
339
346
369
368
359
372
348
340
365
364
45865720
359
356
337
349
328
366
331
346
363
331
373
362
359
352
370
336
353
351
345
353
331
366
364
368
363
355
360
334
422
334
356
249
336
366
344
331
337
338
369
331
367
332
329
342
349
329
13833
24525
422
422
422
422
7999
14594
337
320
337
2197
422
422
422
422
422
422
422
316
6571
17368
422
346
422
10720
9944
422
422
422
422
422
422
319
304
323
45517360
422
350
323
331
422
422
422
422
422
422
422
422
422
422
422
422
422
422
378
364
318
369
324
335
326
316
325
310
365
331
354
339
346
316
336
364
360
378
3078
3183
6725
4696
364
321
377
97
373
422
422
422
422
422
314
326
365
336
331
314
367
308
304
311
309
332
632
316
332
386
380
337
316
339
503
361
360
336
507
499
298
299
303
908
289
335
377
536
310
371
330
307
281
475
458
293
316
936111
305
447
349
383
341
319
351
330
365
330
1645
322
463
2032
470
47226
422
341
378
309
3288
543
936
6058
324
584
1255
455
363
338
365
301
422
363
422
339
479
480
523
491
321
324
357
413
375
299
326
340
352
352
301
351
527
296
315
333
2571
168
9030
130
347
450
1487
314
339
339
359
307
309
4785
284
362
347
347
560
403
331
325
517
359
321
317
323
320
316
499
464
1506
289
464
453
526
302
312
328
343
296
334
363
319
291
291
342
490
422
319
360
475
421
3179
317
295
589
306
319
300
422
436
307
120
1339651
308
1286144
1286960
621
724
1193869
1193289
439
1054485
1055141
340
1565
302
315
2732
311
453
524
338
607
476
368
355
366
428
355
422
422
364
153275
403
1189761
1190626
331
322
304
340
323
4606703
4606300
4472329
4471885
327
321
297
359
357
344
368
384
3401495
364
301
344
369
368
370
339
372
358
422
393
18
77
346
317
338
343
347
329
335
331
338
268
321
350
310
443
1891
10823
313
329
750
976
19120
545
9536
329
246
350
351
320
305
336
323
289
489
325
362
337
3348
304141
312
313
355
302
313
316
331
293
318
292
308
284
422
298
316
303
358
280
282
323
327
289
300
301
293
312
305
355
332
331
313
312
368
327
351
330
49
328
324
369
337
2074
44904
361
349
329
974
348
328
415
369
5959
328
2444
100
16899
234
4910
195
81
143
7434
3313
1458
419
335
333
12639
22104
342
371
358
10948
5161
10269
337
902
1728
2703
470
338
304
13167
302
360
297
322
344
336
317
365
330
300
356
324
337
680
328
357
364
345
4200
342
37432
315
377
302
360
353
2379330
2379541
309
287
302
314
322
100
366
2885
334
361
301
365
175564
422
1272737
422
422
1273597
34079
34660
524
422
323
308
3958
294
360
422
422
422
422
422
422
422
422
422
422
342
507996
317
466
352
371
380
351
331
331
1437
472
49710
48746
471
311
476
564
492
1627
482
422
422
422
422
422
422
422
453
2083
411
294
318
413
348
463
436
309
337
335
325
292
290
319
365
336
351
323
324
326
640
429
422
689
346
408
348
423
2392
323
424
374
330
326
443
299
1036
10154
422
422
422
422
327
315
361
459
346
302
292
328
305
358
308
300
406
422
352
341
179
356
333
306
333
308
294
313
444
311
5489
471
472
426
335
501
575
368
375
425
692515
422
2161
7222
15726
14992
15629
335
422
457
422
422
430
422
542
422
355
322
286
347
397
42
674
422
349
491
532
335
320
303
803
944
316
433
307
326
457
458
287
298
289
283
332
324
338
3052
317
296
292
370
295
444
1031
422
422
422
357
999
289
362
296
298
378
2584
301
305
460
460
307
332
422
352
344
299
452
310
339
357
422
286
353
321
336
342
314
311
321
340
312
483
487
458
308
324
375
329
1036
322
315
376
302
424
301
487
960
2261
431
371
371
422
422
454
6120
319
339
321
596
439
327
24
300
340
372
304
493
472
332
493
436
362
347
491
458
359
311
429
340
479
325
317
309
360
2182
308
332
306
310
297
309
333
344
332
325
373
323
344
340
349
363
446
297
318
17
6077
10121
9523
5587
422
422
422
422
422
422
824
129
363
485
151
324
382
294
317
422
422
440
348
432
448
320
334
309
297
310
339
484
344
313
362
362
366
331
422
317
533
497
288
309
377
295
414
296
284
157
321
295
499
3759
306
2556
525
363
381
340
328
982
326
687
348
329
296
343
330
310
927
287
350
356
365
331
337
299
370
356
379
421
282
348
326
316
671
740
463
345
297
341
286
326
381
319
341
317
288
337
342
376
292
324
373
306
352
332
369
504
354
711
971
319
366
319
366
365
293
510
329
307
308
360
276
445
433
332
331
315
356
655
296
485
362
13317
13203
360
303
143890
367
325
332
347
320
351
322
12475
314
415
350
422
307
383
322
528
299
355
309
316
366
458
294
346
314
329
313
340
526
330
299
315
385
369
352
338
280
83
340
379
324
332
466
380
383
303
290
372
555
312
422
422
422
302
324
351
613
19707
315
312
325
21729
45310
348
348
357
408
332
450
338
379
346
299
327
303
7692
1550
24704
1714
1818
422
422
570
287
313
1080
321
318
1026
304
371
323
509364
509458
510324
466
417
1104
357
422
422
350
500
458
422
362
445
442
319
299
422
301
306
449
499
489
461
294
422
309
445
323
21309
323
348
367
319
367
2069
287
422
422
368
6080
309
422
422
442
458
495
315
5669
941
291
422
422
3946
466
1434
347
430
357
335
295
544
433
301
311
370
373
470
568
308
319
349
133
465
402
452
465
422
422
298
845
508
506
462
303
477
428
422
422
422
357
353
465
430
470
438
287
1930
1804
475
314
336
304
331
6081
349
331
315
326
310
311
589
294
463
1736537
1737065
1670582
1670163
492
3430
3641
288
529
1062
2313
6397801
6397531
295
344
1431
317
290
23728
297
302
302
1054
293
531
305
346
299
731
355
543
337
39986204
39986764
501
39892056
39363396
39362844
39153284
39153840
375
183802
184657
326
336
311
333
311
322
318
322
5221
313
316
331
300
328
328
422
305
12750
1547762
1604599
1183189
2430286
1165440
622275
352
368
791775
297103
328
69077
56359
21569
14536
14579
45989
30807
164021
132591
864
4123
21871
288
316
1926
320
358
6509
287
364
335
6903
358
307
195
463
427
346
651
351
470
464
365
422
422
422
422
422
422
422
422
422
422
422
422
422
422
422
422
422
422
305
312
498
454
20457814
20457502
471
466
42755
43629
42622
4534
301
317
315
551
341
2090
304
349
309
318
448
310
352
355
335
360
59
422
314
470
309
321
375
290
328
295
315
341
339
337
426
287
344
2758
285
323
299
372
317
349
344
306
342
360
312
327
340
374
304
290
301
357
318
284
338
292
315
1404
1520
357
312
461
430
358
422
369
319
328
321
470
450
312
127839
128056
128854
426
311
386
319
292
360
336
283
321
422
324
322
331
339
572
295
345
320
452
344
422
422
422
362
366
347
319
422
345
373
422
374
291
444
422
300
305
300
279
507
370
362
359
280
352
364
447
321
348
298
290
446
311
443
489
496
286
422
321
456
466
1864
294
422
318
2367
303
328
491
483
3510
2989
3166
333
17144
422
422
475
473
345
1044
467
465
2238
204
389
497
438
425
429
408
459
2306
3205
2854
474
393
289
438
465
472
451
319
330
342
313
485
431
448
1893
442
81
482
5495
432
29295
30116
345
422
364
422
57
461
3344
17627
4421
281
324
422
422
422
293
364
477
453
323
315
334
338
330
329
1476
307
378
373
362
440
336
152
334
447
422
337
299
282
331
319
468
313
322
338
331
356
371
335
477
483
325
299
426
318
442
353
320
293
374
274
1752
375
326
12848
13579
878
3306
321
333
297
380
339
277
304
519
7715
367
449
324
322
1500
1690
372
293
362
309
689315
690074
335
343
338
372
458
301
368
286
336
3459
318
380
343
372
348
338
286
415
343
488
354
292
5716
303
364
453
1272
297
1272
293
360
422
422
422
369
306
298
331
312
365
287
422
422
422
5781
813
369
369
352
475
445
311
305
422
311
454
348
368
301
422
422
422
361
1968731
1968170
324
308
762
350
322
338
422
368
422
340
530
313
314
306
356
307
353
316
319
422
377
988
370
333
1699
362
106962
106079
344
323
296
303
287
305
343
19797
20575
447
1080
329
361
92333
83239
179405
1592
165692
6203786
373
8142495
2095
21712848
21712080
377
21720406
21554794
329
40283
39773
256
422
422
48220
54332
54379
55176
55128
54788
54814
26936
25663
28475
70722
28948
29275
71122
42741
41673
718
316
469
1281
1286
346
422
336
351
306
331
335
327
345
551
311
6036
5097
1168
326
590
459
422
422
308
302
353
468
439
424
307
320
78161976
99512944
78182648
78182496
491
350
474
363
13977948
446
449
415
438
475
422
97336
422
422
332
329
299
325
342
318
2348
295
327
314
458
342
1832
562
422
4293507
4294316
4295900
4295202
422
320
363
307
358
339
327
339
311
354
345
364
332
344
354
359
363
362
352
381
357
339
329
376
368
357
378
341
344
345
390
301
332
355
367
301
364
362
312
315
354
361
370
361
369
351
343
373
325
329
341
342
363
331
317
352
361
313
320
307
324
324
342
373
325
312
4160
313
306
336
287
315
422
6666
305
351
2423247
302
310
294
323
325
315
970545
310
314
1321144
1015492
290
346
305
286
314
306
341
300
279
293
310
293
288
335
311624
332
307
281
301
316
290
313151
348
324
324
296
349
308
303
279
295
368
347
287
314
304
1145
326
311
348
305
336
353
297
1394
353
3404
359
7961
349
289
310
313
319
313
818
1455
519
298
37216
315
291
758
2153
311
352
311
337
1500
313
335
34
324
360
366
293
346
476
291
1673
1849
3183
51
2109
365
422
5854
422
422
422
422
422
301
477
313
470
445
833
422
422
422
422
422
422
422
12811
358
459
422
422
311
2128
458
339
6821
370
352
469
290
348
320
286
422
369
525
350
285
1395
295
346
1330
1268
218
296
358
299
322
341
347
337
361
292
423
310
429
295
365
302
3053
430
358
312
286
318
310
504
422
354
321
308
1003
294
292
319
291
335
325
338
47980
48877
335
340
295
361
422
344
306
323
347
343
366
368
358
359
375
336
327
298
422
422
422
422
422
520
279
3257
403
554
447
472
422
422
422
194127
195139
324
256
10212987
2263
340
190
408
329
772
950
416
290
312
2756
5953
294
353
2122
1648
422
422
334
324
303
3740
3159
2466
464
329
7119
6986
374
323
620
475
407
445
302
349
345
433
422
131352
853
165
1242
346
430
542
304
302
454
482
459
462
424
463
426
300
305
344
1205
333
317
2644
499
366
322
422
445
350
8865
341
455
684
363
317
464
21350462
303
338
4504
669
308
429
339
422
277
356
308
315
307
285
323
378
322
281
351
356
422
688
422
316
285
371
322
302
356
337
331
303
337
338
312
324
324
375
2107
297
323
323
467
419
306
324
304
323
300
302
290
326
374
329
319
313
2581
367
326
358
296
348
295
300
335
299
341
309
320
366
355
351
339
422
330
297
323
345
342
310
338
365
388
453
309
347
327
366
320
327
471
323
339
311
299
339
305
308
338
337
308
359
366
346
332
331
343
353
326
377
422
328
467
351
294
356
324
338
299
471
320
336
340
194
364
6139
360
295
487
422
422
434
338
326
625
347
308
326
329
350
365
314
308
335
328
478
365
309
510
421
538
346
234184
359
279
335
329
319
320
311
2015
515
509
600
311
332
345
372614
314
296428
295845
282878
282220
275644
274987
492
322
1306
325
309
331
296
276
343
321
377
334
421
318
374
353
374
373
333
296
319
359
323
89
377
316
327
370
335
357
326
361
354
386
363
679
363
286
338
437
466
763
343
322
161
312
336
355
317
316
354
1220
1057
303
327
366
370
308
447
327
325
345
345
305
376
310
301
383
331
296
15955
11281
422
11380
10532
328
11370
5547
10547
3511
422
5704
422
24898
41282
22788
3353
321
340
385
6588
345
47516
422
47521
386
395
388
8166
401
388
422
392
378
395
422
391
290
311
305
293
334
278
1704
340
1264
328
592
422
316
422
479
422
422
400
5879
2070
733
285209
785872
17851
31321
1049372
12777
294499
281
353
326
301
503181
379974
619694
101371
494931
294
297
450867
663479
275
313
292
441934
12330
117278
104257
36845
554683
328
302
239048
422
127164
313
324574
289
299
321
59951
202666
323
294
307
322
298
314
280984
283
422
298
306
490006
335
300
291
292
422
314
215663
285
315
341
279
301
422
291
358
308
17756
422
288
422
422
422
303
373
318
361
333
422
19229
19365
6696
306
333
332
360
369
500472
501457
500522
5197952
5188321
5134331
5130740
314
5102929
5072033
5058847
5055135
5054794
5054025
5052635
280
1724536
1699855
340
293
422
299
463
443
438
350
284
7187
4205
317
2671
501
1993
5736
468
9704
3507
3931
7852
3738
295
316
490
298
81
438
375
1421769
1421721
1421869
422
422
422
1425025
422
422
422
422
4867
384
278
455
358
367
436
313
1109
380
422
422
367
382887
16420
356825
357087
356418
356778
472
564
422
422
1177803
421
292
311
422
422
327
298
16
342
323
305
509
441
955
335
279
422
456
134344
134400
135224
413
501
6025
496
403
459
291
530
441
421
373
313
377
422
318
816
444
4067
3838
3311
3075
307
409
335
440
428
365
312
924
13663
422
2907
358
415
1328
292
336
470
376
348
422
422
472
550
365
53360
52840
662
8304299
315
422
422
422
466
369
373
290
298
331
311
359
1957
324
467
307
359
448
3188
2503
344
2745
5757
315
436
316
317
302
316
335
479
417
342
486
444
408
303
341
463
313
514
459
422
422
422
422
422
422
422
422
422
422
422
422
422
422
422
422
422
422
422
422
422
422
422
422
422
422
422
422
422
422
422
422
435
422
388
309
488
448
320
468
457
483
444
3288485
437
422
422
304
364
557
3322
3911
459
452
449
903
328
336
435
448
310
526
1184
469
5285
303
330
462
322
321
375
415
504
77
490
422
156
421
331
422
494
437
277
468
1840
1575
958
474
426
422
422
297
482
356
422
638
351
375
279
315
311
456
361
371
515
472
4304
324
342
372
316
355
422
422
363
337
374
2330
432
422
422
475
513
460
357
457
424
310
508
319
464
362
4793
743
327
296
439
1181
369
530
468
441
310
359
339
454
315
290
288
1442956
1440614
1441254
374
518
327
345
376
320
384
337
337
343
326
311
422
305
350
344
833
299
297
294
290
334
339
327
322
318
314
305
292
5814
372
302
302
301
307
294
324
329
330
328
339
290
307
555
444
327
327
1131
327
320
294
338
311
326
312
296
379
324
360
466
371
368
357
344
322
372
304
348
319
319
425
293
331
332
346
288
305
332
343
367
357
295
1131
340
365
362
276
329
334
304
334
3972
364
374
366
329
370
301
382
372
321
312
355
292
365
354
558
328
335
333
344
324
367
335
292
312
291
1703
422
280
422
285
4042
422
319
355
334
402
366
460
351
1538
300
2083
330
339
8222
413
440
2414
3679
1343
335
328
356
304
482
325
73875680
73875240
429
328
35218
37127
290
615
24731
322
327
1438
437
498
418
2330
363
363
822
325
313
462
463
322
307
278
319
422
422
334
1096
481
445
420
318
456
422
422
358
322
320
311
347
307
489
459
336
521
314
1841
311
348
9422
9619
311
317
310
317
422
4748
470
420
7849
376
403
443
498
401
285
367
304
300
422
422
482
422
422
422
16110203
137671
140978
2535
422
422
335
285
367
303
298
354
346
354
324
365
339
339
422
366
428
6728
6164
326
278
463
3349
310
441
342
447
325
458
568
363
26587
329
470
455
372
446
295
327
422
422
343
363
332
349
289
128
3180
1674
8948
355
382
328
344
315
744
324
389610
389085
422
444
325
314
451
452
292
467
349
450
497
319
321
5139
1174
348
489
348
31841
323
346
302
286
325
298
304
293
371
324
286
422
322
365
312
341
340
471
442
346
511
407
352
355
371
490
355
333
320
358
346
362
519
327
483
333
8798
320
302
2362
422
297
4233
422
364
685
449
5069
422
34931
422
422
490
470
333
349
584
422
422
422
367
346
435
319
324
464
531
334
422
339
422
422
422
362
355
355
274
337
6948352
360
310
292
314
30
44
318
13707
422
14736
422
422
422
422
320
340
352
333
320
441
1128
1381
315
366
353
304
336
331
277
373
373
359
307
515
355
365
361
422
422
334
295
329
937538
548
463
300
307
284
331
293
319
350
363
477
335
432
347
465
301
325
304
329
357
298
311
301
377
347
323
365
372
350
422
287
359
369
422
795
379
365
302
367
533
377
343
496
371
379
461
365
329
793
2920
349
338
331
479
325
295
342
371
323
119646
359
370
105860
120040
120440
331
118312
119034
428
490
346
119466
120271
356
370
115293
144487
143778
144212
143243
372
42841
117036
299
17930
369
73231
372
382
332
356
318
324
385
362
352
347
372
327
295
365
349
290
9664
382
363
335
898
9520
1581
420382
334
275
422
422
422
547438
422
479
24269
25065
24173
25105
24159
24124
25028
24962
23963
422
422
422
422
251691
250890
81357
422
10839
11882
11054
422
422
278
365
323
282313
422
422
422
422
353
422
309
422
302
347
331
316
422
422
422
422
422
422
306
369
1079696
303
307
317
321
330
308
327
333
363
322
1002
360
338
349
331
349
402169
316
355
422
422
386
342
349
389
8229
499
328
325
364
354
768
7806345
318
325
2207
306
330
374
315
325
307
301
343
200
314
331
466
474
325386
324595
74271
215660
214647
139547
49648
50512
311
341
1001
518
489
457
833
278
454
338
330
362
2685943
2683748
341
321
311
329
317
508
422
422
422
422
407
350
378
1989481
1989131
310
922267
338
477
437
422
475
469
469
496
290
293
342
363
345
4875
2138
439
342
427
506
533
357
350
290
313
286
315
343
1689
1111
4311
4089
34681056
331
294
346
467
342
324
95603
96384
332
313
358
321
330
316
336
299
330
301
312
323
469
296
365
2988
3240
308
321
348
474
296
200
318
297
1247
584
447
345
6257
464
366
314
312
340
313
619
346
311
514
324
320
324
334
429
420
497
323
314
323
158
314
1698
443
362
403
482
329
313
319
357
307
348
361
340
334
322
309
335
328
308
311
422
422
453
445
319
322
432
289
1156
2967
312
307
323
387
377
355
352
481
480
343
2222
314
358
402
1235409
321
299
296
299
323
304
2617247
2615159
357
308
308
282
434
335
2219267
2171068
2171753
2132624
2132116
2170427
2171028
325
305
300
12374
354
365
1146
437
471
329
797500
792539
783274
303
311
12385309
3499447
380
476
449
312
337
359
457
422
307
282
337
372
6091
335
326
295
462
358
346
549
668
288
343
344
294
422
377
369
309
367
292
355
517
341
422
302
336
323
334
501
441
312
376
320
299
185
331
351
373
228
7
493
925774
925239
478
468
357
337
1188
2010734
1967923
335
1933806
631422
506
320
531
349
302
375
466
344
372
322
315
313
316
343
990
328
326
338
323
307
368
306
313
373
325
331
328
357
362
303
323
515
426
532
373
382
361
387
371
295
317
352
309
364
336
360
274
351
292
320
374
367
388
380
381
357
13405
394
373
347
1285
363
311
305
305
318
362
333
422
422
320
350
393
327
280
289
314
372
319
337
462
370
441
307
307
285
318
322
283
422
327
314
305
317
311
315
327
309
366
323
1976
1920
305
332
319
302
335
372
370
342
362
305
311
316
323
323
342
336
327
371
305
373
354
337
297
422
422
340
1427
280
301
337
316
309
315
367
301
335
290
319
306
467
1699
1566
355
366
307
477
312
361
339
317
2081
295
350
308
346
324
290
309
298
315
384
314
304
2911531
2911705
342
283
327
365
335
355
328
320
309
296
1623616
307
6036
384
312
173339
1159
332
286
456
458
308
333
436
325
500
330
422
334
1115908
275
7171638
306
329
333
574
458
427
1753
293
153
436
1898
364
285
450
422
366
291
422
422
281
71243
70281
70085
1214
338
3066
429
798
384
317
16
479
671
326
424
296
83
355
375
370
291
326
926301
356
327
2426
58962124
39
58965328
58973604
330
324
332
429
444
305
329
280
376
366
328
316
323
316
350
328
303
307
288
329
306
294
310
366
332
373
323
338
176
306
337
422
86411
333
319
342
356
373
324
304
331
358
343
325
158
326
335
356
319
328
351
422
290
297
422
422
319
301
326
301
422
422
422
309
359
317
305
286
331
286
290
334
320
312
1850
2665558
329
331
325
346
333
317
11805632
323
267
317
6708262
7512
11806805
11797463
6478
5670
11803588
3003736
337
11790232
322
323
11795307
343
343
321
363
321
182
3020
4101
352
324
306
293
296
292
38705
289
329
348
353
341
380
46919
2765
1270227
422
284
422
357
338
381
327
364
319
331
323
332
361
355
291
422
304
288
318
16123
6481
9763
323
1917311
1911307
6989
1566667
302555
557948
339
22256
280
299
910555
293
338
295
292
625677
294
296
348
286
319
287122
226947
281
344
370
333
330
365
882
334
3341
343
301
338
317
322
332
328
357
320
318
422
422
521
360
320
342
325
20
160
474
413
222
371
355
325
368
361
717
460
279
345
278
328
43416
42594
319
305
71645
72140
63800
63280
373
304
832
308
285
2497
370
355
342
317
354
483
380
330
3145
338
422
422
422
422
477
452
316
455
463
340
367
93
414
479
461
335
328
335
312
511
527
329
300
313
296
333
278
295
313
282
372
326
322
317
322
322
422
321
321
299
355
303
359
422
492
345
4493
3492
323
304
318
222138
309
315
4246136
4243934
4244579
292
306
4196253
4196798
332
322
348
324
422
343
294
308
387
7759
8599
869
403
471
333
298
308
343
874
426
347
363
422
435
4914
2691
2252
338
2662
2010
356
13314
335
287
329
319
289
451
239
458
477
359
574
336
366
335
325
347
420
317
430
300
465
6163
302
459
327
360
364
351
368
323
446
2701
326
345
385
378
335
343
621
328
296
294
323
325
460
317
6320
5796
289
450
312
342
311
422
310
295
350
364
319
326
283
376
382
65
594
380
310
333
284
292
334
389
295
313
345
315
371
354
310
341
362
313
389
395
975
283
324
283
474
302
358
339
381
374
383
302
311
353
329
316
323
328
319
288
339
317
347
301
293
361
511
517
371
381
317
314
308
327
356
720
319
362
323
303
321
313
625
311
324
221
312
304
302
335
1081
346
294
342
512
329
381
354
326
353
510
1827
295
500
382
339
330
301
296
377
319
3310
314
377
469
420
427
348
358
371
289
318
354
312
352
317
338
373
314
351
320
308
336
325
378
319
1178
432
346
295
654
317
327
329
360
324
346
304
474
323
324
314
320
479
443
347
333
291
330
311
331
340
360
338
307
365
426
308
333
319
338
863
771
769
323
362
903
464
311
275
294
327
291
1330
318
309
954
310
269
294
306
328
276
302
302
503
297
298
322
295
349
299
348
319
322
337
327
297
304
332
298
319
332
287
470
457
976
420
1774
456
333
311
450
115
432
1088
1312
403
319
325
295
343
336
366
1282
381
317
287
327
337
422
422
547
280
327
313
1344
422
360
327
454
306
331
629
312
469
341
288
1620
445
437
1683
432
2260
349
3253621
3157929
290
332
3039547
3021440
3020880
325
2884432
2883972
917318
2883657
4815382
319
4817198
4817868
4253
484
301
329
338
352
333
1085
891
3709740
333
463
319
359
329
318
323
322
283
315
321
309
422
1520
304
349
304
1051
422
422
495
312
311
507
297
462
448
498
1703955
2509
304
275
473045
322
469621
459955
286607
287397
285014
286015
285903
285933
311
478623
474359
475048
426753
427255
422
339
1122
322
29757
374
366
348
296
4930416
360
325
324
102536
103297
380
372
4529659
382
344
310
325
366
389
367
373
6195
4251
346
334
4405
4458
142
4642
73
2720
378
326
350
329
4461
1009012
344
173636
324
279
406
1406573
308
388
400
360
370
349
293
293
395
361
295
286
398
394
377
387
387
291
391
301
331
400
393
337
314
469
337
576
358
371
386
314
386
1038
380
370
320
380
369
361
422
347
378
371
335
350
340
330
338
370
422
361
335
422
376
422
3863
107651
477
1087
440
350
334
305
290
337
300
313
299
357
295
403
293
318
334
366
368
320
323
316
313
316
312
422
341
1204627
382
322
318
342
348
358
460
479
436
292
321
342
315
357
315
331
298
349
311
303
316
367
298
124
402
28438764
510
292
353
290
327
293
299
291
106313
106393
12638
1724486
422
351
477
300
495
578
324
331
476
480
333
353
310
318
344
636
354
343
327
318
455
336
320
314
368
359
316
301
516
436
7173
452
54843
20031
19426
10334
284
347
442
344
315
339
312
301
524
337
317
422
320
318
326
292
300
326
351
73869
4588
2254
306
379
312
2270
338
296
300
309
378
291
521
278
311
337
315
320
319
342
342
294
313
371
316
619
323
342
328
353
593608
419
287
330
377
315
339
362
349
285
422
313
355
351
333
2941
309
622
290
447
346
316
1343
315
383
367
300
316
101
422
300
314
445
491
340
293
3091
422
668
307
384
1640
313
442
302
301
409
311
326
350
380
336
313
333
311
336
352
324
325
274
327
948
317
306
307
457
327
329
1456
329
363
344
334
322
335
37384
23537
1202
1008
422
312
341
337
449
451
371
362
358
422
1096
329
304
299
979
341
322
364
331
478
342
359
369
356170
357019
357116
336
336
324
348
342
422
333
439
475
2103
458
305
356
455
422
428
6295
6093
331
422
422
453
357
303
7246117
422
422
422
287
292
353
295
422
379
361
165
331
309
282
324
350
339
93
1502
339
342
302
417
335
319
320
325
344
285
343
329
325
466
313
422
359
472
306
347
337
288
348
368
281
354
347
357
318
370
328
310
361
331
294
318
320
329
322
20
3121
422
369
291
383
337
424
318
367
371
329
921
327
324
296
370
361
332
422
299
343
376
523
374
485
382
326
327
339
323
315
304
328
1073
323
455
521
480
360
3094
348
50048
422
318
366
375
317
338
302
325
290
347
373
300
351
651
302
303
374
377
328
287
329
345
301
545
373
515
343
483
640
336
297
386
1414
1032
376
331
281
279
385
320
321
411
326
324
327
383
318
749
286
422
422
1049
422
887
287
273
336
362
331
415
523
138
1646
436
316
1401
298
315
280
474
365
417
486
293
476
660
831
304
316
468
1322793
1625581
1625031
1615099
331
1738
381
314
379
314
309
454
306
335
422
381
309
314
329
459
326
385
366
330
300
353
315
322
302
343
416
319
422
382
422
363
357
363
3244
18615
19605
422
311
422
422
327
422
318
334
316
1746
2585
336
83155
59910
150528
310
27753
44269
24120
4865784
4885029
4912374
369
357
353
287
314
318
348
276
2744833
362
283
300
304
323
280
284
403599
308
303
318
306
308
56742
19375
4132
836
329
422
345
337
320
313
294
332
386
802
337
366
353
317
284
319
350
414
1142
1247
1411
475753
476280
337
472
499
315
295
315
421
331
460
425
452
494
113
417
595
451
477
285
357
399
435
422
467
337
488
485
450
484
301
361
602
319
4118
369
301
415
489
170
6862
3576
459
367
312
1022
422
422
422
422
422
5655
5430
464
366
331
355
490
366
358
426
475
373
422
347
327
596
428
447
369
4041
294
422
422
2198
451
321
597
447
422
422
4030
468
312
329
288
910
45
816
90
331
305
422
422
2002
646
303
321
449
537
457
410
335
462
941
299
423
336
302
306
295
372
352
437
2345
2754
1559
446
422
422
426
448
1292
422
451
458
309
520
464
512
462
526
448
391
335
302
339
342
339
513
1871246
1871499
1899
363
307
308
292
280
337
316
311
324
467
326
298
434
1375
290
287
326
561
335
321
466
345
282
423
1114
364
312
312
573
311
317
368
911
352
355
366
303
283
292
330
288
305
311
294
306
342
371
345
295
314
306
379
369
375
338
342
349
371
378
330
2171
290
327
311
308
381
317
483
498
336
461
388
288
339
338
351
299
356
322
718
351
313
279
335
300
384
343
302
616
349
337
434
294
293
364
315
545
364
376
309
289
307
373
344
347
73
369
362
368
283
349
352
326
292
3267
306
327
312
326
325
383
355
350
475
367
327
367
349
325
347
347
380
320
291
516
430
531
351
333
374
375
327
317
310
292
335
381
332
314
490
306
458
422
337
316
353
351
363
276
305
345
354
361
313
335
297
319
324
346
365
334
300
426
300
306
333
309
295
328
1108
374
329
287
303
1373
364
314
379
335
316
560
286
343
331
2479
1252
330
295
358
331
309
345
303
361
328
381
311
434
371
368
360
323
316
300
336
422
493
153310
154120
345
317
376
349
368
309
358
322
296
336
480
358
360
354
307
314
146
337
302
301
353
321
444
308
550
303
326
345
323
344
286
307
373
339
314
320
441
568
443
328
333
306
362
354
364
318
376
343
377
303
301
441
362
360
439
938
349
321
339
208
441
78
360
306
327
325
331
392
334
355
298
314
372
368
320
367
335
323
279
344
1991
301
2783
332
417
326
330
361
314
422
422
422
422
422
8121
422
3072
317
373
344
311
300
8278
366
299
320
6330
6381
314
293
298
315
314
364
286
326
352
374
359
313
321
362
336
325
311
286
343
312
332
365
306
320
454
338
289
312
38475
39496
39930
39913
39014
433
303
4271
4037
303
349
312
307
305
325
293
301
333
360
327
349
316
361
1214
344
287
360
317
320
295
365
336
316
306
347
292
369879
370418
367050
311
282
372
317
1804
383
50296
51161
302
324
319
303
16605
551
102317
101715
324
428
198350
192671
192204
119357
119022
323
345
4086
294
368
422
422
293
330
284
292
369
307
365
348
302
380
299
1612
328
337
312
369
301
338
330
320
356
322
493
278
364
368
360
327
337
313
293
333
374
303
322
320
348
320
285
294
371
498
338
380
318
367
443
511
362
302
312
340
338
302
297
297
276
349
485
380
331
343
341
422
298
340
5247
334
324
358
297
122137
200215
199728
196277
82215
80551
422
332
369
367
332
311
321
299
314
447
363
375
340
338
422
279
443
422
83157
82911
2518
340
208027
349
544553
543800
367
341
309
361
311
2075
359
349
487
297
4519298
383
422
143000
325
144349
316
284
330
419155
419710
531
422
352
2577
305
294
314
364
358
458
95108
94179
422
340
329
308
324
356
316
719
305
351
331
319
312
297
469999
316
290
366
289
320
301
422
338
5124
313
331
321
366
309
34424
33557
298
360
329
598
325
2368
334
322
314
329
556
705
324
5448
322
319
319
1920
371
313
353
357
329
363
319
361
371
294
327
377
346
297
369
5987
375
378
303
364
369
4321
301
350
492
449
2304
358
320
292
288
299
356
483
311
323
324
355
337
297
403
2277
2557
422
422
289
342
277
6
915
422
422
422
422
422
422
422
422
422
422
422
422
422
422
422
422
422
422
318
323
309
360
370
301
380
312
300
359
314
313
326
338
369
326
352
314
334
438
608
329
318
185
304
313
351
496
25
1497
316
323
299
328
341
298
341
332
332
350
347
342
318
330
341
305
292
336
288
341
355
346
168828
169386
66752
67667
297
315
1516
337
305
318
334
335
330
4291
358
694997
3431
2769
310
334
336
429
468
323
293
330
299
521
339
1855
293
370
422
325
281
325
472
305
320
351
294
49126
48261
374
339
678
315
321
340
360
1146
336
319
422
352
296
339
326
433
337
334
341
364
326
367
1028
328
330
1119747
335
489
290
324
317
303
317
300
333
320
322
334
303
301
366
422
319
379
306
333
333
326
306
367
316
327
373
325
336
315
289
330
377
367
309
311
451
341
303
362
331
308
292
309
295
389
320
333
288
321
351
304
299
331
305
330
293
346
358
335
4645
332
365
340
354
299
1607
381
297
340
370
292
375
1603
1725
359
675625
676137
344
280
26196
27104
346
2047
656
322
28846
29811
428
317
328
2803
303
40051
39846
39338
429
102162
36790
35957
36526
37606
36742
336
332
337
302
335
296
320
362
378
334
299
376
333
294
19729
658
297179
350184
349312
348854
279598
285
374
336
340
57206
56432
121544
286
331
63438
64229
380
322
365
364
351
355
433
322
365
345
372
885
315
380
336
369
376
441
448
360
363
332
297
327
334
336
407
9186
10078
9142
9908
10055
309
359
309
359
286
571
285
327
343
666
324
448
326
275
377
722
316
341
279
330
303
520
423
301
343
298
287
291
322
327
322
324
360
369
329
361
326
319
375
330
341
1722
33111
379
422
370
349
682
3281
437
348
345
467
359
307
317
316
321
336
290
309
323
342
273
287
422
285
342
314
466
306
326
311
349
463
6100
441
4900
4970
328
432
362
289
324
626
422
422
439
440
422
446
294
422
445
339
984
331
327
393
309
310
464
286
318
295
372
322
303
498
359
336
299
296
343
345
325
378
313
2660
439
486
345
460
465
362
80779
309
366
368
291
292
371
336
317
294
300
327
316
356
315
333
422
455
349
297164
10026
3741929
422
1207
5165
343
302
331
10388
1827
5137
275
331
310
298
100915
9579
11603
23074
326
2526
331
292
294
338
334
321
284
328
328
289
300
279
317
349
310
345
1867408
334
326
422
1752974
509912
303
422
334
422
422
422
1413
343
422
422
422
422
302
422
338
422
100
6339
6232
8847
11281
9540
2346
9277
422
422
422
422
422
422
329
422
323
422
422
422
4506
311
3306
232929
443
1458
115039
313838
317
7266
7364
96444
309
422
328
343
422
346
422
329
337
422
422
292677
422
422
337
304
198
422
487
306
1442
422
422
422
315
284
1298950
23181
394
44027
31863
391
20076
422
388
403
422
683741
422
326
464
327
352
342
346
422
2825
629936
296
329
621768
422
422
496
1188679
422
383
3403
367
1183921
422
422
422
422
422
433
223392
437223
436309
422
422
422
422
422
422
1479
422
753059
488893
328
3079
311
301
423
315
327
330
345
311
337
303
422
334
422
319
422
422
422
338
355
422
422
5959
327
325
422
326
311
422
422
938244
422
422
422
422
422
422
331
313
1032
331
422
478
422
302
422
315
422
422
156416
300
321
313
422
4637
295
346
332
322
473
526
336
1773
422
422
422
422
324
357
422
319
422
325
299
323
299
317
356
317
463
90
305
285
344
352
335
328
329
14594
4301
330
171
2583
14374
17889
11032
330
1394
59
5591
182
847
6566
10376
1546
8108
5807
5084
353
309
330
327
118132
332
384
134
361
377
329
351
369
325
350
314
334
366
359
370
339
344
333
343
310
281
324
346
377
339
453
453
351
371
280
376
363
1932
333
365
331
326
341
304
77850
81595
3479
4176
872
2858
2649
288
3325
304
327
305
470
2472
304
301
333
455
316
344
325
295
311
341
313
286
296
375
284
329
312
300
336
292
297
351
299
324
330
465
352
327
329
441
327
326
347
355
440
312
357
292
335
371
1245
2756
326
326
2530
422
422
498
360
320
328
308
5935
2569
320
337
287
300
357
313
309
337
435
298
309
398
303
257
314
618378
620530
621014
306
383653
383020
372
449
318
339
325
301
332
483
314
311
382
169
349
351
453
338
133947
127749
304
319
288
320
297
408
499
305
309
427
320
324
344
284
498
6031
420
307
321
355
313
332
280
331
350
339
359
334
363
420
325
303
343
330
350
376
317
362
349
317
359
345
335
422
344
304
439
371
371
870
240
381
339
306
332
355
351
379
314
457
327
356
324
316
280
359
296
360
358
312
334
321
312
292
335
351
338
373
384
363
319
349
378
329
377
1343
2188
317
320
298
366
311
321
289
944
395
335
337
384
314
320
328
306
284
383
383
323
422
422
326
383
323
337
338
349
518
349
329
366
308
328
334
381
384
1344
324
325
498
385
337
371
346
365
358
310
318
353
330
368
361
356
298
313
328
368
364
37397112
422
36607580
356
294
321
3530826
385
292
375
349
359
292
327
309
322
290
349
422
353
345
311
422
422
362
422
344
422
365
422
309
422
422
422
422
345
422
288
358
422
422
372
375
422
336
360
351
422
326
316
322
318
314
313
337
313
301
331
310
318
422
1343
2751
370
372
333
68
422
422
305
344
351
422
422
574
611
299
369
330
332
55701
52276
422
422
408
306
363
422
325
312
422
422
316
422
422
310
286
324
422
323
324
318
422
302
422
422
422
565
422
315
384
350
356
316
302
320
335
333
368
370
375
370
366
342
348
297
360
377
343
313
307
346
364
332
353
360
340
320
422
373
6763
354
422
320
376
342
354
354
422
316
339
452
761
362
422
422
301
834
282
283
344
454
422
422
295
330
336
422
338
422
277
309
299
310
312
304
18778
19538
339
372
323
376
338
368
422
432
379
339
300
289
422
331
422
422
2602
321
422
422
422
422
1904511
5666894
628
462
234
417
422
319
476
361
119
604
673
332
322
612
366
311
474
500
341
348
421
322
332
301
301
358
373
422
422
349
298
422
338
354
402
300
352
306
436
305
317
315
339
365
432
318
333
534
384
456
288
461
621
303
362
281
456
343
4750
284
447
510
351
360
467
422
381
339
366
321
535
334
370
3386
324
390
377
369
343
498
348
310
295
354
324
318
350
337
240
294
364
344
737
378
485
366
369
317
77098
77661
17205
26116
378
362
384
372
688
364
366
377
353
290
368
356
363
378
362
326
341
301
423
322
343
355
61
317
329
330
371
327
305
292
1801
1739
374
369
306
384
333
296
306
373
363
321
306
336
591
316
2675
22
329
335
351
422
422
422
422
323
3038
353
422
422
322
327
378
5274
319
367
352
299
1239
362
313
2342
287338
284462
284737
289
318
331
301
320
306
430
352
363
331
378
334
311
422
308
320
362
297
315
313
327
311
330
321
535
328
343
318
334
311
323
313
422
422
422
422
422
422
422
422
422
422
422
422
422
422
422
470
336
328
283
306
28908
485
338
297
345
345
353
332
316
422
422
328
343
311
308
347
344
367
357
309
330
527
306
313
8804
301
328
892
320
326
337
326
309
335
325
417
307
546
315
356
248
2196028
526053
309
422
1302706
1303034
1303535
356
299
656
324
375
327
480
366
338
345
298
338
357
312
375
356
337
989316
305
310
2119
328
312
311
329
364
338
305
1016125
333
335
514
314
422
403
373
48506
422
422
422
22710
22717
23098
22231
422
23014
23072
422
422
422
422
422
323
64681
323
57238
58208
58272
57240
513
328
1330220
360
422
1744770
328
1837878
307
925751
926269
2591
343
59998
359
37198
1554
422
56185
34191
31576
422
422
319
327
327
449
316
330
257073
296701
295705
295646
296504
295647
302620
144215
143418
143183
292
360
501
313
2310
287
2724861
2724121
285
306
341
290
306
282
287
334
357
338
315
324
338
324
338
363
319
342
339
280
311
306
347
366
506
353
376
133
811
468
344
484
1014
420
439
324
323
341
345
6420
5590
6056
351
53596
53112
1334
294
299
372
339
316
321
368
422
4774
422
422
346
397
301
510
292
360
308
325
336
332
334
363
316
339
311
354
307
4596
416
336
419
348
361
297
291
333
317
339
351
353
1025
277
322
330
324
287
322
345
276
317
335
304
313
332
321
299
279
467
303
334
12872
334
375
324
60984
447
323
298
335
305
303
320
325
504
477
694
316
371
317
339
305
337
307
321
312
326
327
1560
2993
1512
328
285
300
331
335
341
308
322
308
350
356
318
484
1015
75
313
1972513
322
308
351
327
386
377
410
301
362
366
369
298
343
318
780
529
468
349
431
284
369
296
413
301
511
427
322
332
478
324
346
859
321
422
422
365
363
315
329
330
315
422
422
422
343
422
356
198
367
357
316
539
608
316
468
275
302
376
368
313
350
336
319
345
335
323
323
309
355
325
366
325
372
365
334
316
321
373
331
341
380
327
302
358
324
324
323
379
329
291
296
308
366
367
320
298
349
316
331
79587
226
1368
326
361
374
347
361
361
367
368
321
343
304
320
334
355
333
373
364
321
355
387
2732
328
374
360
4991
374
1711
596
316
332
475
470
6810
1038
327
336
367
338
340
328
422
422
27319
361
329
338
323
320
341
300
345
323
344
343
338
386
374
344
324
360
351
335
679
422
343
326
302
1279
1894
32065
2787
381
3064
337
312
315
422
5336
305
295
321
291
290
261
331
329
328
309
288
300
328
289
422
318
315
305
325
364
422
5250
305
324
349
422
422
1992
309
335
315
368
392
3337
2139
357
374
383
366
3861
3787
2274
3826
5128
303
1121
338
408
375
1057
422
373
328
422
422
422
2844
7801
875
331
319
1620
3821
363
369
332
381
361
359
369
366
328
367
422
370
331
361
8893
334
329
340
2194
450
2852
451
337
333
302
316
498
307
351
292
371
1067
455
11357
885
7012
318
1066
315
526
4083
345
340
1000
450
2280
306
312
299
333
7026
315
7306
341
326
344
326
304
907
3138
317
435
326
345
422
422
312
322
353
329
299
883
1229
422
320
335
549
422
617
944
354
422
422
422
323
317
422
324
422
291
422
294
5862
298
194
322
437
351
901
318
298
422
362
325
318
349
334
751
343
322
307
323
4297
26775
26620
346
294
330
7008
4480
298
387
285
422
300
422
422
422
422
422
325
309
301
288
315
290
321
366
6309
302
313
360
422
327
349
337
406
328
314
4951
10198
2960
2870
422
364
339
312
422
422
313
422
283
305
357
324
347
340
363
362
369
376
355
288
1358
1104
327
333
766
422
422
349
361
312
336
518
308
5670
4681
422
422
422
306
422
422
335
329
318
310
6963
31272
56739
11342
52252
61725
70336
77135
87078
133447
101981
131710
5456
61375
123627
1331
57117
65545
71994
82806
121129
48900
422
422
422
422
422
422
422
26540
34373
44416
54340
63628
68944
79278
81150
125622
95034
422
511
353
661
336
338
326
29475
42467
50196
57063
65666
70641
92272
2610
552
334
338
24023
8730
19144
30478
36156
37851
45128
47314
57210
56493
83314
101846
68892
93694
1556
9265
11452
21121
26246
29677
33868
37107
49616
90840
59510
8667
332
5213
10206
20891
24418
27739
35265
39604
80876
49526
76793
422
5711
13955
19646
22063
30548
34080
56519
77301
45068
71933
76487
8298
3425
15153
25570
72153
6019
63819
422
333
6827
422
314
422
24681
422
422
422
422
217
10384
49176
336
381
368
331
422
315
317
422
422
31525
332
315
311
336
292
308
1258
329
283
329
339
422
313
315
343
341
10481
298
328
330
318
422
422
321
406
422
422
422
360
422
368
346
384
332
422
422
422
422
422
422
422
422
422
422
300
422
422
345
331
8596
755
740
324
4277
598
329
305
342
7789
346
1319
298
1229
664
333
318
308
351
344
384
323
327
333
318
422
422
3555
322
327
13730
373
360
372
364
340
341
983
346
370
13985
368
374
364
318
1483
371
371
373
324
41638
42570
322
7870
315
313
385
422
355
357
364
315
18
16671
18356
340
19108
332
357
18764
3427
2075
1705
361
7467
15201
16130
372
328
347
372
312
332
422
358
329
357
355
321
336
328
283
362
295
366
331
361
360
326
363
551
359
374
361
372
383
1234
370
392
471
366
321
367
361
333
367
333
374
349
354
368
340
573
77
361
457
375
286
372
371
352
333
368
338
380
728
349
316
223
639
330
320
726
308
322
313
455
298
329
340
422
422
422
422
422
422
311
