347
361
403
319
1996537
223225008
373
338
345
358
374
337
668
350
324
577
523
423
312
520
1619
397
532
583
461
1203
405
358
416
331
401
475
369
331
66251
355
65353
64410
363
480
341
351
382
340
367
362
375
400
387
326
347
351
507
320
345
6947
389
383
333
343
331
354
269
358
388
357
352
396
378
372
352
344
396
355
339
362
321
324
345
393
366
407
440
501
394
351
411
482
357
335
360
361
411
391
396
414
364
404
421
397
366
404
380
362
395
362
466
335
316
319
401
403
374
397
346
400
340
541
347
358
387
377
697
469
378
453
453
371
354
453
353
453
346
407
396
641
382
405
375
478
320
386
359
256
332
383
350
344
362
416
395
348
313
387
524
388
364
350
470
384
342
354
6610
375
453
388
401
368
358
2077
349
100245192
394
384
370
393
346
348
343
325
433
355
367
364
330
350
385
494
319
345
328
349
455
356
342
329
361
356
448
349
144880
144324
359
323
387
1947
1030
1911
402
316
402
19417
18295
398
386
340
344
453
413
8879
345
366
344
398
325152
372
20558583
357
394
453
340
487
364
328
400
376
342
354
497
386
358
362
324
339
619
357
752
343
483
349
380
347
471
350
387
328
52610
453
332
338
24602
23645
21994
350
398
328
384
405
392
365
453
349
375
366
377
335
352
453
453
328
332
324
3335
377
364
5166
347
351
330
2810
330
386
100061
366
396
312
360
362
4706
4872
508
377
366
348
334
345
332
414
364
379
324
354
367
378
383
490
339
337
349
329
530
355
374
453
332
349
361
390
327
364
327
375
362
335
362
339
371
317
318
389
364
341
330
352
331
356
490
399
332
388
453
980579
1103411
389
388
453
453
453
1078
385
391
340
341
363
364
401
375
394
354
350
7260
368
361
379
317
347
345
38958
375
358
345
369
25620040
393
453
453
335
388
453
373
19707988
326
497
485
340
450
389
354
344
333
367
356
1149
297
367
358
1022
409
398
382
453
396
358
344
453
392
404
388
454
380
371
336
392
329
371
362
383
336
318
352
352
372
376
3062
343
332
397
336
369
341
342
344
404
390
348
386
493
486
346
322
374
469
351
151
367
351
362
379
359
375
364
453
326
348
348
343
451
328
384
684
385
342
453
476
358
219672
401
453
336
346
474
350
371
371
341
390
447
699
11
452
383
343
394
372
361
510
356
333
373
315
403
328
404
391
3728
362
445
453
453
457
459
474
346
501
448
475
948
453
314
362
453
453
369
465
882
342
321
522
372
346
409
350
338
490
416
396
319
6150
490
542
350
374
329
894
520
489
519
510
321
404
434
359
354
507
465
534
502
336
446
8527
8365
453
337
389
468
508
452
364
421
453
453
392
348
352
354
394
331
5946
500
468
280
204
388
6204
481
321
485
541
479
1665
453
453
359
6695
318
344
453
94
321
502
453
514
2319
750
452
453
407
550
473
473
387
328
1953114
470
487
372
486
368
352
329
319
157
43
368
395
2916
365
454
81
658
459
471
77004
478
476
453
685
628
559
453
1372
446
387
491
895
7588
453
490
433
357
454
378
346
563
474
338
352
369
343
472
394
4296
24502
578
410
2596
385
371
336
378
341
452
360
403
375
366
2453
336
543
351
572
335
372
527
479
385
352
347
479
483
329
324
448
461
332
432
304
453
453
361
453
378
400
27450344
27451212
338
365
324
344
390
360
309
324
342
322
330
326
322
352
357
377
329
334
417
359
390561
340
324
354
413
325
90472
320
331
380
315
332
313
329
338
391
471761
337
354
333
1471771
312
306
312
327
361
325
321
391
312
335
336
344
335
318
345
339
325
307
983862
352
346
330
327
316
333
384
352
339
344
307
330
320
321
338
316
335
342
340
324
366
88636
318
332
323
324
342
339
324
954016
340
352
338
343
352
357
331
343
385
327
334
332
327
327
326
341
328
328
364
354
364
318
324
367
344
307
329
328
321
340
327
319
316
343
345
317
351
1260966
353
334
341
306
338
361
348
379
357
334
333
783297
326
334
335
327
338
321
375
339
353
341
332
336
1195347
360
349
316
365
940743
355
332
333
314
316
327
325
322
368
315
367
306
331
335
332
338
315
316
346
330
350
311
322
358
316
341
348
327
339
361
340
328
909510
93890
317
350
318
336
359
344
348
329
328
324
318
363
334
316
344
337
340
340
330
351
326
311
306
332
309
332
315
330
331
356
343
315
360
342
332
318
333
338
328
351
332
349
392
346
344
332
330
338
351
349
326
325
350
331
362
347
323
351
341
313
337
356
324
321
395
328
329
347
351
335
330
325
391
320
320
341
373
453
341
914927
335
328
318
361
356
315
327
325
325
339
339
318
363
320
323
319
358
350
319
322
328
330
329
329
330
336
324
319
338
319
333
310
334
385
326
347
315
323
353
354
321
313
367
334
359
333
321
405
333
334
327
331
347
351
319
353
332
340
336
390
338
337
312
335
341
327
331
354
347
319
345
312
328
324
352
322
364
373
316
328
306
351
340
324
327
327
314
334
326
331
324
339
352
330
320
337
342
371
320
346
336
350
326
335
332
318
338
344
364
364
320
331
332
338
351
339
312
347
372
337
325
316
332
311
308
404
327
326
325
354
331
344
173713
357
330
321
312
346
328
315
315
335
322
327
355
317
319
322
338
333
364
332
340
320
331
330
326
311
334
332
336
312
328
326
437
329
332
344
351
342
346
341
346
329
338
328
346
334
319
336
348
336
325
330
336
362
331
307
309
324
343
319
337
346
347
435533
323
315
305
326
321
340
355
352
348
308
332
325
341
318
368
321
330
356
337
355
339
350
333
332
331
346
353
309
339
355
363
335
333
383
331
346
311
323
330
334
319
340
373
354
379
395
314
312
338
315
415
339
310
312
330
328
326
333
315
326
339
346
356
319
320
307
350
347
316
318
321
321
314
322
320
349
307
311
324
336
310
317
334
396
310
321
325
317
342
327
324
324
348
308
359
325
336
351
328
308
342
333
347
339
373
322
328
329
324
338
316
343
334
353
344
320
364
338
330
323
348
334
340
346
352
313
332
354
336
344
332
325
313
338
338
324
329
338
324
332
310
335
373
335
327
329
341
330
332
328
324
312
340
335
371
324
321
316
341
338
332
356
366
327
362
313
349
316
335
378
393
326
334
324
332
318
351
371
361
333
322
399
320
321
313
386
332
361
327
311
307
320
345
348
354
335
328
349
309
322
314
380
346
349
376
322
339
345
313
330
334
340
314
361
317
330
357
335
350
316
375
330
305
323
328
376
336
327
426
337
340
355
347
437
345
318
385
336
345
370
2108
5015
368
541
390
356
367
353
361
362
1787
398
453
453
388
397
363
453
364
354
914
373
336
388
349
396
330
334
376
342
336
369
388
335
386
438
390
64604
346
318
388
334
338
362
435
351
385
332
397
387
359
390
336
335
360
351
387
371
349
328
388
316
339
338
1418
320
366
354
370
339
353
355
327
334
360
347
341
335
344
376
364
346
361
357
339
394
805548
342
368
349
387
371
392
453
453
453
397
1840421
394
2254338
377
366
347
360
346
395
382
398
371
340
490
324
360
346
524
353
374
383
454
352
392
335
357
352
335
331
351
336
349
338
356
382
373
344
3937
43
338
373
329
527
399
498
23002
21994
672
318
396
344
311
359
357
354
367
327
352
390
415
310
328
365
344
308
401
357
314
328
367
358
339
383
382
324
349
391
357
343
357
344
340
352
2282
356
358
108649
109232
105
546
2443
2520
967
64572040
331
385
366
370
379
376
351
347
352
375
81678
80784
80454
132690
131679
503
562
455
357
403
499
453
453
2478
460
485
364
453
453
344
1189
453
2017
453
14087854
453
1820
453
361
351
487
358
395
361
366
582
395
478
396
377
390
453
401
1074
370
349
353
345
544
488
371
368
490
358
354
779
476
494
506
504
373
461
397
371
453
449
324
386
460
492
339
6071
459
510
1959
344
378
452
551
353
397
6447
813
453
535
372
553
316
442
453
453
3141
453
187
448
434
514
83881
84636
123990
124838
124036
124012
123989
369
453
453
2830
345
536
5650
3820
1534
359
332
360
375
369
400
328
309
391
378
407
323
351
372
344
383
453
354
322
370
357
441
396
360
374
343
350
356
353
329
362
411
2747
358
353
374
403
521
458
374
472
4857
6036
374
1111
385
3654
350
778
396
306
355
7910
323
499
434
417
380
453
347
351
1503
379
484
362
453
453
463
453
328
501
383
460
6130
877
349
453
501
343
453
513
466
317
336
358
453
453
4902
558
465
453
453
535
3053
346
500
635
363
358
383
114135
115020
570
347
498
411
346
328
330
315
330
354
592
350
337
526
448
349
363
408
351
404
452
588
403
393
424
397
391
558
541
344
489
772
488
329
410
350
393
372
367
400
359
506
352
386
490
333
404
453
355
366
359
442
499
1699
482
471
514
1411
453
369
395
338
368
1186
395
326
344
408
379
341
353
351
343
384
400
492
497
354
565
331
2298
336
358
477
555
382
401
349
105
359
444
456
338
331
333
392
499
496
373
475
461
474
462
638
311
453
453
453
388
369
453
453
324
1512
334
1048
459
453
453
408
360
314
388
560
351
453
453
453
362
465
323
371
350
419
342
2019
403
404
466
617
954
333
351
361
453
6135
510
457
140592
141397
943
331
401
225605
214852
212472
211975
211349
211086
113089
338
384
400
371
353
354
404
336
396
374
402
398
331
383
342
403
359
333
402
359
340
382
346
539
461
368
385
439
399
339
335
354
391
332
333
483
963
422
326
361
383
861
320
548
374
345
394
381
398
467
380
388
4427
385
1599
4760
212
359
353
348
413
337
390
377
515
316
518
385
392
398
400
391
531
487
513
355
401
404
332
330
360
579
391
398
397
1558
313
349
362
502
522
374
364
320
343
532
365
392
361
360
453
364
314
314
350
332
646
370
390
453
337
332
674
469
453
359
6578
17931
10695
396
312
6083
320
351
363
555
459
510
383
391
517
476
552
629
504
453
491
478
395
386
398
3633
481
527
374
807
356
1433
367
336
340
351
329
329
401
13135504
397
387
453
453
453
357
331
320
453
453
453
2937
467
499
334
332
350
2273
151
1225
488
396
3039
332
346
403
574
357
434
346
391
344
331
339
318
491
483
341
382
361
453
388
376
453
398
336
453
453
366
465
358
343
350
392
351
396
343
349
523
360
628
453
357
341
389
327
342
539
345
345
3930
2247
389
453
354
2083
537
40813
331
472
616
497
21091
542
372
416
3161
443
528
358
372
330
377
462
464
353
314
360
458
335
452
614
453
453
2749
453
329
348
365
346
357
370
322
462
356
324
356
350
377
492
320
369
434
388
317
370
353
365
449
396
519
384
391
532
370
347
329
498
326
500
329
3027
310
342
492
351
510
461
456
1579
2267
156
530
368
453
2246
323
356
360
348
1992
467
360
337
327
383
344
493
399
3623
503
3073
383
453
149
591
461
359
464
380
342
358
362
2002
353
373
357
402
350
339
360
490
334
452
347
355
1990447
458
487
393
381
418
379
506
323
387
374
330
453
453
323
398
364
575
364
362
364
108154360
397
25210
382
383
470
532
447
389
314
461
394
332
513
510
346
349
344
8034
451
1875433
434
2417
1915
274
327
474
357
540
131528
130904
481
450
478
479
508
390
476
498
374
348
473
497
355
346
364
354
366
388
19678274
19678742
354
415
910974
24270046
24252842
24235758
332
826380
356
345
379
2890763
386
1138
392
323
17963
3012
358
359
4079707
344
339
344
372
23667930
474
331
378
365
357
394
3104
7163423
7153805
1139195
327
370
824
653
759
388
2885
5112
2506
355
354
388
353
245
359
368
367
359
28
211
355
375
385
344
346
385
336
320
392
1155543
1154241
392
392
1151645
388
328
369
355
369
362
352
12040
368
4321
6644
310
363
338
379
335
853
453
360
383
406
393
379
4472
318
378
411
337
394
384
453
453
409
388
367
379
335
308
320
431
363
387
344
330
325
317
343
320
332
320
315
322
339
338
354
354
334
355
364
334
365
382
360
371
394
326
344
10213
453
331
383
322
1364
349
327
342
414
72
384
385
347
1129681
1088436
480
342
370
456487
455689
354
886
344
567
330
370
453
327
394
360
464
365
392
340
365
325
448
549
60967084
2080
484
371
541
477
453
555
818
6375
377
362
489
457
438
374
335
342
381
356
344
387
364
351
354
363
360
606
357
454
497
401
371
369
353
413
32589718
363
336
378
350
524
369
337
2212
401
349
453
452
374
11823
380
509
453
601
453
453
3692
7100
3399
374
453
387
362
313
453
453
472
199
380
433
442
334
429
407
386
399
474
1212
396
424
468
325
352
398
601
390
447
398
336
352
338
484
466
448
347
377
8612
1162
942
337
453
453
389
476
352
3079
396
324
585
376
254
328
453
453
323
379
362
1214982
1339942
1333072
1333533
1303424
1302716
1300629
1299968
2508
1245021
1239503
1238129
1124396
1105988
1092913
1092319
1091898
1085555
294290
337
388
502
358
453
349
542
313
392
392
390
345
344
377
337
330
352
346
353
453
356
453
453
384
453
487
453
2865
529
495
505
459
469
393
3444
506
399
453
1628
358
359
460
498
402
513
445
434
337
533
567
905
340
481
361
1457
476
504
388
464
440
449
453
467
538
3462
3379
449
390
470
476
384
2534
327
394
495
595
453
453
389
468
503
453
453
498
415
456
537
340
2065
516
493
389
391
327
799
455
450
462
289
311
375
333
2448
500
530
240
410
356
443
342
453
453
3302
6191
485
365
350
491
2350
379
355
4984400
6073
87598
6392
351
372
407
523
2429
349
4097
3846
10766
9181
6752
10951
8300
7368
6676
2445
474
351
332
547
501
445
518
499
334
560
373
584
456
9586
440
453
504
341
473
349
467
515
458
326
65
320
384
487
392
520
443
392
457
342
453
9293
453
453
514
363
366
464
468
384
502
456
468
507
339
382
2839
1410
489
382
396
392
360
372
321
322
345
381
378
358
341
357
361
381
355
359
402
453
486
453
374
8270
2343
123
24
340
472
348
507
453
453
453
110
496
451
453
453
453
453
5972
1528
1283
460
519
2569
519
375
352
324
348
342
353
322
522
619
3821
3059
447
366
470
342
576
2537
453
338
361
389
455
2516
487
4833
453
451
371
348
392
443
88
743
439
562
383
317
364
402
399
355
329
2582
474
338
451
365
362
366
317
489
453
395
348
335
327
361
348
336
333
352
334
353
323
316
362
325
345
322
355
609
110788
27121
785
395
370
406
368
349
383
399
339
347
335
337
404
452
441
492
391
377
319
351
453
513
347
316
406
394
453
393
388
371
368
394
507
399
396
1371
343
384
313
355
355
640
404
395
359
675
351
309
414
416
338
377
368
398
378
394
412
339
644
394
393
364
519
477
612
325
452
522
123
397
395
277
391
391
374
364
3080
399
355
382
702
330
374
385
406
323
359
334
339
391
371
405
329
352
357
368
315
363
7917
360
341
341
351
354
406
358
363
342
343
511
5666
509
342
368
453
453
317
319
467
508
223
448
526
453
453
497
2679
434
453
453
474
335
332
372
497
3143
8200
4487
538
470
623
307
1206
345
468
468
887
458
366
391
342
367
368
312
343
52872
53669
1823036
362
338
510
414
399
456
378
497
341
957620
956635
446
337
541
1198
325
115983592
115984280
357
368
410
411
360
393
993
474
480
334
453
453
367
318
360
322
1847
360
372
610
460
406
130
535
424
362
381
326
453
466
482
5471
479
491
3293
295
494
557
1410
453
6068
344
452
346
341
458
8644
514
137062736
479
452
59
459
5870
461
377
347
324
356
332
1339
317
358
453
357
341
356
339
340
351
488
485
350
88117424
339
490
392
345
454
403
394
8516
355
523
480
441
596
483
399
339
357
332
2513
481
389
470
349
394
369
758
476
323
331
8788
408
516
514
335
507
374209
373616
469
494
330
335
363
463
350
337
330
360
347
453
453
2817
400
525
353
347
387
332
395
393
353
342
342
333
395
351
390
3859
323
392
343
353
337
316
375
366
990
336
361
330
333
367
387
379
372
378
309
336
341
333
453
453
345
521
368
381
554
389
368
371
377
321
832
357
396
438
332
351
339
384
389
382
445
336
513
343
357
361
453
415
339
471
347
554
335
339
337
467
452
452
463
511
380
377
453
366
344
501
311
350
380
390
453
725
477
386
379
1433
496
396
1896
396
490
327
373
454
362
3156
393
1306
445
396
376
486
331
394
481
356
389
527
48369948
54666556
453
589
707
453
453
453
385
363
368
377
124
355
984
364
372
365
361
453
453
1211
453
453
453
453
453
453
453
453
453
453
357
366
366
331
315
354
374
369
361
333
373
358
916
453
6053
453
453
459
370
1315
357
4124
488
446
454
2225
27738
28303
323
539
453
323
342
328
124
364
2107
372
332
1426
405
365
360
316
396
318
323
335
361
394
320
96437
363
328
355
354
354
356
352
335
325
343
1378
359
367
344
368
331
89644
381
368
371
342
341
341
350
364
342
453
38
359
394
373
360
364
361
356
355
115528
174718
331
141849
230253
338
25506
350877
105373
89258
384
56035
62785
53400
343
453
453
453
453
330
361
350
402
369
330
351
322
330
349
325
313
351
391
395
396
408
332
334
328
347
477
377
504
527
381
341
466
41738
38467
39378
4119
347
3366
510
448
406
447
361
380
498
348
362
452
579
512
453
465
9487
2379
347
318
385
641
354
2417
382
536
1319
473
507
453
496
485
353
388
490
1465
497
516
376
453
313
515
492
541
549
356
452
453
382
533
476
335
386
665270
664295
329
478
454
382
453
464
491
335
364
469
452
1977529
341
368
371
22
387
767
884
860
22612
4228946
4135
555
456
338
372
397
377
330
370
356
385
864
358
338
343
342
401
392
383
337
327
364
330
463
368
510
587
453
453
439
5564
501
846
485
370
286
365
410
376
364
525
733
556
433
432
378
338
377
350
340
373
406
368
1114
2016
397
392
366
344
472
470
478
2630
435
491
497
352
542
382
359
362
361
389
349
448
468
575
453
564
434
5113
9698
3846
495
595
4059
3941
462
519
540
394
525
513
385
1471
453
374
348
453
453
492
487
453
463
563
314
341
323
493
476
352
402
398
471
512
704
352
386
501
485
114241
21449
1824
6388
4211
453
453
514
647
434
376
33
508
536
478
363
450
364
367
356
496
550
549
362
453
488
334
453
453
469
483
420
310
387
386
547
379
529
381
331
342
325
356
369
362
333
340
473
345
363
363
357
453
366
352
324
650
368
355
360
336
341
508
341
479
358
361
360
398
398
79667
80483
347
348
336
347
4274
618
398
473
498
453
1948
484
349
526
444
3245
489
91
497
490
473
568
10110
472
338
529
404
386
798
510
1647
2950
2265
371
337
1177
336
360
341
331
414
106085
105204
378
1986044
320
326
368
347
342
492
824
397
391
348
383
325
364
552
1162
902
255
15
357
1864
386
732
318
345
32090
350
58573
390
324
348
355
319
586
349
336
352
359
322
339
453
337
412
347
361
318
340
339
365
412
378
377
371
360
439
326
374
53
355
67
331
347
387
372
340
315
373
353
27
353
349
368
322
6310
347
401
6163
320
470
329
409
390
370
401
411
383
398
372
389
383
401
395
413
388
390
397
276
1303
370
325
345
349
349
321
393
334
347
380
332
410
390
398
757
362
384
719
477
379
332
337
361
337
339
356
399
490
718
360
361
342
375
470
352
9043
452
419
400
658
341
453
549
470
421
362
386
370
635
324
340
391
509
383
391
453
453
414
382
349
392
351
506
524
514
336
563
409
346
315
341
343
376
535
518
340
350
328
1120
371
369
351
496
459
452
330
403
533217
31783
30823
323
18383
22464
536289
535375
358
24536
606
453
453
374
450
550
483
340
23315
9749
363
1174
347
482
453
83964776
333
319
386
483
453
233
331
453
453
380
387
475
451
512
358
366
865
627
6144
532
613
510
347
506
6150
477
433
3145
441
486
335
354
487
335
314
346
339
342
318
341
369
378
434
492
102450
102982
1153
491
363
326
504
517
536
1728
452
8109
453
453
525
452
1604
521
565
489
317
399
459
1277
354
334
372
335
383
326
368
388
472
258
365
362
377
402
333
350
1355
332
355
1560
400
328
326
330
329
1607
386
323
6899
516
453
453
529
499
347
2216
2220
348
2133
363
353
397
525
256
4489
360
290
7175
223
401
395
560097
439
6286
438
219
343
200
402
5128
7025
357
552680
352
92
1006
439
6
1248
248
743
441
133
4543
2
124
375
375
374
536434
337
361
362
356
381
326
350
346
357
342
362
346
371
406
351
355
354
351
351
354
410
350
348
383
359
363
351
176
383
370
357
482419
354
323368
342
327
344
394
324
374
346
355
273
358
361
379
352
367
379
849
227
9824
389
51
277
356
386
359
40687
350
356
349
341
1296198
336
1770507
350
339
344
313
375
132475
396
366
394
328
453
453
654
861
434
508
453
362
453
453
4767
493
485
353
1117
394
460
336
6115
410
455
1542
3101
1874
483
3066
457
2638
440
663
353
534
453
449
452
467
495
1012
380
741
626
453
491
453
520
1434
498
502
94619
482
509
510
47275
18503
19385
19527
453
453
453
433
316
359
389
319
473
341
595
453
536
1696
475
462
453
453
360
326
330
434
296
383
6110
470
473
338
2110
452
6057
453
553
478
2138
562
535
469
396
367
378
337
387
517
348
442
452
335
464
487
506
1644
505
3590
485
345
6083
9022
2507
473
2467
399
11095
543
543
503
453
340
491
540
434
461
473
330
1864
4250
2193
452
466
526
453
453
618
453
453
6067
371
592
483
453
456
364
455
472
514
521
490
498
567
354
632
2140
515
489
447
453
383
462
1087
578
282362
282947
506
490
2599
348
666
451
434
480
329
1958
2541
458
539
3945
373
2836
340
453
453
380
508
541
556890
321
556
338
331
314
531
312
324
457
8736
3186
6043
473
3168
473
337
10144
12682
13563
4842
522
394
468
497
453
1112
490
45883660
538
453
520
456
527
348
490
492
512
349
340
609
542
404
392
537
452
480
491
481
462
442
481
671
489
2627
346
492
490
353
8685
434
453
341
4397
506
368
336
370
367
471
342
486
2364
472
330
453
500
120003
118448
3387
346
454
8231
331
338
438
512
551
543
497
407
453
453
339
367
310
372
326
335
370
351
345
4659
450
408
540
403
392
370
55846
453
472
453
314
465
491
450
465
328
335
453
475
373
480
308
2449
456
286
499
3223
355
8076
7385
355
355
2441
453
382
342
365
363
617
523
1256
6070
1016
453
453
413
355
401
328
371
453
363
525
498
41255
453
5035
4355
8485
452
2886
453
316
340
710
460
372
453
1144
477
511
443
454
488
397
512
369
453
667
512
3602
347
453
453
391
477
384
1518
399
870
617
320
318
326
479
389
513
349
327
367
456
442
348
375
336
507
344
526
374
479
522
332
2469
393
338
379
4626
1180189
1181072
338
530
333
582
352
512
378
383
344
1742
1948
348
353
2109972
2110924
477
444289
443720
318
363
397
522
345
190
2259
1968
338
501
453
453
498
332
311
6347
742
500
342
501
358
382
418
372
384
369
327
453
728
345
478
365
394
347
351
322
453
382
338
338
369
384
383
364
458
368
360
390
347
1353024
352
363
1358951
351
342
404
359
344
397
360
356
400
350
308
371
386
333
333
472
660
535
392
347
419
396
357
333
334
402
346
325
357
390
356
91031
91245
92169
91126
91400
90476
90279
84354
84165
91311
91388
92334
91268
92279
91654
92349
92488
348
354
356
340
354
308
396
324
379
338
605
524
410
389
400
361
441
403
395
489
509
407
403
354
353
329
385
367
408
357
345
346
389
364
391
395
1671
1899
492
620
544
336
389
392
406
653
495
374
3224
376
550
378
394
341
882
698
393
463
395
412
352
332
449
406
351
556
468
1186
369
331
309
305
323
486
386
363
438
453
453
549
479
337
386
458
498
494
453
394
390
454
525
352
553
458
315
353
322
352
385
485
509
398
654
533
611
9542
529
495
454
371
477
433
342
341
392
363
112739
113693
2097
1585
1128
512
13308014
13591865
13538741
13536198
2354
453
7915634
7916442
463
2968
495
492
7791
452
505
545
551
342
355
307
5222
8685
2075
1425
52
453
337
475
373
358
452
434
571
502
340
373
331
403
357
453
324
390
529
378
396
112
539
469
453
453
3169
339
526
378
437
451
519
524
381
380
339
333
309
331
482
377
494
46801
467
347
453
453
1880
2771
369
334
375
387
336
321
351
22354
337
355
395
375
462
380
376
392
5245
354
511
351
1058
2238
379
403
453
453
414
26841
426
434
433
117864
320
112911
49814
89719
74216
79948
453
333
279
54118
336
316
346
50255
346
393
335
381
453
347
390
32
351
351
355
340
345
309
354
391
136949
453
4000
340
9310
213724
61818
358
122718
322
52798
41804
163274
325
20402
319
1040
336
332
360
382
2333
327
327
345
453
482
757
347
532
454
385
314
345
1181
538
397
355
340
482
464
10338
6136
398
411
502
453
492
368
524
326
337329
501
486
341
497
467
547
332
375
504
482
350
322
363
463
347
498
345
340
401
354
387
499
517
590
350
336
453
453
343
327
472
335
433
385
479
586
491
517
336
453
452
469
349
446
466
556
2061
452
372
367
349
499
467
362
324
320
384
489
370
463
463
481
538
488
359
462
2721
453
7102
77712384
453
3198
466
506
503
338
362
516
474
518
2380
373
517
358
349
484
355
509
453
493
106
1236
361
2341
348
389
496
314167
468
462
356
461
502
509
463
4503400
6066
453
497
454
1713
407
650
6091
452
489
571
453
520
510
335
453
316
460
9692
503
1405
489
453
453
4116
3501
357
482
388
484
352
583
463
453
453
480
2552
542
463
485
800
458
4753
461
381
340
466
462
360
434
572
330
489
469
1102
2074
448
328
384
363
359
541
467
533
1003
979
3459
483
506
453
453
352
397
441
453
354
386
338
1877
347
337
339
401
453
389
329
336
361
314
323
348
350
5561
367
408
595
1741
326
375
355
510
364
348
373
339
345
385
355
482
395
1071
357
353
354
360
311
369
397
309
352
357
7272
385
410
347
327
566799
567681
388
319
453
553
508
464
347
347
452
444
2187
358
97
529
949
745
386
315
349
402
505
479
545
5989
1184
1550
99
143
468
357
369
329
351
395
370
315
406
392
3952
20125
405
456
6052
512
453
327
609
397
359
378
347
536
1070
797
333
396
336
334
453
358
379
454
472
340
447
474
453
324
319
378
522
1562
7912
8800
452
4064
453
340
505
451
574
358
368
510
380
504
372
495
482
1010
481
484
388
7922012
545
354
374
454
374
370
315
351
315
334
509
342
342
340
483
357
567
569
332
385
466
1986
382
326
568
72
230
491
463
1577861
337
341
326
330
2633
397
368
1236
355
360
337
312
455
358
1420275
324
390
352
380
382
373
472
349
1772
368
1019
364
361
385
387
456
500
748
363
370
347
403
357
341
453
363
542
344
358
405
361
372
376
386
363
451
453
479
445
330
406
328
340
325
458
362
407
385
352
480
331
310
329
382
357
354
359
326
332
1988
329
358
506
364
1469
523
585
460
383
362
372
350
398
385
512
347
1281
396
383
471
322
369
1167
22445
23575
363
335
406
335
358
519
506
369
369
1946
377
529
453
453
332
480
520
470
347
474
326
439
495
482
493
3900
479
573
496
372
336
566
376
898
353
323
338
357
452
477
459
477
549
473
171
1350
1748
2046
321
453
453
331
366
341
326
30692
30128
9287
453
548
394
329
340
384
375
555
1093
377
397
337
359
339
506
361
1475
117003544
394
332
352
356
489
554
444
6095
332
500
493
349
368
334
377
456
330
3410
453
310
452
390
510
452
342
2711
729
442
383
392
453
374
378
6095
352
453
307
510
7821
355
453
453
341
322
332
497
448
518185
517581
339
453
321
359
527
536
2613
69890
70821
224367
225093
227104
453
230167
100907
35021
155077
155288
156133
154003
155458
453
156469
155309
156185
156020
95324
94055
155133
155062
93680
93007
453
38939
453
453
453
54177
183573
563
132810
128500
53962
54814
53851
54010
53776
54623
54904
56538
60786
60430
60406
61179
1840
9226
453
453
453
1703
453
453
453
453
453
453
453
538
355
496
351
362
372
338
334
391
361
376
367
381
1218
1570
336
74545
75389
1837
8576
453
96962
96082
94634
2997
351
353
378
487
352
332
369
366
360
852
55937
98768
116320
55879
56693
116190
55850
115242
55793
116225
8664
56708
42966
103982
43735
104042
106633
49910
107885
19921
86084
453
85238
46467
45321
6937
7433
38164
37374
2252
37330
30809
35426
38711
37861
62675
648
62623
61197
35769
62094
34397
34419
36041
62199
35148
36052
35049
62174
35974
36097
35961
35105
43954
60127
60124
43554
42135
59442
58616
59522
58614
59421
1524
514
499
1464
26365
26354
24010
24954
26282
25197
6203
25244
15131
93
2664
446
453
1961
1213
103819
103130
103754
103854
102686
103958
461
3971
103214
98343
514
1058
2140
943
96405
96878
96003
96819
96890
95990
96798
96521
453
4945
87068
86242
521
463
530
1097
74703
2000
453
980
454
332
362
377
347
346
350
350
213
445
554
359
373
355
362
389
1173
342
404
369
395
360
385
368
346
3295
377
344
331
331
356
377
1396
328
471
365
367
329
446
349
321
469
345
380
348
495
341
309
338
337
388
319
357
400
346
402
337
357
385
329
339
365
362
389
382
350
350
453
453
311
390
349
381
402
347
371
475
488
452
351
502
346
453
453
354
316
471
423
475
453
453
93504
92945
634
580
690
48763244
361
328
39659
1461
38008
480
3175
9977
5998
369
495
518
627
20763
326
84989024
392
398
2901734
2892126
2892837
21502
337
2754198
2865827
2861290
2861605
2860573
2714619
2715057
2874333
346
369
322
220168
322
347
357
359
5050
4006
386
333
885
360
443
346
338
353
317
332
355
345
434
345
367
356
352
320
350
434
1364
453
453
330
366
485
4751
450
2016
471
453
453
453
834
502
452
453
261
353
977
398
1639
339
453
445
827
351
593
366
332
369
382
371
477
10408
1179
493
467
8623
7815
500
452
436
401
5174
21811
706
493
382
69269
399
1013
1512
549
2099
1064
453
453
69612
453
453
402
461
453
453
513
6074
506
496
2010
6218
351
472
383
472
384
453
387
377
358
345
570
98
322
331
453
494
529
336
453
544
367
116
431
309
925
347
332
337
1749
472
514
464
354
494
539
383
336
841
453
374
385
454
366
354
488
479
457
1070
313
391
468
350
370
339
379
416
371
1777
358
389
361
453
453
488
434
453
1087
480
476
526
453
482
460
404
351
510
355
317
495
378
539
475
453
473
508
348
447
2608
2174
8736700
8734054
352
366
453
453
509
6121
566
505
389
130
385
461
523
351
6101
520
1624
720
549
327
344
333
351
481
510
383
1228
347
566
382
329
386
4575
488
498
2508
1469
7445
333
341
403
452
6075
6982
348
352
403
410
475
350
376
477
369
365
633
407
317
394
382
885
2451
505
1140
375
351
337
508
2261
3815
475
7364389
1289
7357455
7356875
453
7354160
3184
339
506
530
452
336
483
336
393
356
137
466
453
408
361
333
816
331
365
347
523
372
386
377
327
530
367
460
390
381
361
355
365
323
417
521
45367
399
152013
366
355
392
390
388
327
324
1395
1579
342
388
611
525
452
3051
385
493
457
516
381
364
970
396
399
398
388
452
7515
364
400
393
372
452
5000
342
453
453
453
453
345
376
358
349
351
1227
458
387
388
348
342
365
257
453
180180
164692
60630
157823
158719
338
401
358
379
380
453
453
359
476
322
358
378
452
384
422
322
517
345
446
339
495
370
453
453
380
410
1683
327
408
386
1739
312
349
388
388
379
498
354
355
354
398
337
402
377
406
378
331
333
349
363
372
397
391
497
514
393
329
386
412
534
515
385
509
401
453
378
387
590
511
354
783
453
345
366
634
375
385
331
345
347
374
344
424
345
354
398
358
350
654
1460
522
386
373
358
933
383
386
343
344
349
337
378
700
336
346
399
338
390
9483
474
346
365
372
917
333
389
351
390
325
335
400
393
355
317
656
363
386
364
444
543
376
407
382
383
393
406
513
366
315
308
1059
394
392
366
323
511
352
359
349
487
471
355
528
370
336
343
453
453
358
359
312
556
329
406
404
685
390
374
321
1742
2594
503
331
126
701
557
382
327
479
388
1311
394
368
367
392
387
347
453
453
506
343
453
397
599
597
313
1296
384
338
324
358
343
346
402
344
340
387
385
404
374
335
324
350
453
392
350
368
333
639
1047
349
305
345
405
359
350
362
331
394
407
355
408
356
363
1684216
491
398
395
383
375
388
332
351
322
339
344
319
466
388
917123
341
362
354
326
357
347
453
355
579
401
359
315
370
495
336
434
379
453
453
553
453
453
453
1358
505
453
536166
534247
367
399
330
491
501
488
475
498
443
1174
384
319
480
492
502
342
452
353
453
2338
482
486
374
346
1994
370
363
336
374
373
330
21619
22157
1912
327
547
332
319
375
8515
349
345
453
5526
453
379
382
388
526
395
357
380
554
449
112870
112585
112694
3043736
407
492
498
3434
1542
2749
4849
1537
320
2981
400
434
2089704
2088744
383
22739956
455
464
367
375
386
453
453
398
20410056
20409184
42088
824
398
539
406
317
396
513
1458
934
15193
15199
19626
500
565
467
5502
362
342
387
377
319
352
100727816
358
452
345
332
479
342
490
334
379
340
338
375
486
463
519
363
387
358
483
398
333
328
499
400
729
355
354
377
406
55417688
522
516
321
501
395
332
479
185
390
321
1325
439
390
4599
4408
503
463
225370
455
195
491
736
434
923
366
400
2352
336
375
10059525
383
358
311
7036547
358
343
368
3176
348
5263
4470
6050
7159832
7006627
6900009
6558154
6170917
368
413
453
453
453
76
402
386
399
385
4332
372
396
463
493
357
370
182054
254
406
388
354
332
364
1714
9411
329
389
351
349
351
331
322
384
379
340
483
356
352
336
337
404
323
369
378
352
453
365
400
338
384
401
403
403
341
12756
3787736
2388125
3774257
3777699
310
361
1245723
1650485
1566366
932954
324
323
320
344
340
320
488178
496098
240886
295627
339
342
2170862
2171761
90606
369
318
329
1457807
331
140653
351
329
1276200
453
1273868
453
365
453
372
382
1383088
1382519
412
362
393
352
329
347
332
393
360
346
397
97321
330
345
423
378
393
354
453
340
334
326
1332
2622
348
335
366
348
330
369
341
360
360
384
334
343
323
356
352
314
350
348
38258576
453
341
302351
351
332
380
398
2258
341
338
556950
689556
688632
689397
689464
688613
688522
382
314
452
386
362
368
381
423
372
392
376
384
469
350
486
395
362
423
400
395
316
362
552
2529
9694780
9691341
112284
111259
370
383
357
354
343
353
3948000
387
420
7238272
334
5731124
349
5438195
5438677
5438244
5293903
5294436
35073948
9185
472
384
386
354
432
394
332
392
395
453
453
453
453
508
453
453
453
453
30282296
393
311
369
337
416
336
388
478
368
316
382
352
360
361
17888
17460
12318
542
474
339
327
451
1106
331
504
397
363
351
349
330
398
332
335
396
342
499
318
381
357
358
339
413
397
307
1205
339
24716006
357
351
323
359
371
362
2847
344
356
336
399
387
331
359
388
453
362
367
345
343
359
337
386
326
341
378
412
385
346
393
383
360
328
363
333
203096
499974
317
454
25680202
25624280
360
25535274
501
356
472
348
341
374
433
495
444
523
372
491
1020
453
449
466
547
1059
445
1417
710
457
5445
120232
2180
1484
468
507
342
25850
390
399
389
453
453
6043
676
362
360
532
358
519
383
476
6131
498
490
482
243850
491
341
355
382
335
439
357
355
334
404
566
340
470
336
369
392
401
406
346
416
362
1308577
337
364
349
357
347
351
343
353
465
13141
2647
329
382
366
334
453
453
453
453
209
453
453
453
1955
1976
2056
2196
251
308
453
453
453
453
453
453
453
509
453
453
826
3061
453
8599
398
384
349
773
1125
393
322
340
359
336
325
384
515
2620
333
490
395
320
355
371
477
1269
337
471
357
730
381
332
461
478
465
485
346
332
358
378
372
369
349
342
346
454
355
323
12120
11540
341
460
338
370
369
376
704
453
392
506
513
465
343
453
450
361
335
453
384
453
6088
379
547
466
500
9649
386
516
513
540
337
624
457
438
164
481
595
388
453
453
46906
5575
498
473
380
484
407
328
347
323
346
367
401
363
351
329
349
352
404
404
324
361
499
13351
375
499
558
14271
13727
453
453
316
364
453
524
545
453
382
477
454
362
345
919
824
345
387
379
369
457
328
347
355
349
308
346
365
380
323
322
373
375
6817
8537
966
9259
345
936
370
350
447
492
329
449
25408
26388
453
453
453
453
453
453
33615
31392
31446
453
453
453
453
138503
453
18629
36781
17974
18885
453
36061
36890
36003
36689
36898
453
18631
18659
18523
20081
19273
19097
453
10080
10556
9572
10651
538
362
379
446
499
622
4846
472
675
441
453
453
357
698
3474
377
367
507
338
388
322
389
349
401
4200238
4089706
4026019
4025752
362
357
188
994
2082
3846082
338
397
395
481
354
381
1396
518
343
411
349
325
371
453
453
453
453
360
453
325
453
453
398
354
982
2652
373
355
327
479
417
267
694
328
399
375
380
1311
647
361
325
384
1585
383
494
548
545
395
558
368
337
369
316
1064
425
347
398
597
334
363
792
365
358
359
346
453
572
716
336
369
388
397
384
366
403
346
328
393
415
380
476
393
342
335
350
382
447
548
340
378
350
383
397
349
347
333
349
378
940
357
351
397
367
360
398
359
354
333
371
395
1021
767
331
377
374
382
463
384
323
358
339
360
331
367
358
76
345
327
357
402
319
355
395
353
403
403
458
317
349
323
389
593
351
331
457
344
494
405
324
375
544
415
402
352
370
348
360
338
395
331
476
406
316
370
325
29565
379
806
394
360
365
393
390
343
358
336
339
5024
1222
373
382
357
319
374
387
385
595
346
326
3950
346
397
349
369
331
381
386
357
449
2692
330
355
506
374
1393
368
394
360
352
367
367
354
838
481
412
374
1353
359
528
458
313
371
375
359
323
578
363
679
520
547
365
402
333
560
349
397
412
1735
407
747
334
323
347
779
400
311
34980
345
3036
345
535
377
7590
390
2096
461
484
504
440
1321
481
332
326
315
351
354
348
373
520
373
547
449
38086
356
350
323
401
453
362
467
302
473
404
400
412
104165
5018
452
400
487
453
453
473
391
493
453
453
6264
519
438
189
483
484
483
407
340
452
934
1375
965
383
346
489
457
451
382
271
489
453
415
453
345
341
325
488
338
401
343
361
516
99302
100007
484
495
543
335
26989718
452
387
18566
4014
318
148
338
376
347
1571
344
443
371
389
340
363
351
470
369
453
391
392
377
325
453
484
336
357
1636
365
507
324
11314
317
330
365
365
453
450
362
396
395
1004
453
381
410
335
353
369
404
2756
453
333
375
336
155225
1015
478
6563
665
520
492
459
329
452
363
326
340
398
341
372
518
4008
2391
474
361
326
341
351
385
349
369
344
333
312
373
401
399
372
388
350
394
382
357
324
372
390
397
393
513
390
346
4665
359
287
383
378
348
380
313
313
379
380
387
374
372
394
392
354
407
389
396
369
356
381
360
393
349
390
382
364
351
333
415
383
371
346
369
392
389
372
403
373
352
392
392
362
371
369
397
389
350
372
373
347
382
382
405
366
367
384
385
395
354
396
394
393
357
374
334
486
384
1820
380
480
356
317
388
453
1881
447
453
452
7250
3341
475
495
424
453
453
453
468
468
412
647
362
529
336
325
370
373
482
453
328
453
5672
10288
1369
8791
3452
4419
381
582
506
468
456
324
7971
392
346
382
386
447
382
540
453
438
2575
9960
382
375
4841
346
570
453
392
545
394
387
382
453
349
322
339
389
342
469
447
518
505
364
478
322
388
472
336
524
116
453
6062
311
493
367
446
324
61
4106
497
508
501
368
107633
355
376
363
330
454
350
478
351
8413
492
341
74
339
336
307
498
453
322
480
649
390
504
511
453
381
4874
391
354
374
453
453
336
350
306
463
4426
484
1265
463
488
334
347
365
365
361
504
330
326
360
326
400
366
480
347
68
347
453
548
348
487
495
400
492
482
827
527
453
453
453
522
365
456
528
546
524
2209
484
561
359
446
477
509
523
492
491
491
351
475
449
449
567
487
500
471
453
363
538
752
6673
364
523
489
528
394
335
387
355
481
334
518
453
344
316
352
6048
2396
516
434
456
333
329
412
486
6168
453
453
469
384
453
453
453
370
348
930
375
517
33
475
556
380
3017
530
382
334
400
506
492
316
6146
394
357
348
373
1764
416
496
500
347
527
338
456
386
453
473
546
384
338
533
360
387
321
357
369
337
365
546
544
453
334
330
331
350
366
409
384
327
453
398
360
324
352
334
572
387
368
386
378
310
345
397
370
363
387
385
355
347
391
392
390
36979
38066
608
400
384
350
362
385
396
386
343
407
398
351
865
352
390
398
351
392
381
364
311
320
500
452
402
387
319
1373
961
966
528
366
388
383
398
363
376
365
328
364
349
395
394
381
374
453
368
358
363
348
331
359
872
351
370
380
453
315
324
367
412
508
344
340
455
359
433
453
471
343
370
478
5500
4603
336
461
457
473
359
487
346
340
1217
338
362
350
385
336
346
468
487
342
11267
8121
453
507
1187
310
453
453
466
533
270573
2848
406
2291
341
328
6654
483
313
19096
480
504
467
333
347
462
555
337
606
7802
546
518
519
527
579
458
453
453
507
596
391
5371
1716
367
364
675
458
298
444
488
452
1315
323
364
867
333
317
399
341
7285
552
359
362
377
384
351
351
338
380
328
107781
106923
403
371
405
372
358
520
363
1226
481
459
353
351
387
316
374
385
403
361
338
363
453
345
231
337
2754376
352
333
2754455
2754656
390
453
453
370
357
2631736
358650
354
2629304
315
344
355
390
335
340
336
355
453
19654874
373
363
349
413
19640506
19640028
336
332
363
363
351
371
350
453
381
391
344
19605370
357
453
1158
339
22988598
368
22984738
22985244
22972474
27378280
354
385
327
349
377
453
397
453
22593270
22590880
22587504
22586874
21564864
22533056
22530902
22530590
337
20327332
503
353
366
453
453
405
348
436
355
339
366
359
344
339
332
392
453
453
318
354
95583
16827394
363
486011
318
348
371
453
312
367
336
321
1017234
354
364
366
406
323
388
325
381
453
453
453
453
453
387
356
389
342
402
407
338
72
383
352
382
68847392
437
375
404
380
332
460
516
557
386
5429
5255
455
1172
352
364
401
393
458
475
499
341
496
365
353
313
13282
463
453
453
514
385
476
453
340
315
445
369
314
540
389
384
348
468
2361
506
358
455
457
399
356
488
352
2771
489
355
2636
382
500
530
341
358
414
447
1953327
1952605
1952241
354
354
369
389
466
354
502
356
468
240
499
1350
351
458
570
488
379
811
552
339
180408
494
453
453
2028
1759
360
336
405
377
505
386
384
388
363
387
396
381
339
393
341
416
370
5207
376
1935499
361
458
350
360
357
526
395
401
353
391
396
382
397
2945
541
331
311
2563064
381
491
357
461
402
352
329
505
398
542
398
385
346
349
859
363
339
540
328
317
506
549
818
390
479
563
2649
453
1001
453
394
495
737
1231
309
781
1014
150
539
338
452
358
326
433
453
549
472
349
342
2043
492
3087
463
341
27427
174
590
527
525
438
335
348
328
482
447
369
346
470
451
466
333
382
372
314
500
326
478
173
498
558
465
520
453
464
487
453
453
359
358
361
375
330
461
359
337
308
340
359
350
386
380
354
393
376
403
350
434
384
357
344
331
381
339
329
453
346
352
352
381
361
386
453
348
362
426
453
375
387
355
331
384
636
463
386
346
327
336
346
402
352
386
1056
350
327
359
328
361
359
362
1982
355
373
336
383
341
375
384
368
334
354
340
328
381
1427
362
392
348
453
453
453
453
453
453
512
453
453
453
453
453
453
453
484
453
453
453
453
453
453
453
453
453
453
405
353
315
341
358
351
393
341
355
363
333
381
347
5553
321
340
404
395
340
381
389
363
1825
408
366
477
339
332
355
386
393
510
485
524
369
370
453
453
391
338
382
380
491
355
521
366
401
388
405
387
388
2275
363
364
340
584
358
402
372
350
373
338
393
393
381
354
390
367
388
496
364
388
369
3543
453
341
349
1124
394
361
402
3512
374
343
395
310
364
394
356
372
349
398
502
347
411
359
399
386
351
354
494
326
352
363
357
345
350
352
378
377
429
407
354
347
411
400
449
349
342
386
563
352
397
2434
403
345
367
383
346
551
378
388
351
340
387
405
334
399
363
379
367
349
387
1003
1408
346
341
335
371
371
398
453
453
360
15583
519
393
358
343
366
380
392
331
389
397
333
316
340
352
339
523
353
389
378
341
380
390
392
361
375
311
385
394
355
518
656
36
368
326
312
385
513
370
361
359
242
362
322
352
348
4896707
374
349
410
368
350
339
538
362
383
315
355
351
354
399
356
351
369
340
1079
324
553
453
453
371
365
363
395
363
333
345
356
1359
766
555
874
738
334
361
329
889
321
312
369
357
334
347
336
352
336
346
360
355
1122
355
356
397
333
346
369
362
340
380
341
339
349
360
349
380
361
329
340
380
356
357
370
476
382
342
381
371
358
349
325
335
372
349
391
357
374
2455
1535
329
402
340
411
345
425
363
334
367
390
359
339
330
361
388
427
396
336
351
383
348
544
387
328
319
329
329
550
465
335
463
385
335
375
350
356
334
343
379
366
832
347
320
1250
468
351
379
378
323
376
438
342
359
326
541
392
482
394
344
350
379
395
481
343
359
5374
404
453
360
343
375
356
333
11596
10700
386
370
323
326
384
502
387
324
113482
114380
364
352
355
426
341
346
453
1189
336
453
453
2171
452
404
512
383
1352
882
374
497
857
453
453
390
335
355
469
379
349
356
547
368
358
6073
357
344
357
466
505
567
338
358
512
367
454793
351
360
337
55323272
382
366
434
451
341
459
344
525
384
345
355
377
347
344
357
330
349
369
398
389
347
371
475
392
396
393
363
506
1419
341
319
455
509
766
393
390
323
395
406
362
413
398
279
721
384
379
402
356
1228
384
434
469
434
389
453
12567
485
821
369
394
377
369
363
387
328
540
364
513
351
381
342
348
329
358
356
354
351
1697
4172
453
320
385
351
349
485
370
402
453
453
461
362
369
341
453
354
370
370
348
387
57397
366
355
375
339
403
308
338
353
315
108590
109471
377
4331624
4502203
326
350
391
2424
319
319
397
386
369
381
157
496
346
685750
685028
350
453023
228
2793918
2793717
453
2282
2789627
350
324
369
368
546
341
338
453
373
353
373
317
327
368
382
376
325
354
453
12893
462
336
453
7531
369
529
553
398
335
386
355
375
395
373
369
378
378
391
386
348
392
341
378
334
405
375
346
364
341
386
404
336
319
471
362
348
324
348
347
401
722
367
370
341
366
359
397
375
318
367
346
360
389
353
396
348
371
1537
3216276
317
337
342
391
518
341
10784
6467
350
26814
397
448
8737524
419
441
333
26
404
382
326
499
378
7137
10554
2714
312
334
392
326
364
331
348
356
335
404
309
384
130
501
388
361
398
392
444
343
396
394
392
477
393
359
453
374
354
369
306
335
458
491
453
636
1284
4161
2626
357
330
349
475
480
399
462
452
579
6189
452
5806
507
453
399
11809
11349
342
508
4708
459
12646495
557
542
608
452
319
57
453
453
453
453
721
360
348
3819089
647
452
453
540
339
344
362
330
309
351
351
466
393
514
525
482
314
328
373
384
511
406
357
373
453
792
474
520
347
369
389
345
325043
349
365
2011
500
327
363
323
372
385
453
450
232574
231959
484
494
850
359
369
123
360
531
344
373
475
2691
352
378
326
368
321
373
488
503
371
328
323
381
460
333
382
317
353
357
352
343
333
387
362
458
503
361
4677
461
453
87
461
373
339
338
391
324
395
461
411
369
390
362
344
309
15856
14862
316
371
667
349
434
328
348
351
315
349
533
577
488
372
48778
471
520
363
452
376
363
349
335
473
319
367
357
359
62282
411
455201
2532
6110
2215
2872
367
361
370
396
3040
415
385
2476
341
453
453
397
448
337
384
349
1564
336
94672
316
480
485
533
505
395
355
379
387
321
256861
257482
283
362
385
348
393
359
360
539
386
364
620
390
361
345
330
315849
316835
3265
182373
182528
180654
370
334
323
1150878
352
400
352
356
393
407
392
355
340
374
359
389
416
357
375
391
364
398
330
381
364
379
389
385
388
382
386
384
402
369
352
384
386
365
391
367
383
358
415
374
405
365
377
395
393
382
387
350
380
396
352
349
372
362
392
372
395
373
395313
369
403
393
400
387
355
349
372
394
399
406
382
367
395
45865664
387
386
378
374
390
359
386
361
368
413
373
352
363
394
408
383
371
404
358
407
351
381
381
394
369
410
360
453
355
453
378
404
394
376
395
371
357
360
96
6945
14634
25414
1148
5856
57
359
453
453
17408
45522836
355
10826
351
387
45517072
388
453
393
453
453
453
453
453
453
453
453
453
374
336
397
346
389
360
386
352
356
376
360
382
406
373
397
360
354
389
357
385
389
389
370
5157
2233
6833
4691
409
675
396
453
438
453
453
453
343
333
392
363
351
368
375
355
533
347
473
366
364
336
358
356
398
638
383
401
333
332
329
538
349
360
397
337
338
377
374
401
398
325
346
407
542
324
407
312
353
343
847
500
350
383
340
485
356
350
376
490
531
409
358
364
394
322
351
477
358
361
356
1654
473
467
1973
96139
28071
28656
453
468
365
3309
366
515
331
356
1008
6073
540
600
449
368
373
378
395
506
457
332
1436
360
511
392
341
463
541
608
336
348
384
358
64917
382
348
336
367
514
337
347
372
341
873
175
119
1524
68
386
572
1524
496
363
332
339
363
395
366
388
482
330
325
453
4503
6081
478
453
607
363
381
10706
502
392
379
349
505
352
1520
314
326
474
377
406
338
315
398
338
349
401
382
393
366
500
385
573
463
512
546
52458
53621
53561
349410
716017
453
33519
297195
1666
302258
3158
393
9942714
688520
687993
400
393
9534113
562
336
562
453
367
335
355
342
1340215
474
1207968
1207364
619
1193831
1193265
346
376
342
401
359
345
2726
366
508
345
459
452
332
445
526
315
387
333
498
375
343
453
392
153220
312
11710
10778
396
4606582
4606272
352
4472354
4471839
332
372
384
411
416
405
373
396
393
339
385
403
406
3783730
397
400
404
409
358
407
312
375
373
453
3480074
131
117
408
345
453
368
376
391
405
367
453
366
453
378
321
376
360
1193
504
315
461
360
393
394
768
3815
586
510
645
363
279
341
342
379
368
366
318
483
552
371
5066
4178
352
371
336
344
361
337907
1453377
340
382
1329864
1330042
364
334
319
324
357
363
383
897845
322
334
335
343
346
371
313
315
323
307
186828
327
342
349
2779
362
13626
339
1605
566
340
349
359
363
357
374
385
339
79
227
47
44589
364
407
341
351
383
389
31
196
5835
371
93
14327
16767
382
15149
373
353
1649
2348
364
10942
549
3683
1320
334
630
353
13114
349
352
400
390
376
348
330
354
376
381
350
379
342
353
637
394
392
373
389
369
40676
386
395
396
365
393
2379292
352
493
337
358
314
438
348
354
383
966
456
484
474
339
338
4339597
378
175535
453
1272710
453
453
1273566
322
62683
61079
534
453
399
345
401
453
453
453
453
453
479
333
327
496
458
468
480
346
128059
1429
29164258
452
490
48757
2531
617
467
513
453
474
22662
453
1645
359
558
453
453
456
453
453
453
373
348
323
324
509
398
359
463
459
388
369
364
377
397
352
380
310
2216
508
453
434
325
356
979
356
323
2424
383
364
399
401
362
354
333
374
326
332
518
453
350
999
306
383
555
378
386
378
317
365
357
416
395
515
551
356
325
368
359
392
453
520
389
369
397
322
98
326
331
344
350
353
406
361
489
434
5490
5001
482
356
386
350
358
319
405
485
625
385
337
704225
56985
57535
7521131
14838
14772
349
345
334
543
453
2603
453
1181
353
388
644
445
327
392
338
335
453
509
365
392
462
353
776
406
324
453
356
506
435
472
504
541
379
498
384
347
358
359
365
347
366
3094
353
396
334
363
336
334
349
399
354
453
453
1034
342
337
368
464
522
376
351
401
2535
499
394
398
351
324
329
345
508
304
464
319
373
381
333
334
323
337
363
350
386
453
363
379
398
342
376
376
333
372
354
373
419
455
448
470
305
344
376
362
448
1059
487
389
374
370
353
403
354
376
381
354
456
461
510
956
541
403
350
499
517
6127
963
386
364
397
453
433
556
498
205
345
393
395
390
499
387
513
458
387
517
343
370
352
509
497
424
453
351
355
480
383
607
393
353
2337
2194
334
495
348
366
448
345
494
341
334
386
393
331
413
456
377
461
407
446
391
384
381
385
364
347
452
406
355
317
62
5977
10106
9557
5608
3659
372
453
453
453
453
453
813
363
257
476
452
97
354
374
453
471
363
487
344
336
350
374
326
336
382
438
336
453
334
413
382
501
509
322
325
354
304
395
332
350
501
391
290
2534
340
417
400
379
346
557
695
814
375
375
371
371
903
343
360
333
361
390
969
350
358
398
1507
410
397
345
395
357
392
518
523
375
327
352
376
361
390
392
376
330
341
374
388
333
396
343
660
408
364
290
354
403
369
357
680
361
399
368
458
364
361
826
346
412
336
372
328
361
373
395
499
1394
397
1157
396
390
348
384
386
365
347
354
370
390
392
341
313
452
372
374
12390
12967
384
372
453
414
324
465
616
494
375
392
398
324
369
369
330
370
337
347
373
334
535
348
361
340
373
364
352
398
312
343
567
81
453
608
487
377
347
391
460
410
389
373
335
405
334
379
389
404
370
453
453
453
401
69926840
69961480
368
618
21720
19650
368
384
348
334
374
387
21718
345
314
397
379
405
506
543
391
366
400
396
390
398
351
361
369
398
349
531
405
353
484
76565
8715
473
513
379
375
479
486
1679
453
453
312
357
340
326
334
1032
509405
510331
501
498
1190
357
528
384
518
358
446
520
453
490
456
342
453
383
436
500
536
541
390
1493
342
453
363
350
411
453
319
331
22243
461
336
5435
2117
342
453
453
419
349
355
453
453
453
1533
368
434
537
5662
433
385
453
518
330
516
514
1382
448
347
383
353
574
343
513
354
453
442
349
397
468
361
359
470
359
403
333
360
454
396
406
349
339
321
518
139
453
487
453
453
829
466
508
505
453
497
486
513
469
504
353
490
346
345
369
1762
358
454
458
552
379
382
366
6120
365
331
385
379
355
333
357
325
406
373
363
3581
368
354
363
379
345
377
528
1736574
1737147
1670623
1670114
442
3486
344
474
448
357
370
1010
2267
6397777
6397472
367
698
335
375
349
351
1001
305
363
535
345
363
332
345
402
704
320
349
332
553
353
367
680159
40354776
40354200
39986676
496
39363472
39362832
39153280
39153876
33704
34618
453
400
380
406
356
250375
398
367
572
458
364
356
378
336
322
354
894
337
4955
342
334
365
355
93
336
332
336
356
2853637
437
1547723
1604605
2591016
1183176
2573222
1165375
981371
392
1289028
791781
1315008
522193
716737
343
69048
56268
14609
45985
36627
53384
30735
164029
132524
890
4114
21812
328
383
384
412
395
386
343
376
372
6900
338
361
403
360
377
319
476
314
584
453
453
453
453
453
453
453
453
453
453
453
453
453
453
456
475
337
368
457
538
542
513
886
1816
4789
462
42719
42429
4481
408
484
1279
466
495
358
366
395
334
477
311
349
329
354
453
461
63310976
17791
325
331
360
356
351
358
393
362
499
340
375
314
364
342
326
380
350
328
2160
339
393
364
360
341
355
411
386
381
333
476
333
325
365
402
381
376
360
384
364
1425
473
374
346
337
370
1883
356
360
315
340
349
339
2609
340
405
388
374
380
324
403
465
362
127951
128874
5352
406
373
331
357
355
328
322
453
380
629
386
323
401
332
361
1982
312
382
453
453
352
365
342
404
316
396
453
411
453
407
525
329
396
37343
1448
453
10170
10671
486
341
341
453
326
349
382
510
347
330
398
331
339
345
357
476
472
352
388
378
344
394
380
328
465
349
360
393
467
351
391
386
379
528
474
323
331
443
433
321
340
520
550
453
505
346
449
346
360
332
355
502
487
458
352
302796
25384
608
522
343
2311
363
1386183
1386757
396
397
453
453
474
375
6089
479
5688
604
22980
143
486
453
398
547
474
483
509
2576
501
525
388
339
326
341
373
384
464
484
385
1709
508
477
489
550
324
21
476
5496
460
477
29183
30099
391
474
361
453
378
474
3375
16876
17571
351
414
4401
384
341
332
332
502
583
341
373
383
353
386
440
349
354
383
367
337
319
345
353
395
400
364
923
405
165
74991
357
453
366
378
479
387
465
346
387
12867
384
355
344
373
376
338
329
361
359
357
323
364
339
354
354
341
1749
392
357
401
311
419
361
12712
13661
871
5954
511
340
313
368
324
520
494
344
260
528
363
357
483
476
400
377
354
383
367
4739
483
359
392
392
351
358
405
358
399
375
482
394
379
358
356
349
346
349
409
574
312
381
462
314
360
366
389
342
1663
334
331
421
350
368
400
453
453
453
453
390
394
348
357
373
379
316
349
380
371
452
820
356
350
355
495
364
350
406
360
336
477
405
453
345
359
342
393
453
453
453
397
545
359
342
1161
358
816
1678
374
358
357
337
453
453
453
335
379
513
354
341
3508547
334
333
354
390
967
391
331
106979
106006
356
6505
363
371
470
363
359
19768
20580
532
378
1070
348
92231
91608
87675
404
85417
2943
3102631
396
2091
21712034
399
21595062
21720358
21554086
331
318
482
381
1153
313
453
48256
28871
41797
453
528
369
468
481
766
1060
2646347
1237
401
453
386
363
306
368
356
370
548
571
473
491
309
339
453
333
1141
315
508
491
343
605
318
347
357
516
447
327
1531
504
350
394
346
78161888
99512888
78161656
78180656
78182616
510
511695
510809
363
547
376
349
345
3184
489
341
453
97248
453
453
456
837
320
387
337
363
361
501
337
320
355
352
380
480
331
318
334
358
359
371
469
10850
540
4294166
4294440
9464
390
3792724
406
378
357
393
357
404
354
397
395
384
356
410
375
370
404
375
392
350
367
340
389
400
373
398
394
389
363
344
403
333
348
373
356
355
368
412
388
365
359
341
342
365
359
393
370
398
400
361
375
329
355
343
349
405
399
364
349
373
376
349
384
341
348
351
370
550
362
337
345
329
415
340
393
361
351
343
453
6662
324
1495232
320
344
2281591
11819
354
331
970568
343
359
315
327
353
340
323
355
334
342
311549
353
356
329
334
324
328
341
317
346
333
337
337
330
356
371
325
385
396
337
354
378
382
326
1392
3601
385
333
333
359
326
354
553
521
335
317
319
2841
344
339
353
340
495
398
405
412
343
360
351
342
1567
359
349
383
453
411
352
376
372
396
396
331
453
29
48
476
341
459
331
1715
5818
453
453
453
453
453
567
441
410
872
453
453
453
453
12775
1269
349
323
672
453
343
2123
525
495
387
408
508
487
367
340
407
378
344
444
362
394
362
355
360
353
305
364
872
534
392
360
336
321
353
338
360
376
212
344
347
354
369
351
323
437
442
477
354
381
363
349
727
336
478
374
372
343
384
343
341
353
414
341
367
343
332
333
376
381
340
329
490
341
319
453
371
354
312
478
1003
346
326
354
355
339
359
314
365
369
394
453
384
327
386
347
396
364
341
381
352
400
390
453
468
369
453
453
19944610
384
3230
403
434
560
519
505
453
453
333
194075
195044
194049
369
348
517
484
453
344
762
49140624
382
2735
452
316
2128
1433
755
434
1605
505
453
364
674
376
531
377
343
330
386
729
104
3820
530
21046
328
393
613
335
6961
388
9955
553
452
579
460
485
475
2208
582
242
385
469
479
453
476
882
434
433
501
447
511
530
4513
453
329
1115
387
329
450
458
475
396
347
526
321
454
1207
349
329
391
2772
452
505
324
453
328
557
487
308
364
8853
453
3440
374
353
350
350
379
476
353
486
21350474
387
324
479
412
466
453
342
370
394
354
356
345
354
336
315
384
365
356
356
342
330
339
453
714
453
373
387
306
378
351
385
393
361
351
345
396
363
328
334
348
408
378
369
387
369
353
402
488
454
367
371
369
323
358
395
336
336
389
1651
2327
362
447
397
336
400
537
371
1370
450
2629
338
388
401
364
457
351
391
362
352
547
361
342
330
348
326
363
339
337
322
358
442
331
334
363
360
347
453
330
327
333
368
406
360
393
388
343
362
343
334
393
337
409
389
390
365
362
533
333
358
372
371
362
386
371
355
367
332
324
358
364
340
506
345
358
354
347
371
361
351
357
329
355
453
329
337
351
380
335
363
362
348
319
380
332
452
361
405
1283
453
392
338
344
323
378
304
308
479
338
442
148
196
398
383
400
330
374
6116
500
453
501
361
603
101
445
350
488
375
334
407
576
388
401
1438
463
1735
474
334
315
407
409
312
378
371
344
355
2375
388
557
391
377
394
602
372
433
339
351
327020
327751
271322
358
412
134206
296489
295703
282917
282156
275648
274921
349
402
328
505
367
365
360
507
470
389
452
360
359
552
449
391
395
386
375
397
365
328
414
924
361
362
344
391
328
333
346
388
354
673
502
760
350
342
354
396
696
327
389
356
1103
405
414
335
314
310
394
348
490
432
405
380
373
305
364
335
339
344
390
346
393
312
386
343
318
460
400
378
348
493
313
408
374
632
16855
9247
5509
11414
5789
453
5662
453
24807
354
41235
342
22715
368
30977
353
51427
357
453
327
343
438
427
6551
440
413
374
276
18760
47471
411
427
429
438
399
414
426
420
20105
433
436
393
432
453
419
423
411
420
429
428
429
426
426
385
357
342
328
340
372
343
393
331
402
1353
347
369
453
129
453
462
328
453
453
5873
329
681
333
8074
325982
821582
17847
31299
1049345
12753
279233
294479
790041
386
322
96789
514683
389
332
914157
332
379
559101
379960
619686
312568
312
494875
414
358
450835
663446
317
311
330
186043
321
441948
12290
104293
36877
554662
23111
369
239039
453
333
127085
329
324448
388
336
331
353
45293
59913
204964
340
396
343
306
338
330
336
328
331
369
331
321
324
93759
453
128073
461388
339
378
453
215667
330
352
17647
453
330
326
332
322
453
453
348
326
453
453
453
407
396
400
336
19257
453
501
388
368
392
332
356
390
501443
500381
5197986
5188229
353
388
5058762
5055120
5054767
5054031
1724491
1723543
385
313
385
316
334
363
382
3305
470
341
398
338
509
327
320
383
457
350
346
333
4172
208
114
509
383
451
352
1412220
1413337
1292040
1421815
1420804
1421804
1424934
1424315
453
453
453
525
453
409
457
397
416
336
546
1943
480
317
404
453
331
357008
356421
490
487
357
453
453
137076
1176998
496
492
370
352
453
453
321
349
2195
134
383
674
947
322
499
453
470
134319
134180
134425
135214
500
481
487
361
6031
434
561
337
322
498
351
562
453
329
358
470
6093
9127
490
361
522
453
1059
496
153
440
467
328
334
2895
561
342
479
462
331
354
341
453
466
492
504
372
674
340
8304208
1685
340
512
328
378
349
337
349
375
394
1317
641
397
490
373
381
487
522
482
476
7121
508
383
2515
398
2763
5775
452
1672
336
383
350700
255767
327
401
481
525
36357
511
383
475
486
566
491
320
362
373
453
453
453
453
453
453
453
453
453
453
453
453
453
453
453
453
453
453
453
453
453
453
453
453
453
453
453
453
453
555
586
453
357
96215
393
312
146
460
488
1415
2651
433
513
24079
490
485
3288488
3287888
3308
3858
491
486
352
325
482
472
1485
505
498
479
482
346
365
1112
468
345
483
478
323
354
403
365
511
123
326
476
511
345
461
407
8183
346
485
553
453
67
945
254
424
468
526
1582
958
512
453
453
516
437
409
511
515
453
358
363
480
515
317
370
339
393
377
362
389
356
548
572
341
399
389
350
330
370
527
508
292
350
339
353
529
337
453
386
366
352
346
307
363
364
350
374
2301
500
381
465
453
453
362
346
467
500
522
645
386
494
534
809
499
400
327
457
4799
348
392
453
453
461
391
481
1167
982
387
497
512
344
366
499
369
391
348
337
498
350
1444253
1444808
491
339
355
322
356
381
409
364
387
345
453
352
779
327
369
386
344
381
351
357
344
337
367
350
318
355
365
375
394
391
391
401
398
584
317
491
374
345
327
328
506
365
392
324
685
348
346
361
347
498
343
358
392
367
359
405
376
336
396
356
397
348
392
330
310
376
450
460
326
399
362
392
345
318
348
334
391
389
350
369
360
410
547
335
497
414
368
371
3930
387
358
325
347
403
339
340
352
360
363
387
460
372
507
518
312
398
320
394
334
379
366
375
381
361
367
349
367
373
1685
453
323
374
319
380
354
348
384
336
335
555
351
378
332
400
542
372
390
355
478
1161
362
338
368
477
106112
348
374
2420
3668
318
1343
314
332
351
337
500
73875152
512
34025
37143
42832
328
365
378
23839
24710
377
24028314
401
473
335
321
783
480
344
353
353
331
365
453
1094
455
352
393
476
339
453
453
843
41846384
349
385
348
358
360
449
388
372
324
325
380
385
348
365
347
360
339
351
453
339
386
539
442
565
528
564
488
386
370
364
5906
1852
477
32
607
28076486
434
525
572
479
458
464
521
459
380
337
375
361
354
368
315
363
453
453
606
497
386
576
10301
350
317
960
483
348
137621
141023
2573
336
381
346
363
389
356
365
342
469
399
809
586
1001
553
467
329
374
365
342
475
353
434
356
730845
361
348
351
547
341
442
584
399
383
26522
26976
1439
508
361
489
494
418
487
326
347
356
453
374
354
340
357
361
339
347
86
3199
1736
335
363
499
75
375
401
410
405
432
341
376
493
404
752
360
453
362
403
364
342
405
321
382
370
475
351
488
547
481
452
388
355
310
359
361
357
359
378
328
398
345
383
357
31893
30844
31830
31263
367
350
344
320
360
357
369
453
330
335
4601
378
512
880
507
496
366
374
368
347
525
364
558
397
354
344
447
528
453
365
4241
453
361
670
334
367
495
453
453
459
480
540
453
453
326
454
352
503
320
509
400
389
453
341
340
364
442
470
324
66
388
309
405
384
412
405
385
445
467
522
382
1140
409
439
392
363
448
384
407
361
460
406
342
387
453
453
382
344
462
447
332
355
380
368
2174
363
353
500
333
363
406
377
335
398
345
327
546
399
394
362
388
332
400
360
402
391
357
393
354
335
323
342
356
355
360
393
325
330
396
365
343
372
411
384
359
396
396
511
981
380
370
771
368
395
399
328
392
336
313
339
538
338
345
408
398
396
406
391
119012
397
120012
372
120337
482
374
120203
385
399
143597
143596
144238
143195
17873
394
400
392
374
7817
352
339
395
405
330
373
393
385
385
378
511
27967
28909
392
875
9510
9856
1579
420112
453
258250
259252
547288
473
25024
24141
24093
25078
23844
23869
453
453
478
81312
453
453
46548
45497
327
453
344
372
470639
430
329
370
453
453
530
453
453
312
372
453
350
378
341
336
375
360
372
357
12026
453
390788
399
453
453
453
361
21592
1145804
397079
347
1964
357
329
354
360
355
395
364
304
369
334
343
506
373
364
434
8200
344
358
383
323
353
403
347
552
363
369
347
379
373
353
366
393
383
389
355
393
332
334
319
364
1157
392
391
323
406
341
466
325361
324570
55762
387235
387972
388830
305960
206452
207516
172092
433
1744
369
1047
367
522
353
457
436
473
358
410
2686037
2683636
340
380
332
364
355
524
336
395
453
453
453
479
322
369
364
1989476
1989050
922809
342
354
404
413
497
432
222
476
453
528
475
349
328
378
419
391
483
476
1150
512
531
452
405
373
376
353
356
376
356
375
381
361
325
330
335
352
314
357
332
367
379
460
346
348
343
369
409
526
344
365
488
389
373
313
357
308
319
405
389
337
371
358
453
500
354
535
506
497
3004
331
328
358
345
391
320
473
455
374
544
353
332
363
453
453
3275
6236
502
483
325
329
453
394
514
452
336
482
366
328
507
307
385
386
453
355
377
396
487
365
343
397
392
352
369
354
336
433
365
329
353
3234
467
453
453
480
376
343
355
382
522
452
367
357
345
403
414
2935
369
339
500
330
336
567
452
363
303
450
358
398
363
5073
494
484
501
351
2227
378
318
365
331
350
315
471
367
327
365
346
336
363
347
369
365
529
387
333
326
382
2615148
364
335
380
525
345
2207388
2132621
2132070
344
335
342
502
367
381
792486
783377
378
305
4976175
12385230
3499391
13207
12253
400
401
385
551
562
460
452
439
342
452
1169
374
2921532
308
6123
477
314
356
368
5749976
2204
391
362
343
528
377
338
333
369
453
347
405
391
322
345
389
341
362
375
337
342
376
367
376
453
372
334
445
386
364
462
357
457
7695
5260
378
336
349
332
554
494
640
396
371
518
453
2489
716
475
187
19047
402
505
534
924787
488
525
567
363
370
480
1177
426
798
414
305
1990676
1967871
1967166
350
355
394
519
370
376
326
401
344
340
340
380
9827
400
346
378
334
350
3541
336
345
377
396
379
497
380
401
346
330
368
390
346
400
379
331
354
401
513
413
372
384
356
353
360
361
421
384
388
343
349
345
385
365
372
399
490
395
353
405
338
13363
399
340
389
416
1254
360
394
444
394
345
319
380
395
393
352
403
453
453
310
391
337
336
356
389
379
345
78385
81117
390
453
348
319
339
386
478
381
373
379
398
371
368
352
335
393
351
403
415
443
356
391
633
493
349
537
353
389
399
331
405
361
331
434
497
453
407
330
323
506
356
453
453
346
387
376
348
353
387
367
638
481
412
323
602
366
393
325
310
538
399
400
376
1609
363
325
384
334
506
487
348
400
2101
381
472
456
396
330
382
371
381
346
335
410
320
54998592
343
54990064
54990872
344
385
373
2911654
341
355
337
342
338
377
369
1623631
2083543
2043395
6077
322
473
394
397
694
341
353
357
356
356
344
517
510
478
508
371
397
3230
2906
3278
2870
403
389
504
349
1115834
366
382
337
462
1772
407
547
447
336
346
453
384
453
453
362
71181
70218
412
106
3047
359
44
310
506
678
527
377
657
359
576
500
381
0
483
390
345
342
385
394
331
358
364
374
341
390
360
343
344
58962092
58966192
58965028
58965804
58965244
58964596
58972820
311
402
383
403
368
341
390
320
371
361
364
318
353
331
308
347
357
380
332
403
387
405
402
2677266
389
351
347
390
384
357
120
453
370
371
378
121038
372
348
363
400
353
347
373
151
372
360
361
336
342
354
336
364
340
357
360
342
381
453
453
364
363
334
351
344
343
384
453
453
453
371
371
371
336
335
370
393
345
956
356
385
336
355
348
344
343
1727
365
373
201723
346
365
315
354
11806671
11806743
351
2915138
6444
1742313
351
375
11800298
353
388
389
380
345
358
360
337
382
400
352
364
383
353
471
460
391
341
364
382
396
46857
2724
1266701
318
372
392
408
399
398
372
404
385
400
354
373
351
395
348
329
389
330
346
386
337
351
363
453
344
322
330
16063
6451
12711
1917246
337
1911209
6903
1357099
1566688
363029
478069
350
453
20319
1763818
342
194060
320
606932
268340
336
382
327
343
774680
329
347
336
287099
310
320
391
10633
401
352
355
362
389
360
348
351
337
402
357
347
405
343
350
359
386
381
386
310
395
344
358
387
480
800
403
338
330
338
458
451
357
391
443
373
487
70265
63754
63164
333
375
346
356
872
390
380
391
365
3156
387
348
339
321
434
427
567
506
491
505
452
432
311
306
580
503
504
384
453
204
464
347
1101
515
361
356
342
390
387
405
536
457
348
398
370
453
365
372
322
373
316
377
354
404
386
358
5862
366
464
327
325
341
307
453
336
362
362
364
405
327
453
357
342
4246068
4244610
350
327
4196146
4196789
357
349
349
363
349
487
565
451
355
403
330
321
316
372
348
7689
8628
469
455
360
343
375
383
318
348
333
392
386
388
339
397
413
863
353
453
453
456
4926
458
334
326
903
368
361
234
404
10352
520
342
497
588
363
353
388
404
549
365
364
344
347
488
374
355
1203
338
2689
383
388
605
394
340
667
501
365
399
375
472
411
475
349
368
6293
5710
340
450
369
360
519
453
363
293
398
889
389
396
370
305
364
371
368
367
2952
354
381
1367
319
364
370
386
358
372
392
349
325
383
450
402
419
377
979
410
532
341
387
373
363
466
389
347
341
373
346
350
348
477
355
324
366
476
360
369
500
403
471
365
401
345
390
407
321
460
354
625
540
360
170
437
362
374
453
328
380
391
358
453
453
321
327
353
413
380
371
382
367
349
370
401
313
354
714
402
387
371
370
402
404
497
326
384
361
340
334
458
329
369
338
385
381
328
1074
329
319
348
345
398
1209
359
402
547
333
362
371
373
360
310
369
368
330
350
316
371
365
390
99
357
383
318
465
347
365
353
349
522
322
358
341
328
359
344
378
390
374
548
350
352
365
368
337
362
580
358
372
361
1300
355
314
362
587
395
9563
315
643
395
341
315
344
367
436
496
333
324
331
357
377
487
391
371
349
486
408
356
381
378
394
335
313
390
355
941
376
1815
699
542
349
258
355
496
392
345
464
1232
350
353
314
343
362
313
406
374
337
393
346
386
344
450
453
453
370
352
354
366
363
367
1399
453
453
453
452
453
363
371
363
337
348
408
343
399
363
521
322
339
481
626
518
1529
6139
366
346
476
461
509
1680
317
486
2648
1930
3221277
3167997
367
3039532
3021450
3020917
2884497
4817140
4817863
4817763
4267
317
361
1934107
340
3710639
3709622
348
326
348
1175
863
366
539
363
342
378
354
353
352
359
379
375
375
395
453
453
1588
326
328
362
353
1069
351
325
453
453
316
501
346
368
375
485
333
527
333
327
398
463
328
350
507
340
380
367
538
354
469608
459872
447519
448244
426129
286472
287442
285012
285951
5556865
285868
359
474400
426745
427062
427358
390787
5271131
340
23650
102
376
403
395
357
4930390
3288416
453
314
420
379
151
405
357
453
4579935
369
347
353
358
364
389
392
1615
395
4585
280
2381
407
369
345
382
1781
446
377
344
389
332
421
146224
413
366
342
323
419
836352
369
439
423
344
905708
322
1176476
435
419
409
406
347
774321
396
432
428
445
342
325
389
353
2583
2087
350
363
314
333
351
597
384
366
393
394
393
398
435
411
1013
5108
417
403
350
379
348
3587
256
385
772
381
403
359
384
370
335
387
361
453
377
453
327
400
400
3902
357
349
469
3166
397
568
378
389
389
357
333
330
380
381
361
350
398
335
434
323
365
358
333
368
453
391
369
407003
1416146
374
384
343
328
394
417
363
537
201
362
347
346
341
325
397
339
383
351
348
342
384
322
142
434
433
362
310
28438762
28437954
345
522
341
453
355
376
327
106299
105162
106318
106313
107280
77021
12595
1724467
372
372
469
562
485
541
381
327
453
337
390
396
371
352
342
7792446
9270804
353
360
334
1526
365
377
346
360
348
376
330
473
318
364
354
393
357
392
334
539
395
372
348
353
424
5610
7041
54887
20001
19152
19295
341
10336
359
368
324
321
370
382
368
367
361
327
342
328
367
336
337
339
341
333
509
350
453
336
347
356
387
345
349
385
379
340
337
5084
2260
1307
339
363
362
359
342
367
382
329
339
363
352
368
360
321
356
480
372
369
545
391
364
371
19348008
19346014
372
915346
19334388
673738
674475
670229
670714
344
658402
593570
466
379
518
477
887915
887140
393
18629850
389
495
350
361
381
453
346
366
1419
451
330
350
566
363
362
534
365
400
348
312
332
453
367
371
318
350
373
519
496
392
361
543
353
341
328
352
3113
406
453
7951
453
332
321
350
2293
1602
349
332
2128
391
364
494
316
368
375
318
361
373
403808
332
347
362
356
364
391
315
369
389
339
315
381
335
357
393
363
349
379
398
343
413
384
335
325
341
406
400
366
37331
23593
996
342
348
363
343
342
352
396
502
356
390
401
364
383
453
374
360
499
365
404
355
376
632
326
359
363
477
508
348
333
356020
357065
374
317
367
349
452
387
542
469
403
491
543
543
340
445
508
507
6106
365
510
493
337
386
453
453
434
366
410
382
322
453
382
394
502
395
362
356
473
375
398
4292
371
341
371
345
330
380
354
346
455
343
441
400
348
484
371
358
350
352
330
390
347
371
355
329
367
518
453
351
653
341
337
351
425
315
444
370
1348
1186
362
361
347
476
323
356
333
465
399
372
362
332
335
361
450
379
253
3154
364
384
501
530
355
384
396
390
357
526
368
352
462
934
398
361
872
357
327
325
376
426
342
380
376
443
350
397
508
397
510
338
419
357
352
405
383
393
1095
501
338
351
1100426
400
50039
376
368
364
388
346
757
399
353
335
422
362
370
400
393
352
356
390
356
335
403
404
361
369
314
523
360
389
398
322
346
395
325
350
371
364
315
351
332
743
386
636
396
316
360
336
321
342
355
359
350
368
369
315
505
337
625
469
351
317
336
461
453
1037
1009
453
348
486
508
316
342
341
354
360
519
5390
386
475
551
1634
475
469
1328
347
443
475
453
486
938
343
1625549
1624968
1615040
1547087
1526648
1519578
1518828
375
472
390
1651
385
372
368
7572
1885
347
512
457
409
400
453
336
361
351
354
344
359
355
370
495
340
407
337
1094
378
349
364
355
371
382
392
19554
18523
34843
35694
350
453
381
453
453
345
351
356
367
319
365
349
434
1011
2758
347
59926
24178
4885024
4912424
374
347
328
328
340
336
390
358
19289
4134
356
819
361
360
330
453
333
359
360
312
328
342
366
453
453
394
355
345
351
340
329
356
381
1279
475746
476321
406
409
538
3566
964
8901
498
5365
5483
473
565
474
553
507
358
352
453
480
513
446
363
443
521
577
529
386
325
513
527
588
376
340
457
636
337
3603
343
529
993
453
453
453
496
452
478
478
363
379
381
522
386
342
1038
382
502
475
318
453
393
366
346
391
353
571
383
393
489
476
411
3492
355
385
453
509
337
542
513
523
4569
453
369
4019
494
358
184
344
2897
398
340
453
1996
391
354
471
471
379
368
375
466
557
1507
386
391
319
371
330
395
333
474
519
8581
453
453
513
516
535
352
453
525
803
453
491
551
351
428
392
485
338
312
476
512
1871187
1871563
404
1841
381
311
368
520
307
400
365
2719564
388
530
333
1219
349
348
344
394
490
337
468
1054
354
342
277
394
495
604
567
363
916
394
143
394
365
378
335
792
318
325
351
388
394
352
395
399
364
357
361
344
355
372
395
330
339
393
342
402
365
359
362
403
387
352
337
346
333
419
394
359
2172
349
346
340
405
372
397
334
394
404
519
363
361
342
360
390
379
386
392
344
396
350
761
337
401
400
507
409
411
402
386
315
345
386
316
366
391
414
409
477
590
604
374
352
497
342
391
321
338
313
3208
347
384
370
412
400
384
401
360
549
327
399
334
311
389
367
383
355
310
402
391
329
378
397
328
349
354
354
382
393
383
367
378
355
1593
322
307
334
453
347
311
325
388
324
332
388
395
369
327
369
394
365
345
473
361
378
1004
314
1082
356
363
363
393
321
382
334
371
342
393
453
352
328
320
355
2507
352
357
317
352
353
314
359
357
330
402
540
360
395
356
362
353
401
377
384
397
492
385
374
391
385
376
374
334
353
315
366
569
376
355
390
393
367
367
207
453
381
348
352
394
330
316
349
392
335
567
363
344
343
308
379
332
386
332
366
456
248
951
394
382
355
350
401
457
345
391
489
345
404
313
324
402
362
349
318
365
388
346
495
359
6639
16285
453
343
353
350
388
351
366
377
201
628
16
378
367
397
348
348
399
393
392
322
343
389
379
377
381
1988
368
326
378
384
358
311
357
413
402
363
338
397
453
453
8106
453
11875
2398
327
364
404
368
341
392
400
384
376
385
320
345
372
360
389
367
358
336
398
380
358
388
391
345
327
366
350
327
387
345
371
403
360
348
338
367
395
376
351
338
347
385
356
337
396
340
102216
370
338
340
699
343
372
367
346
337
39456
39879
39912
38933
350
1582
468
513
351
340
373
384
400
380
368
331
340
370
418
467
368
310
445
255
1154
340
368
348
349
323
332
391
362
335
360
358
325
410653
369779
370459
367851
366985
397
369
350
1806
349
364
3152
324
369
549
361
346
542
383
102278
101638
536
352
453
347
453
331
389
352
377
360
337
369
351
477
336
456
345
365
383
357
363
473
336
431
768
320
331
398
330
396
337
360
344
374
359
328
392
327
375
399
398
341
569
332
389
401
366
362
365
401
418
374
364
394
357
352
347
328
333
370
381
329
355
200311
199563
196203
82201
80485
399
373
344
388
357
383
370
349
361
362
457
58651
59445
62093
61110
313
366
352
372
480
384
330
998860
999833
22728
329
340
328
544412
543815
347
470001
376
420550
367
371278
259425
247134
360
317
461
517
328
567
338
653
3674
3389
2127
509
471
312
387
332
519
3405
383
46142
377
419074
419722
393
533
361
384
536
95097
94120
398
453
338
338
348
322
382
339
349
316
714
335
370
374
373
345
334
377
344
387
19
940256
353
356
352
383
306
338
361
323
348
2833
368
453
5119
350
342
341
6196
15290
31549
327
385
502
132
345
550
726
387
328
330
1946
352
357
1890
370
359
378
404
385
399
327
400
387
392
366
397
345
388
508
4335
339
327
388
338
488
2317
336
369
388
334
371
326
360
309
411
337
620
2309
331
453
320
343
371
334
222
453
453
453
453
453
453
453
453
453
2365
391
211247
207852
7702
453
354
404
397
453
367
316
347
342
568
322
367
1464
6361
383
335
333
332
382
349
510
396
617
353
336
370
201
373
361
335
458
67
358
348
743
350
350
377
347
364
346
334
343
411
393
328
335
341
348
474
381
2701
520
356
328
359
352
368
332
349
356
380
31887
169357
66985
67856
347
397
348
363
360
343
382
5092
396
2466
3416
2778
386
380
346
340
329
497
163930
168582
267690
268543
63746
64005
364
353
453
410
354
399
323
318
343
347
375
372
349
672
439
332
392
355
358
340
323
343
403
379
335
366
367
486
355
357
364
516
346
340
519
308
319
1019
348
357
472
1119777
347
506
313
341
375
329
323
351
310
1174333
392
364
376
572
361
347338
339
354
331
333
338
335
400
320
382
334
453
372
381
353
546
341
356
345
342
348
345
389
324
318
358
398
387
495
395
377
343
360
387
346
372
349
342
349
358
390
343
331
510
372
383
358
323
377
350
347
400
393
368
379
413
351
356
340
350
392
404
399
369
329
343
384
392
380
352
364
4652
4561
351
312
384
448
783
464
315
337
360
341
353
1595
342
326
368
322
367
42334
336
1620
269249
268262
294141
362
327
36198
35406
35075
27142
2041
359297
30120
29960
28866
29884
360
2804
472
39945
39450
39112
16710
12714
541
37618
36585
351
353
350
368
370
321
373
469
358
369
491
391
360
330
412
340
348
19692
18652
648
297146
349395
279573
405
366
376
367
389
383
56237
57210
56308
121554
65366
409
385
365
382
76873
351
64295
406
349
945
334
392
510
358
879
386
408
406
487
383
368
375
491
349
388
365
389
10029
9154
9999
335
334
598
400
673
331
472
345
349
396
345
566
342
4660
4064
361
352
363
372
366
389
497
341
365
392
397
441
366
368
345
358
344
356
377
393
264
1792
377
373
344
346
431
359
381
2033
513
33095
339
403
375
694
364
351
3282
473
384
340
352
492
408
340
333
541
358
347
326
3997
377
453
4210
467
363
457
337
402
394
362
352
465
348
1316
492
394
6086
3205
6529
2430
368
440
476
691
453
453
453
453
533
362
314
453
529
484
452
926
323
421
529
454
361
349
373
388
453
359
354
472
314
329
458
466
483
538
402
488
333
371
395
376
426
352
368
336
362
310
372
2694
450
392
367
514
468
393
505
471
74731
402
322
408
357
323
364
347
396
319
389
385
392
453
551
388
363
434
340
390
453
1200
356
326
370
337
5194
348
328
394
369
326
364
5073
3010
383
373
345
343
1936302
341
119439
125307
101177
93251
9163
76735
78717
11644
7171
23051
2280
646108
1714537
2244
342
369
381
353
325
329
327
336
168741
317
349
339
343
359
567228
1867120
358
354
356
8815
453
453
345
329
1141
453
453
370
453
1466
453
346
453
349
453
256
4409
350
453
8853
453
9205
453
453
453
384
339
453
874
453
453
921
4461
110
482
1513
315531
293
346948
313819
345915
7216
7355
453
453
453
377
436
453
374
373
453
453
453
453
341
334
350
327
343
331
453
546
2126
404
453
453
347
343
1298968
30950
417
426
406
31836
440
370
351
453
683754
453
362
326
376
1417
2794
629932
408
626639
349
362
621713
381
453
1188634
453
337
371
1181707
373
1183921
350
2765
453
442160
453
135725
223388
437190
1531960
453
453
453
453
453
753026
512237
488839
365
353
340
3136
341
456
349
376
352
360
327
453
359
361
380
453
349
346
350
347
374
453
938228
938892
933697
453
453
453
350
453
453
335
353
453
1082
453
513
453
324
463
410
453
453
156356
453
370
368
333
1906
354
419
395
400
453
453
453
325
349
453
349
453
342
402
344
359
395
390
329
330
410
354
346
1552
373
394
352
3459
301
15404
4295
51
12223
17417
11038
6108
2719
5141
341
7619
5024
3057
367
358
118047
187
388
350
414
6629
362
390
403
350
387
363
356
421
400
383
369
360
392
451
463
339
644
394
418
407
320
365
395
366
367
366
362
359
357
392
324
3329
346
360
342
309
321
513
357
353
2451
348
340
512
325
389
357
391
331
538
340
420
366
384
367
374
341
323
345
344
342
407
480
364
357
365
356
387
312
361
345
354
512
590
1222
338
359
373
383
1250
376
376
2773
400
328
481
453
453
494
363
2261
358
380
365
367
530
392
351
452
330
317
357
365
414
331
370
334
290
356
362
618305
585
319
368
453
383665
382933
401
359
1382
396
381
363
366
337
394
384
343
517
345
318
321
398
319
405
464
365
327
327
326
327
581
472
336
353
360
315
389
345
351
333
384
346
352
354
505
1623
507
6032
500
453
453
347
336
358
341
365
375
352
396
350
410
393
368
342
323
320
453
453
322
374
377
394
358
327
512
475
398
361
384
567
401
332
953
108
392
345
393
377
375
351
394
261
392
479
384
365
383
371
389
379
464
370
506
323
408
371
504
1137
420
342
354
391
490
346
345
373
341
376
348
389
407
968
378
413
604
930
393
382
358
410
405
342
353
396
413
374
453
385
394
362
349
373
380
319
331
453
453
365
352
352
405
339
402
413
1207
344
356
394
390
349
507
413
375
346
404
376
385
333
390
328
348
342
358
378
340
402
560
326
342
337
367
337
369
352
407
1930782
376
331
37397076
453
326
315
370
3530752
404
337
390
379
358
349
312
331
453
376
364
338
515
374
375
350
453
383
354
453
334
453
453
357
453
350
365
453
369
390
383
453
369
342
366
338
362
345
356
354
352
386
436
347
366
357
453
398
325
452
2696
2959
398
371
390
335
394
373
350
380
453
453
342
453
453
349
363
370
438
55739
52203
420
232292
350
383
453
363
362
453
453
327
331
453
311
367
453
21357522
326
453
453
453
453
543
453
343
368
361
362
362
689
325
400
368
45
10335
396
391
388
383
370
348
372
362
346
404
354
355
453
413
6787
332
369
379
453
367
392
377
339
397
2081
353
362
398
453
453
366
396
350
359
453
322
387
356
347
907
352
359
348
453
350
326
343
375
401
377
357
402
453
348
342
362
359
371
347
334
406
375
18608
19534
390
399
368
343
1333
983
453
3111
555
348
500
1363
338
366
453
502
468
465
6402
444
385
453
453
453
453
457
638
328
453
453
391
453
495
453
330
7634
5025
228
482
453
457
344
84
465
652
561
364
621
488
517
480
380
468
494
388
432
350
505
349
364
530
362
364
344
409
349
434
389
453
355
405
327
355
453
453
341
453
325
336
326
367
325
358
922
433
359
502
450
398
333
324
471
1153
474
355
374
357
370
413
400
490
515
346
401
340
492
518
451
536
360
4684
378
385
556
354
431
358
493
453
384
376
599
409
858924
480
362
356
408
405
528
491
403
318
372
355
328
343
1269
361
318
368
2077649
406
365
348
345
441
377
384
391
328
349
401
559
327
331
375
517
358
330
77019
77842
366
18323
383
319
309
404
370
395
320
361
516
789
709
393
395
396
358
406
311
383
386
384
345
393
366
315
393
355
625
397
209
331
343
540
411
409
360
97
384
362
415
375
347
366
391
406
383
347
377
357
332
366
362
345
509
324
339
366
377
1328
354
391
335
328
390
396
396
484
378
381
357
453
573
453
4332
368
348
358
362
349
2374
287299
284423
321
341
346
350
584
381
393
453
330
350
399
343
369
333
338
114907
1235
361
399
356
351
329
350
337
350
359
327
339
345
349
453
497
356
376
333
341
343
350
332
344
398
350
359
352
336
3653
369
360
328
453
453
357
370
5717460
352
370
406
369
373
391
399
487
324
355
8750
355
379
365
385
322
321
472
405
499
346
397
354
382
368
379
526056
323
2812
1606940
453
360
385
1302577
1302919
1303522
1296047
1295376
348
359
351
355
352
412
397
283
355
333
388
327
402
358
375
398
426
741887
322
339
200
382
361
358
348
370
372
369
1446175
1016908
1016104
362
373
376
386
3378598
378
355
360
356
434
48500
22670
21886
22774
22844
22176
23100
453
334
64615
65622
57238
58244
1172
1330201
320
453
361
1744137
372
330
2639
60088
395
1503
453
58808
34113
36633
338
400
379
338
382
477
388
224708
257007
256045
295574
253278
354
383
322
395
1754
343
339
371
495
365
337
346
2384
481
326
2724726
2724240
312
325
342
326
314
384
814
317
337
311
360
365
368
368
343
341
357
399
339
324
395
1333
347
368
375
327
377
348
391
390
356
465
482
341
358
1062
408
329
542
335
490
1025
370
363
337
6445
6459
5545
356
356
390
453
349
53050
344
392
386
336
347
561
4721
453
453
330
780847
407
411
389
376
337
363
346
456
380
363
358
364
330
333
390
334
331
333
335
4616
360
19176
347
386
334
358
346
376
380
367
342
391
348
375
344
340
348
320
394
333
355
352
336
318
337
335
565
472
388
359
348
12837
12613
370
374
343
383
373
334
377
327
365
400
330
362
348
362
385
364
632
407
392
366
347
382
335
411
359
336
1589
341
384
347
329
397
547
490
373
327
380
333
343
486
918
79
321
418
1972493
1971857
394
370
359
415
393
555
416
406
332
366
410
385
417
354
320
368
365
317
388
358
447
333
461
346
356
381
354
336
876
339
453
325
365
511
378
347
349
453
453
342
365
453
1737
385
481
401
320
393
369
516
350
340
352
394
404
371
394
388
376
367
368
409
416
383
379
366
612
325
395
395
342
327
326
367
396
390
396
379
353
354
347
353
381
384
340
398
340
392
369
1469
394
358
355
367
329
400
408
342
327
316
334
340
79550
18338
385
351
384
365
367
363
385
354
352
361
9815
391
402
403
359
395
398
395
375
382
405
390
15912
368
348
381
495
6769
355
357
365
353
347
393
331
370
333
360
6817
381
356
344
375
363
3165
397
3772
2377
2615
1528
2378
349
1981
401
398
337
5314
323
308
328
358
367
379
370
453
354
360
339
330
331
356
453
453
389
515
453
333
358
453
453
365
1920
1392
360
7971
399
50004
2087
353
394
3729
1291
83
1939
6224
4881
262
3189
773
398
392
964
453
392
353
453
7843
882
388
364
389
3848
401
399
399
380
453
352
398
364
392
1570
1760
481
370
367
382
358
337
337
1865
1055
481
11399
862
320
333
453
453
1048
348
293
5713
849
510
970
359
402
7199
387
7489
358
324
320
323
360
327
340
338
3106
183
362
453
453
329
384
387
346
374
1111
453
453
626
341
341
343
589
453
453
453
453
343
453
336
453
326
344
320
360
345
335
515
932
309
348
453
375
359
345
342
707
341
346
357
3874
4285
26659
379
392
10593
321
6990
1897
4448
362
387
367
307
453
340
350
453
352
453
453
453
314
366
453
453
453
324
341
349
365
344
332
327
342
358
363
344
351
352
6287
341
319
394
437
453
311
367
368
1139
412
384
393
361
357
352
2989
10163
369
456
476
453
453
360
397
353
368
453
337
401
380
367
393
394
389
370
1361
833
348
342
1085
2190
453
453
378
567
336
4615
453
453
436
337
453
453
351
349
360
348
381
378
330
343
34931
56610
29426
61646
69987
76750
87061
102190
132732
1198
48814
453
453
453
12547
21691
27961
42842
55013
63462
70476
79583
81629
94127
124989
458
357
376
568
24286
42308
49380
60153
65679
68126
6250
19728
28012
33419
41364
48134
61318
72941
85069
103595
11961
21724
27429
36575
42798
54655
66403
99086
371
361
8548
17690
26371
30468
39824
44927
56729
84776
5372
14696
20779
29296
33222
45018
77477
71261
8313
7386
25607
364
33764
5458
453
362
353
31522
339
349
10639
370
354
359
357
384
363
453
344
349
400
380
397
392
453
342
453
440
453
381
389
392
453
453
354
20628
9119
779
7793
668
328
396
382
351
346
346
453
453
437
353
3389
349
354
358
369
363
13709
402
371
395
383
377
360
11
951
396
382
402
389
395
343
398
398
390
366
383
42423
41695
42551
1160
386
350
11016
10629
397
453
350
363
363
16635
358
18289
228
15989
337
2363
15484
408
365
376
391
363
398
383
334
353
4370
357
361
361
373
393
320
389
353
332
396
395
386
337
453
399
405
402
330
393
406
578
388
400
393
386
389
409
388
392
396
399
403
344
400
383
398
414
375
382
385
385
407
400
382
344
367
376
388
98
382
487
391
394
366
399
398
399
387
393
386
405
349
383
396
415
403
406
396
363
403
356
396
372
393
366
261
460
372
349
384
348
407
453
387
331
401
335
590
466
389
453
453
453
453
453
453
453
